RPT_ID|ACCOUNTS_PAYABLE_START|ACCOUNTS_PAYABLE_END|LOANS_PAYABLE_START|LOANS_PAYABLE_END|MORTGAGE_PAYABLE_START|MORTGAGE_PAYABLE_END|OTHER_LIABILITIES_START|OTHER_LIABILITIES_END|TOTAL_START
739402|0|0|0|0|0|0|0|0|
727267|0|0|0|0|0|0|0|0|
738668|0|0|0|0|0|0|0|0|
739441|0|0|0|0|0|0|0|0|
736846|12|144|0|0|0|0|2595|2595|
737701|3896803|2086292|5021213|4708369|0|0|7459981|4002326|
736023|4000|4000|0|0|0|0|0|0|
730215|0|0|0|0|0|0|0|0|
732260|0|0|0|0|0|0|829|1710|
736860|0|0|0|0|0|0|0|0|
736865|0|0|0|0|0|0|0|0|
736181|0||0|0|0|0|0||
734118|0|0|0|0|0|0|0|0|
736572|13611|14286|||0|0|1604|2014|
735611|0|0|0|0|0|0|0|0|
729761|0|0|0|0|0|0|0|0|
734116|0|0|0|0|0|0|64991|163620|
733029|0|0|0|0|0|0|0|0|
736455||8521||0|0|0|7000|6000|
733909|||||2450816|2294271|287735|562076|
736246|0|0|0|0|0|0|561|561|
738521|||||0|0|||
734486|0|0|0|0|0|0|0|0|
736413|0|0|0|0|0|0|2796|2692|
736442|46670|56075|||0|0|1446|544|
735196|0|0|0|0|0|0|901|0|
736581|52541|39071|0|0|0|0|||
737880|55820|62252|0||0|0|1045|1470|
733937|71856|77696|||0|0|720||
736399|50452|57211|||0|0|3347|2935|
735402|0|0|0|0|0|0|0|0|
737775|0|0|||0|0|743|811|
735839|0|0|0|0|0|0|6794|1783|
735565|||||0|0|42672|1044|
736892|0|0|0|0|0|0|0|0|
732256|0|7360|0|0|0|0|0|0|
733671|0|0|0|0|0|0|0|0|
736406|0||0||0|0|9456|15481|
736678|0|0|0|0|0|0|0|0|
736004|2400|2862|0|0|0|0|0|0|
736356|119536|14136|||0|0|424697|534160|
736183|0|0|0|0|0|0|0|0|
739498||0||0|0|0|397031|1016998|
733841|0|0|0|0|0|0|0|0|
739730|0|0|0|0|0|0|0|0|
736759|0|0|0|1684783|474544|0|0|0|
737007|0|0|0|0|0|0|0|0|
735588|0|0|0|0|0|0|0|0|
736512|0|0|0|0|0|0|0|0|
736756|0|0|0|0|0|0|0|0|
736429|2915|0|0|0|0|0|0|0|
738452|0|0|0|0|0|0|0|0|
739503|0|0|0|0|0|0|0|0|
738404|0|0|0|0|0|0|0|0|
739715|0|0|0|0|0|0|0|0|
738763|16836|14243||0|0|0|163307|178869|
738989|7886|10806|0||0|0|0||
737060|26990|21234|0||0|0|20798|25025|
738501|0|0|0|0|0|0|0|0|
732807|0|0|0|0|0|0|267|215|
738331|0||0||0|0|278||
738631|0|0|0|0|0|0|2781|70|
738020|0|0|0|0|0|0|0|0|
736957|0|0|0|0|0|0|0|0|
736560|0|0|0|0|0|0|0|0|
738322|0|0|177233|172258|0|0|2738|405|
739267|0|0|0|0|0|0|0|0|
734070|0|0|0|0|0|0|0|0|
739710|0|0|0|0|0|0|0|0|
734953|199682|251836||0|0|0||0|
738966|0|0|0|0|0|0|0|0|
737945|0|0|0|0|0|0|0|0|
735217|0|0|0|0|0|0|7497|3928|
735395|0|0|0|0|0|0|0|0|
738541|3587|1433|0|0|0|0|0|0|
734324|0|0|0|0|0|0|0|0|
737332|0|0|0|0|0|0|0|0|
729898|||||0|0|||
738064|||||550141|522867|||
736658|52004|90381|0||0|0|0||
738769|||||0|0|||
738059|0|0|0|0|0|0|0|0|
738576|0|0|0|0|0|0|0|0|
735077|0|0|0|0|0|0|0|0|
739150|0|0|0|0|0|0|0|0|
739816|0|0|0|0|0|0|1626|1843|
738899|52069|73650|4892|0|0|0|179494|81890|
735064|29630|30997||149900|0|0|4554|4929|
728176|||0||0|0|21|0|
738341|0|0|0|0|0|0|0|0|
738460|0|0|0|0|0|0|3264|2054|
737395|8275||||0|0|||
738973|0|0|0|0|0|0|0|0|
736294||||0|0|0|90541|106846|
730551|0|0|0|0|0|0|1900|0|
731664|||||0|0|1824||
733541|0|0|0|0|0|0|0|0|
737145|1307|816|0|0|0|0|0|0|
738579|0|0|0|0|0|0|3588|1799|
737085|0|0|0|0|0|0|0|0|
738832|8940|5288|0|0|0|0|627|592|
739068|0|0|0|0|0|0|0|0|
737960|18959292|18654787|0||0|0|652227329|649971745|
728134|0|0|0|0|0|0|0|0|
734195|0|0|0|0|0|0|979|995|
736670|0|0|0|0|0|0|1578|0|
739813|0|0|0|0|0|0|0|0|
738246|0|0|0|0|0|0|0|0|
739023|98|0|0|0|0|0|0|0|
738729|0|0|0|0|0|0|3961|8273|
738348|0|0|0|0|0|0|0|0|
739815|0|0|0|0|0|0|0|0|
739562|0|0|0|0|0|0|0|0|
736136|987756|559515||0|0|0|72196506|75297957|
738383|||||0|0|2208|2646|
739477|0|0|0|0|0|0|0|0|
736653|6543|18952|||0|0|||
735479|0|0|0|0|0|0|0|0|
739351|0|0|0|0|0|0|0|0|
739510|0|0|0|0|0|0|0|0|
729768||||||0|885|2411|
739546|0|0|0|0|0|0|0|0|
733891|0|0|0|0|0|0|1687|1778|
733851|0|0|0|0|0|0|0|0|
730163|0|0|0|0|0|0|3215|4246|
739872|0|0|0|0|0|0|0|0|
739704|4202|3271|0|0|76380|4081|452|440|
734029|0|0|0|0|0|0|0|0|
733404|0||0||0|0|0||
730524|64|915|||120643|0|||
735930|0|0|0|0|0|0|2296|2518|
735973|0|0|0|0|0|0|20|0|
735549|0|0|0|0|0|0|0|0|
734685|0|0|0|0|0|0|0|0|
739536|0|0|0|0|0|0|0|0|
728612|0|0|0|0|0|0|0|0|
726514|0|0|0|0|0|0|0|0|
739892|0|0|0|0|0|0|0|0|
728057|0|0|0|0|0|0|0|0|
728504|0|0|0|0|0|0|0|0|
731603|0|0|0|0|0|0|0|0|
736103|0|0|0|0|0|0|1385|1547|
739425|0|0|0|0|0|0|0|0|
736626|0|0|0|0|0|0|0|0|
731705|0|0|0|0|0|0|0|0|
739785|0|0|0|0|0|0|0|0|
732660|0|0|0|0|0|0|0|0|
732541|0|0|0|0|0|0|0|0|
730625|0|0|0|0|0|0|0|0|
733676|3000|3000|0|0|0|0|0|0|
736801|0|0|0|0|0|0|0|0|
733322|0|0|0|0|0|0|0|0|
735433|0|0|0|0|0|0|0|0|
729314|0|0|0|0|0|0|0|0|
735853|0|0|0|0|0|0|0|0|
732304|0|0|0|0|0|0|0|0|
732165|0|0|0|0|0|0|0|0|
730564|0|0|0|0|0|0|247|227|
735639|0|0|0|0|0|0|0|0|
739179|0|0|0|0|0|0|0|0|
734752|0|0|0|0|0|0|0|0|
739198|0|0|0|0|0|0|0|0|
739851|0|0|0|0|0|0|0|0|
739717|0|0|0|0|0|0|0|0|
728393|18064|0|0|0|0|0|0|0|
730138|0|0|0|0|0|0|0|3844|
736781|0|0|0|0|0|0|0|0|
739432|0|0|0|0|0|0|712|1291|
731642|0|0|0|0|0|0|0|0|
739418|0|6824|0|0|0|0|0|0|
727220|5794|6096|0|0|0|0|0|0|
736473|0|0|0|0|0|0|3486|851|
739901|0|0|0|0|0|0|0|0|
734597|0|0|0|0|0|0|0|0|
739660|0|0|0|0|0|0|0|0|
729432|0|0|0|0|0|0|0|0|
730076|0|0|0|0|0|0|120|119|
736490|0|0|0|0|0|0|8705|11114|
730374|0|0|0|0|0|0|0|0|
739685|0|0|0|0|0|0|0|0|
739385|0|0|0|0|0|0|0|0|
736952|0|0|0|0|0|0|0|0|
736479||276||||0|||
738980|0|0|0|0|0|0|0|0|
739012|0|0|0|0|0|0|2175|2713|
739252|1034|1075|0|0|0|0|0|0|
737408|0|0|0|0|0|0|0|0|
739380|0|0|0|0|0|0|0|0|
735236|0|0|0|0|0|0|0|0|
728724|0|0|0|0|0|0|0|0|
736772|0|0|0|0|0|0|0|0|
733163|0|0|0|0|0|0|0|0|
737558|0|0|0|0|0|0|0|0|
739656|0|0|0|0|0|0|0|0|
736768|0|0|0|0|0|0|0|0|
732325|0|0|0|0|0|0|0|0|
739687|8500|6128|||0|0|||
739189|0|0|0|0|0|0|0|0|
730530|0|0|0|0|0|0|0|0|
730554|0|0|0|0|0|0|0|0|
733364|0|0|0|0|0|0|0|0|
729982|0|0|0|0|0|0|0|0|
730335|0|0|0|0|0|0|0|0|
732728|0|0|0|0|0|0|0|0|
730031|0|0|0|0|0|0|0|0|
730389|0|0|0|0|0|0|0|0|
721132|0|0|0|0|0|0|0|0|
730559|0|0|0|0|0|0|0|0|
736178|99193|47335|0|0|1443252|1400920|2603426|2012395|
729868|||||0|0|||
736020|1229|0|0||0|0|869|34|
734966|0|0|0|0|0|0|2117|46|
734618|3440|0|0|0|0|0|0|2924|
737078|0|0|0|0|0|0|0|0|
735105|445669|497836|0|0|0|0|0|0|
735842|2983|461|0|0|0|0|0|0|
734596|0|0|0|0|0|0|1396|128|
735342|0|0|0|0|0|0|0|0|
736053|||||0|0|2583|3894|
735816||0||0|0|0|6975|5683|
735691|0|0|0|0|0|0|0|0|
734356|0|0|0|0|0|0|0|0|
734554|||||0|0|791|0|
733596|||||0|0|||
735637|0|0|0|0|0|0|2593|7162|
735851|0|0|0|0|0|0|3749|1410|
735113|0|0|0|0|0|0|5755|514|
734051|0|0|0|0|0|0|0|0|
735054|1020|1027|0|0|0|0|0|0|
734937|0|329|0||0|0|21798|4397|
735190|0|0|0|0|0|0|0|0|
735683|0|0|0|0|0|0|9602|8816|
735276|||||0|0|6314|4471|
735676|0|0|0|0|0|0|774|294|
734859|0|0|0|0|0|0|0|0|
735088|0|0|0|0|0|0|1297|165|
734278|0|0|0|0|0|0|1625|1556|
734668|0|0|0|0|0|0|1780|753|
735838||0||0|0|0|15506|12968|
734470|0|0|0|0|0|0|1975|896|
732500|5193|5606|||0|0|||
735345|0||0||0|0|0||
735672||0||0|0|0|2655|1516|
735546|||||0|0|21952|4877|
733441|0|0|0|0|0|0|3301|1728|
734908|0|0|0|0|0|0|387|179|
735148|0|0|0|0|0|0|10870|4216|
736071|2330|458|||0|0|18815|18429|
735312|0|0|0|0|0|0|1134|185|
735530|0|0|0|0|0|0|12619|3276|
734888|0|0|0|0|0|0|1279|453|
734452|0|0|0|0|0|0|32684|31252|
733974|501|437|0|0|0|0|0|0|
733794|0|0|0|0|0|0|0|0|
734827|||||0|0|||
734569|0|0|0|0|0|0|1046|326|
735334|0|0|0|0|0|0|2133|617|
732220|0|0|0|0|0|0|1866|1118|
733368|0|0|0|0|0|0|0|0|
735437|0|7412|0|0|0|0|0|0|
738663|0|0|0|0|0|0|0|0|
739780|0|0|0|0|0|0|0|0|
739680|0|0|0|0|0|0|0|0|
733772|0|0|0|0|0|0|0|0|
728156|118|0|0|0|0|0|2587|0|
734561|0|0|0|0|0|0|0|0|
736632|0||0||0|0|0||
738566|0|0|0|0|0|0|0|0|
737653|0|0|0|0|0|0|133|117|
732945|0|0|0|0|0|0|97|116|
735998|0|0|0|0|0|0|0|0|
737933|564926|635982||0|0|0|||
738823|1136432|658802|||0|0|6979516|11215543|
728155|0|0|0|0|0|0|0|0|
736790|||||0|0|||
732821|0|0|0|0|0|0|0|0|
738666|0|0|0|0|0|0|0|0|
735026|0|0|0|0|0|0|0|0|
735497|509|496|0|0|0|0|0|0|
732776|13295|0|0|0|0|0|0|0|
732614|0|0|0|0|0|0|0|0|
730501|0|0|0|0|0|0|0|0|
736381|0||||0|0|5590|5278|
732924|0|0|0|0|0|0|0|0|
738517|||||0|0|||
739713|0|0|0|0|0|0|0|0|
739116|942|657|0|0|0|0|2087|802|
736069|0|0|0|0|0|0|0|0|
738641|0|0|0|0|0|0|0|0|
729745|0|0|0|0|0|0|0|0|
737934|0|0|0|0|0|0|0|0|
739439|0|0|0|0|0|0|0|0|
729150|0|0|0|0|0|0|0|0|
739399|367|0|0|0|0|0|0|0|
736888|8903||||0|0|681|55|
738375|0|0|0|0|0|0|0|0|
727461|0|0|0|0|0|0|0|0|
737754|0|0|0|0|0|0|0|0|
734135|0|0|0|0|0|0|0|0|
739125|0|0|0|0|0|0|0|0|
737500|0|0|0|0|0|0|0|0|
738979|7698|6448|0|0|0|0|0|0|
738981|0|0|0|0|0|0|0|0|
739185|0|0|0|0|0|0|0|0|
735072|0|0|0|0|0|0|0|0|
728897|0|0|0|0|0|0|0|0|
734292|0|0|0|0|0|0|0|0|
739091|0|0|0|0|0|0|298|184|
733960|0|0|0|0|0|0|0|0|
737425|0|0|0|0|0|0|0|0|
734146|0|0|0|0|0|0|0|0|
732730|0|0|0|0|0|0|0|0|
738335|0|0|0|0|0|0|0|0|
733881|0|0|0|0|0|0|0|0|
733017|0|0|0|0|0|0|0|0|
739430|0|0|0|0|0|0|0|0|
738879|0|0|0|0|0|0|0|0|
728354|0|0|0|0|0|0|0|0|
734703|||||0|0||0|
739144|0|0|0|0|0|0|0|0|
735993|0|0|0|0|0|0|1606|485|
730154|0|0|0|0|0|0|0|0|
738655|0|0|0|0|0|0|0|0|
729952|0|0|0|0|0|0|9|427|
733536|0|0|0|0|0|0|0|0|
730258|0|0|0|0|0|0|0|0|
737919|0|0|0|0|0|0|0|0|
729117|0|0|0|0|0|0|0|0|
738385|0|0|0|0|0|0|0|0|
739114|0|0|0|0|0|0|0|0|
736209|0|0|0|0|0|0|0|0|
733254|0|0|0|0|0|0|0|0|
737625|0|0|0|0|0|0|0|0|
739300|0|0|0|0|0|0|0|0|
730296|||||0|0|66639|3801|
738583|0|0|0|0|0|0|0|0|
734223|0||0||0|0|0||
734221|0|0|0|0|0|0|0|0|
738519|0|0|0|0|0|0|0|0|
727960|0|0|0|0|0|0|0|0|
736157|||||0|0|||
738592|0|0|0|0|0|0|0|0|
731609|0|0|0|0|0|0|259|551|
737352|2794|0|0|0|0|0|0|0|
733943|0||0||0|0|0||
738665|0|0|0|0|0|0|0|0|
739204|0|0|0|0|0|0|0|0|
738499|0|0|0|0|0|0|0|0|
728752|0|0|0|0|0|0|226|0|
738205|0|0|0|0|0|0|0|0|
738045|0|0|0|0|0|0|0|0|
733277|0|0|0|0|0|0|0|0|
736771|3236|3236|0|0|0|0|0|0|
739099|0|0|0|0|0|0|0|0|
737758|13762|0|0|0|0|0|0|0|
737268|0|0|0|0|0|0|0|0|
729651|13776|19080|0|0|0|0|0|0|
738235|0|0|0|0|0|0|0|0|
738249|0|0|0|0|0|0|158|0|
729040|0|0|0|0|0|0|3502|0|
739348|0|0|0|0|0|0|0|0|
737298|0|0|0|0|0|0|0|0|
738174|0|0|0|0|0|0|0|0|
738513|0|0|0|0|0|0|0|0|
739061|0|0|0|0|0|0|0|0|
739271|0|0|0|0|0|0|0|0|
737521|0|2693|0|0|0|0|0|0|
736749|0|0|0|0|0|0|0|0|
739361|0|0|0|0|0|0|0|0|
733021|0|0|0|0|0|0|0|0|
732575|0|0|0|0|0|0|0|0|
739282|0|0|0|0|0|0|0|0|
737203|0|0|0|0|0|0|0|0|
739433|0|0|0|0|0|0|0|0|
731690|2740|0|0|0|0|0|0|3881|
736067|0|0|0|0|0|0|0|0|
736732|0|0|0|0|0|0|0|0|
734978|0|0|0|0|0|0|0|0|
738676|0|0|0|0|0|0|0|0|
738873|725|433|0|0|0|0|0|0|
724541|0||0||0|0|0||
735532|0|0|0|0|0|0|0|0|
738510|0|0|0|0|0|0|0|0|
737383|0|0|0|0|0|0|0|0|
739109|0|0|0|0|0|0|0|0|
739539|0|0|0|0|0|0|0|0|
738744|0|0|0|0|0|0|0|0|
738325|0|0|0|0|0|0|0|0|
734068|0|0|0|0|0|0|0|0|
739905|0|0|0|0|0|0|0|0|
730137|0|0|0|0|0|0|0|0|
736352|0|0|0|0|0|0|0|0|
737661|0|0|0||0|0|0||
729060|0|0|0|0|0|0|0|0|
736870|0|0|0|0|0|0|0|0|
737876|0|0|0|0|0|0|0|0|
734692|0|0|0|0|0|0|0|0|
736549|0|0|0|0|0|0|0|0|
737938|0|0|0|0|0|0|480|10|
739528|0|0|0|0|0|0|0|0|
735755|0|0|0|0|0|0|0|0|
730172|3400|798|0||0|0|0||
739352|0|0|0|0|0|0|0|0|
737234|0|0|0|0|0|0|0|0|
730322|0|0|0|0|0|0|0|0|
738764|0|0|0|0|0|0|0|0|
728008|0|0|0|0|0|0|0|0|
739138|0|0|0|0|0|0|0|0|
738413|0|0|0|0|0|0|0|0|
738399|0|0|0|0|0|0|0|0|
727561|0|0|0|0|0|0|0|0|
734082|0|0|0|0|0|0|0|0|
738951|0|0|0|0|0|0|0|0|
738637|2616|3127|0|0|0|0|0|0|
738547|0|0|0|0|0|0|0|0|
738586|0|0|0|0|0|0|0|0|
730658|0|0|0|0|0|0|0|0|
735815|0|0|0|0|0|0|0|0|
739302|0|0|0|0|0|0|0|0|
738913|0|0|0|0|0|0|0|0|
737921|196617|145300||0|0|0|16325|13860|
737034|0|0|0|0|0|0|0|0|
732906|0|0|0|0|0|0|0|0|
736175|0|0|0|0|0|0|0|0|
736156|0|0|0|0|0|0|0|0|
730616|0|0|0|0|0|0|0|0|
735488||0||0|0|0|1070|551|
737278|0|0|0|0|0|0|0|0|
739073|0|0|0|0|0|0|800|1056|
736193|0|0|0|0|0|0|0|0|
738435|0|0|0|0|0|0|0|0|
732463|0|0|0|0|0|0|0|0|
736695|0|0|0|0|0|0|2537|0|
739885|0|0|0|0|0|0|0|0|
738360|||||0|0|0||
737435|0|0|0|0|0|0|0|0|
737358|0|0|0|0|0|0|0|0|
737307|0|0|0|0|0|0|0|0|
733291|0|0|0|0|0|0|0|0|
738622|0|0|0|0|0|0|0|0|
733861|0|0|0|0|0|0|0|0|
736551|0|0|0|0|0|0|0|0|
733996|19186|18882|||0|0|||
737084|0|0|0|0|0|0|0|0|
731836|0|0|0|0|0|0|0|0|
736604|0|0|0|0|0|0|0|0|
739567|0|0|0|0|0|0|0|0|
739058|||||0|0|||
720322|0|0|0|0|0|0|0|0|
735038|0|0|0|0|0|0|0|0|
738450|0|0|0|0|0|0|0|0|
738430|0|0|0|0|0|0|0|0|
739405|0|0|0|0|0|0|0|1827|
734268|0|0|0|0|0|0|0|0|
736037|0|0|0|0|0|0|0|0|
734646|0|0|0|0|0|0|0|0|
733138|0|0|0|0|0|0|0|0|
737571|||||0|0|||
738570|0||0||594606|583725|0||
736000||0||0|0|0||0|
735321|0|0|0|0|0|0|0|0|
738369|0|0|0|0|0|0|0|0|
736582|0|0|0|0|0|0|0|0|
737737|0||0||0|0|0||
729061|0|0|0|0|0|0|0|0|
735921|0|0|0|0|150093|142266|32166|31270|
737392|0|0|0|0|0|0|0|0|
737813|0|0|0|0|0|0|0|0|
739414|0|0|0|0|0|0|0|0|
737689|175|175|0|0|0|0|0|0|
736310|||||0|0|5524|6106|
730460|0|0|0|0|0|0|0|0|
735678|0|0|0|0|0|0|0|0|
736428|0|0|0|0|0|0|0|0|
738306|||||0|0|263|808|
736793|0|0|687|0|0|0|0|0|
736144||0||0|0|0|700|793|
737871|0|0|0|0|0|0|241|269|
739388|0|0|0|0|0|0|0|0|
734581|0|0|0|0|0|0|0|0|
735581||0|||0|0|1790|5035|
739154|0||0||0|0|169903|173975|
736693||0||0|0|0|4578|10771|
737608|0|0|0|0|0|0|0|0|
734227|0|0|0|0|0|0|2127|1899|
734972|0|0|0|0|0|0|0|0|
728002|0|0|0|0|0|0|0|0|
729579|0|0|0|0|0|0|0|0|
733104|0||0||0|0|0||
737470|0|0|0|0|0|0|0|0|
730499|0|0|0|0|0|0|988|0|
735394|20978107|15185674|||0|0|32944|101308|
733597|0|0|0|0|0|0|0|0|
729961|0|0|0|0|0|0|0|3510|
738344|0|0|0|0|0|0|0|0|
738300|1676|4414|0||0|0|7497|6450|
734993|0|0|0|0|0|0|0|0|
733484|0|0|0|0|0|0|2333|348|
730246|||||0|0|405647|399253|
739648|0|0|0|0|0|0|0|0|
738647|0|0|0|0|0|0|0|0|
736547|448775|976732||0|0|0|389394|1087043|
737974|0|0|0|0|0|0|0|0|
739230|0|0|0|0|0|0|0|0|
727694|0|0|0|0|0|0|0|0|
736622|0||0||0|0|0||
739894|0|0|0|0|0|0|0|0|
739218|0|0|0|0|0|0|0|0|
734136||||||0|35866|18644|
735353|1616|6408|0|0|0|0|44|1261|
734060|0|0|0|0|0|0|0|0|
737846|22289|36316|||0|0|4984||
734087|9000|22529|0|0|0|0|0|0|
737167|0|0|0|0|0|0|0|0|
739759|0|0|0|0|0|0|0|0|
729167|0|0|0|0|0|0|0|0|
730198|0|0|0|0|0|0|0|6226|
736078||1960|||0|0|4203|11357|
735290|0|0|0|0|0|0|0|0|
736350|1473|946|0|0|0|0|0|0|
727147|0|0|0|0|0|0|0|0|
730511|0|0|6434142|6381142|0|0|0|0|
732694|0|0|0|0|0|0|0|0|
736714|3682|2600|0|0|0|0|0|0|
735414|0|0|0|0|0|0|520|538|
739338|0|0|0|0|0|0|0|0|
727834|||||0|0|5423|3252|
736762|350|0|0|0|0|0|25|0|
737147|0|0|0|0|0|0|0|0|
738074|0|0|0|0|0|0|0|0|
735907|0|0|0|0|0|0|0|0|
737632|0|0|0|0|0|0|0|0|
739247|3362|2242|0|0|0|0|0|0|
731816|0|0|0|0|0|0|0|0|
738033|0|0|0|0|0|0|0|0|
739110|0|0|0|0|0|0|0|0|
737702|||||0|0|||
737222|0||||0|0|0||
735123|0|0|1078|460|0|0|0|0|
738046|0|0|0|0|0|0|0|0|
733177|0||101500|93500|0|0|5600|5600|
736483|||||0|0|||
739779|0|0|0|0|0|0|0|0|
739011|0|0|0|0|0|0|0|0|
737773|0|0|0|0|0|0|0|0|
738620||0||0||0|7046|2117|
739734|0|0|0|0|0|0|0|0|
739649|0|0|0|0|0|0|0|0|
735879|0|0|0|0|0|0|0|0|
732784|0|0|0|0|0|0|0|0|
738991|0|0|0|0|0|0|0|0|
729514|0|0|0|0|0|0|120|0|
739072|0|0|0|0|0|0|0|0|
737028|0|0|0|0|0|0|0|0|
738028|0|0|0|0|0|0|0|0|
736827|0|0|0|0|0|0|0|0|
733929|2233|7177||0|0|0|15699|38257|
739517|0|0|0|0|0|0|0|0|
739653|0|0|0|0|0|0|0|0|
736348|1097575|472660|||35763|17702|765026|878257|
734142|0|0|0|0|0|0|0|0|
735981|0|0||0|0|0|18863|22451|
737721|0|0|0|0|0|0|0|0|
737441|0|0|0|0|0|0|0|0|
739438|0|0|0|0|0|0|0|0|
737738|0|0|0|0|0|0|0|0|
739145|0|0|0|0|0|0|0|0|
737665|0|0|0|0|0|0|0|0|
731533|1791845|1063653|0||0|0|0|0|
733501|0|0|0|0|0|0|0|0|
732921|0|0|0|0|0|0|0|0|
735802|0|0|0|0|0|0|0|0|
738310|0|0|0|0|0|0|0|0|
738339|0|0|0|0|0|0|0|0|
739007|0|0|0|0|0|0|0|0|
739074|0|0|0|0|0|0|0|0|
737893||0||0|0|0||0|
739324|0|0|0|0|0|0|0|0|
737823|0|16207|||0|0|731773|137612|
739365|0|0|0|0|0|0|0|0|
737108|0|0|0|0|0|0|0|0|
738019|0|0|0|0|0|0|0|0|
736043|0|0|0|0|0|0|0|0|
737363|0|0|0|0|0|0|2657|2340|
734340|0|0|0|0|0|0|0|0|
737114|||||0|0|||
737448|0|0|0|0|0|0|0|0|
736728|0|0|0|0|0|0|0|0|
736722|0|0|0|0|0|0|189|154|
734693|0|0|0|0|0|0|1317|1371|
738507|0|0|0|0|0|0|0|0|
736118|0|0|0|0|0|0|4270|1357|
732532|0|0|0|0|0|0|0|496|
738327|8542|12553|0|0|0|0|0|0|
733756|||||0|0|1353|653|
739686|0|0|0|0|0|0|0|0|
736585|0|0|0|0|0|0|0|0|
738617|0|0|0|0|0|0|9232|8116|
732692|0|0|0|0|0|0|0|0|
739486|0||0||0|0|0|0|
737362|0|0||0|0|0|58049|6073|
733802|0|0|0|0|0|0|0|0|
739561|0|0|0|0|0|0|0|0|
734428|0|0|0|0|0|0|0|0|
737216|0|0|0|0|0|0|0|0|
737415|0|0|0|0|0|0|0|0|
739153|0|0|0|0|0|0|0|0|
736449|0|0|0|0|0|0|0|0|
730027|0|0|0|0|0|0|0|0|
735576|0|0|0|0|0|0|0|0|
737652|0|0|0|0|0|0|0|0|
739186|0|0|0|0|0|0|0|466|
732416|0|0|0|0|0|0|7364|11697|
735391|0|0|0|0|0|0|0|0|
728661|0|0|0|0|0|0|0|0|
739248|0|0|0|0|0|0|0|0|
734311|0|0|0|0|0|0|0|0|
734890|73751|56348|||0|0|526332|597826|
738875|0|0|0|0|0|0|0|0|
734932|0|0|0|0|0|0|0|0|
736108|0|0|0|0|0|0|0|0|
738382|0|0|0|0|0|0|0|0|
739190|0|0|0|0|0|0|0|0|
734144|0|0|0|0|0|0|826|635|
738272|9582|9582|0|0|0|0|2484|2109|
739502|0|0|0|0|0|0|1610|1451|
737753|0|0|0|0|0|0|0|0|
738091|0|0|0|0|0|0|0|0|
730196|0|0|0|0|0|0|1030|763|
738048|0|0|0|0|0|0|0|0|
736505|63526|10536||0|337631|303552|36702|66387|
738305|0|0|0|0|0|0|0|0|
737920|742094|696719||0|0|0|32291814|27841148|
738871|0|0|0|0|0|0|0|0|
739768|0|0|0|0|0|0|0|0|
737941|0|0|0|0|0|0|0|0|
737241|0|0|0|0|0|0|0|0|
735205|0||0||0|0|1374|1540|
736631|0|0|0|0|0|0|0|0|
737849|0|0|0|0|0|0|0|0|
736255||0||0|0|0||0|
738398|188777|53566|0||0|0|3466477|3473245|
737892|167217|136665|0|0|0|0|569010|722188|
739499|0|0|0|0|0|0|0|0|
735748|0|0|0|0|0|0|0|0|
736335|3974|0||0|0|0|2203|123297|
736602|0||0||0|0|0||
736439|||||0|0|||
733835|0|0|0|0|0|0|0|0|
735737|0|0|0|0|0|0|0|0|
737980|602670|678364|0|5604200|0|0|169215460|146962873|
739363|0|0|0|0|0|0|0|0|
736148|472202|216520|0|0|519663|311310|89500110|111278580|
736591|0|0|0|0|0|0|0|0|
739119|0|0|0|0|0|0|594|594|
737881|674666|789591|0||0|0|65055605|68332756|
736579|0|0|0|0|0|0|0|0|
736217|0|0|||0|0|||
738509|0|0|0|0|0|0|0|0|
737036|0|0|1900|1400|0|0|0|0|
739295|0|0|0|0|0|0|3307|0|
736133|0|0|0|0|0|0|0|0|
736072|0||||0|0|6127|5217|
739426|0|0|0|0|0|0|0|0|
737396|161779|116899|0||0|0|1121885|1214649|
735644||0||0|0|0||0|
738559|0|0|0|0|0|0|4280|182|
735640|0|0|0|0|0|0|3908|11720|
735824|0||0||0|0|21006|9735|
732632|25043|18648|||0|0|160880|130800|
736765|117954|122541|||0|0|||
735811|0|0|0|0|0|0|0|0|
730038|0|0|0|0|0|0|0|0|
737848|713974|674991|0|0|0|0|996441|1071050|
736808|0|0|0|0|0|0|0|0|
737870|0|0|0|0|0|0|0|0|
730496|0|0|0|0|0|0|0|0|
738648|0|0|0|0|0|0|0|0|
739529|0|0|0|0|0|0|0|0|
737972|0|0|0|0|0|0|0|0|
737152|2076|2188|0|0|0|0|0|0|
736417|218336|248088||0|0|0|959333|866960|
738733|0|0|0|0|0|0|0|0|
730474|2882|1739||0|0|0|1992|5277|
739130|9383|4494|0|0|0|0|0|0|
738642|0|0|0|0|0|0|11778|8014|
735579|||||0|0|||
738234|399380|472085|0|0|0|0|2015316|2112412|
737058|0|0|0|0|0|0|0|0|
737762|71149|75671|0|0|0|0|1504549|1795924|
737700|0|0|0|0|0|0|0|0|
733211|0|0|0|0|0|0|0|0|
738464|256|3840|0|0|0|0|15282|12066|
735912|34936|31807||0|0|0|31737|40135|
737614|0|0|0|0|0|0|0|0|
738022|3752|7271|0||0|0|259706|277871|
734459|0|0|0|0|0|0|0|0|
737119|0|0|0|0|0|0|0|0|
730552|0|0|0|0|0|0|4841|5687|
735226|0||0||0|0|1212|1104|
736402|0|0|0|0|0|0|0|0|
734782|0|0|0|0|0|0|0|0|
739791|0|0|0|0|0|0|0|0|
738544|234|0|0|0|0|0|0|0|
739605|0|0|0|0|0|0|0|0|
736608||0||0|0|0|63674|60097|
739183|0|0|0|0|0|0|0|0|
738911|0|0|0|0|0|0|734|728|
739853|0|0|0|0|0|0|0|0|
739564|0|0|0|0|0|0|0|0|
734086||0||0|0|0|645|9201|
737778|0|0|0|0|0|0|0|0|
738692|92179|154223||0|0|3303603|151911|645863|
736552|0|0|0|0|0|0|0|0|
739333|0|0|0|0|0|0|0|0|
737187|0||0|0|0|0|11009|1752|
739261|0|0|0|0|0|0|0|0|
736154|||||0|0|58998|54746|
730661|0|0|0|0|0|32384|0|0|
739319|2102|704|0|0|0|0|72|0|
738216|0|0|0|0|0|0|0|0|
738653|0|0|0|0|0|0|0|0|
731923|0|0|0|0|0|0|0|0|
738427|0|0|0|0|0|0|0|0|
739309|0|0|0|0|0|0|0|0|
739675|0|0|0|0|0|0|0|0|
735396|336734|406771|0|0|0|0|1803340|1525834|
739678|0|0|0|0|0|0|0|0|
738101|0|0|0|0|0|0|0|0|
737640|0|0|0|0|0|0|0|0|
736926|0|0|0|0|0|0|0|0|
731961|0||||0|0|||
729686|0|0|0|0|0|0|0|0|
729887|0|0|0|0|0|0|0|0|
739131|0|0|0|0|0|0|0|0|
737111|0|0|0|0|0|0|0|0|
738687|25397|10000||0|0|0|13390|0|
737446|0|0|0|0|0|0|0|0|
736917|0|0|0|0|0|0|0|0|
735369|0|0|0|0|0|0|0|0|
737734|0|0|0|0|0|0|0|0|
738694|0|0|0|0|0|0|0|0|
739390|0|0|0|0|0|0|0|0|
729345|0|0|0|0|0|0|0|0|
731756|0|0|0|0|0|0|0|0|
738780||0||0|0|0|729|1057|
737568|0|0|0|0|0|0|0|0|
732639|0|0|0|0|0|0|0|0|
738440|4994|3127|||0|0|42655|53060|
739093|0|0|0|0|0|0|0|0|
739679|0|0|0|0|0|0|1079|1200|
729963|0|0|0|0|0|0|0|0|
738919|0||||0|0|478|540|
736427|123127|71076|0|0|0|0|50880|30239|
738959|4309638|5197729|424929|231582|0|0|205306891|184082406|
735892|0|0|0|0|0|0|23869|10234|
730462|21379|10301|0|0|0|0|0|0|
734040|0|0|0|0|0|0|0|0|
736806|34662|34681|0|0|0|0|89417|61162|
732782|0|0|0|0|0|0|0|0|
729538|0|0|0|0|0|0|4486|4486|
739865|0|0|0|0|0|0|0|0|
735684|0|0|0|0|0|0|0|0|
737994|0|0|0|0|0|0|0|0|
729945|0|0|0|0|0|0|0|0|
736519||||908232|0|0|||
739146|0|0|0|0|0|0|0|0|
735638|||||0|0|||
738353|0|0|0|0|0|0|0|0|
737793|0|0|0|0|0|0|0|0|
736624|65471|59589|0|0|0|0|586497|719979|
737322|758|2876|||0|0|50000|50000|
735959|0||||0|0|||
734388|0|0|0|0|0|0|1631|1315|
739884|0||0||0|0|0||
735333|0|0|0|0|0|0|388|368|
737572|0|0|0|0|0|0|0|0|
735125|0|0|0|0|0|0|17107|19174|
738633|0|0|0||0|0|35630|24549|
739176|0|0|0|0|0|0|0|0|
738426|0|0|0|0|0|0|0|0|
732822|0|0|0|0|0|0|0|0|
737635|0|0|0|0|0|0|0|0|
736355|0|0|0|0|0|0|0|0|
736274|58738|51114||0|0|0|10991|2127|
738441|25774|19200|0|0|0|0|3141|2702|
736373|0|0|0|0|0|0|0|0|
736652|0|0|0|0|0|0|0|0|
735830|0|0|0|0|0|0|16301|19141|
738555|0|0|0|0|0|0|0|0|
735983|0|0|0|0|0|0|0|0|
739249|0|0|0|0|0|0|0|0|
738983|||||0|0|||
735535|0|0|0|0|0|0|0|0|
738309|0|0|0|0|0|0|60|246|
738423|0|0|0|0|0|0|0|0|
738037|0|0|0|0|0|0|0|0|
735112|0|0|0|0|0|0|0|0|
737174|0|0|0|0|0|0|0|0|
738918|0|0|0|0|0|0|0|0|
737961|63783|59441|||0|0|165911|124905|
739342|0|0|0|0|0|0|1498|3060|
736437|0|0|0|0|0|0|959|959|
736531|||||0|0|0|212|
735609|8670|9896|0|0|0|0|24812|17347|
735821|||||0|0|22900|66873|
738790|6692|20629|0|0|0|0|15867|34645|
738900|0|0|0|0|0|0|0|0|
739056|0|0|0|0|0|0|0|0|
735523|0|0|0|0|0|0|0|0|
732647|0|0|0|0|0|0|0|0|
738652|||229594|213941|0|0|1528|2512|
738677||0|||0|0|||
729968|15892|16271|0|0|0|0|0|0|
737266|0|0|0|0|0|0|0|0|
734636|10249|1657|0|0|0|0|296318|118314|
730621|0|0|0|0|0|0|435|134|
738634|0|0|0|0|0|0|0|0|
728220|0|0|0|0|0|0|0|0|
736742|0|0|0|0|0|0|0|431|
735487|0|0|0|0|0|0|0|0|
737663|0|0|0|0|0|0|0|0|
735350|0|0|0|0|0|0|0|0|
738018|0|0|0|0|0|0|0|0|
739021|0|0|0|0|0|0|0|0|
738042|0|0|0|0|0|0|0|0|
730208|0|0|0|0|0|0|0|0|
735104|77773|73327|||0|0|847411|847410|
738906|0|0|642375|601154|0|0|4008|3078|
737618|0|0|0|0|0|0|0|0|
739752|0|0|0|0|0|0|0|0|
734496|0|0|0|0|0|0|888|886|
737669|0|0|0|0|0|0|0|0|
735184|0|0|0|0|0|0|859|0|
737642|0||0|0|0|0|1069|6702|
738690|0|0|202232|166194|0|0|1150|700|
735942|0|0|0|0|0|0|0|0|
737666|||||0|0||0|
739836|0|0|0|0|0|0|0|0|
736456|0||0|0|0|0|98|790|
735807|0||||0|0|1768|5519|
738945|1023|454|0|0|0|0|1070|2968|
736890|0|0|0|0|0|0|0|0|
737710|||||0|0|||
734251|0||||0|0|11950||
735915|0||0|170900|0|0|9445|10824|
739098|0|0|0|0|0|0|0|0|
736488|0|0|0|0|0|0|372|434|
734219|||||0|0|4709|4711|
730249|4742|6693|0|0|0|0|0|0|
732589|0|0|0|0|0|0|0|0|
728481|0|0|0|0|0|0|0|0|
738345|0|0|0|0|0|0|2864|1344|
734260|83400||990644|0|0|0|1779||
734167|0|0|0|0|0|0|0|0|
738915|0|0|0|0|0|0|0|0|
738016|0|0|0|0|0|0|0|0|
736464|0|0|0|0|0|0|0|0|
732238|0|0|0|0|0|0|0|0|
735984|82619|76021|||0|0|226914|229102|
739090|0|0|0|0|0|0|0|0|
738800|0|0|0|0|0|0|0|0|
738870|0|61|0|0|0|0|88|0|
735241|0|0|0|0|0|0|0|0|
739391|0|0|0|0|0|0|0|0|
735465|53559|53608|0|0|0|0|8126|8074|
735368|84010|120646|0|0|0|0|1057346|1001746|
733557|0|0|0|0|0|0|0|0|
738914|0|0|0|0|0|0|0|0|
735818|19689|19508|0|0|0|0|143406|141223|
736170|85528|93700|1503303|1315960|0|0|181018|175590|
736425|96124|120838|0|0|0|0|651379|609534|
733624|0|0|0|0|0|0|3087|1166|
738445|0|0|34256|0|0|0|1789|1845|
739336|0|0|0|0|0|0|0|0|
739064|0|0|0|0|0|0|0|0|
739409|0|0|0|0|0|0|0|0|
739654|0|0|0|0|0|0|0|0|
737740|90274|93288||0|252186|241692|159944|148295|
739266|0|0|0|0|0|0|374|0|
738643|0|0|0|0|0|0|136|136|
738533|||||0|0|||
729725|0|0|0|0|0|0|0|0|
711218|301231|95291|0|0|0|0|14480427|14275769|
735591|0|0|0|0|0|0|0|0|
735482|85881|59228|1225711|21824|0|0|69657|102352|
733144|0|0|0|0|0|0|0|0|
738889|940065|978624|0|1002405|7099607|6937197|4208890|4562796|
734017|0|0|0|0|0|0|0|0|
739574|0|0|0|0|0|0|0|0|
739401|0|0|0|0|0|0|0|0|
736198|0|0|0|0|0|0|1981|2103|
735076|0|0|0|0|0|0|0|0|
736080|0|0|0|0|0|0|0|0|
736868|0|0|0|0|0|0|0|0|
737006|0|0|0|0|0|0|0|0|
738315|0|0|0|0|0|0|0|0|
738808|20138|16038||0|0|0|219218|315571|
739566|348243|108278|0|0|0|0|22049|7491|
738476|0|0|0|0|0|0|0|0|
734132|0|0|0|0|0|0|0|0|
738701|0|0|44556|41264|0|0|0|0|
737163|0|0|0|0|0|0|0|0|
735661|69971|78531|0|0|0|0|383362|358550|
736698|0|0|0|0|0|0|0|0|
733903|0|0|0|0|0|0|0|0|
734011|0|0|||0|0|||
734012|0|0|||0|0|||
733907|0|0|0|0|0|0|0|0|
733810|0|0|||0|0|||
733811|0|0|||0|0|||
733917|0|0|0|0|0|0|0|0|
733895|0|0|0|0|0|0|0|0|
733935|0|0|||0|0|||
733899|0|0|||0|0|||
733947|0|0|0|0|0|0|0|0|
735198|||||0|0|25634|36407|
733906|0|0|0|0|0|0|0|0|
733736|0|0|0|0|0|0|0|0|
738850|0|0|0|0|0|0|0|0|
739025|0|0|0|0|0|0|0|0|
736083|0|0|0|0|0|0|0|0|
739643|0|0|0|0|0|0|0|0|
738713|0|0|0|0|0|0|0|0|
739522|17706|15688|59382|47927|0|0|0|0|
737752|0|0|0|0|0|0|0|0|
729933|0|0|0|0|0|0|0|0|
735825|13707|9353|0|0|0|0|697213|667387|
735975|826357|1167047|0||0|0|10611825|16192393|
737834|0|0|0|0|0|0|3164|2129|
739118|0|0|0|0|0|0|0|0|
733197|29603|23761|||0|0|||
738005|0|0|0|0|0|0|0|0|
737912|4340|1100|0||0|0|0||
739416|0|0|0|0|0|0|0|0|
735668|||||0|0|||
737730|0|0|0|0|0|0|2546|44|
739050|0|0|0|0|210000|207861|0|427|
736575|0|0|0|0|0|0|0|0|
736106|0||0||0|0|0||
738495|1998|1112||0|0|0|2028|3067|
735887|0|0|5000|5000|0|0|0|0|
737655|0|0|0|0|0|0|0|0|
736400|0|0|0|0|0|0|0|0|
737948|0|0|0|0|0|0|0|0|
739047|53636|47901|175867|163348|71006|61528|0||
736787|0|0|0|0|0|0|0|0|
729217|0|0|0|0|0|0|0|0|
738675|0|0|0|0|0|0|25|0|
737745|6388|6024|0|0|0|0|86748|86738|
736412|0|0|0|0|0|0|0|0|
736142|0|0|0|0|0|0|235|5165|
734200|0|0|0|0|0|0|0|0|
736256|0|0|0||0|0|0||
739393|0|0|0|0|0|0|0|0|
728089|0|0|0|0|0|0|0|0|
738805|277024|80422|379904|298384|0|0|5550|5689|
739004|583880|336891|0|1888772|0|0|1139102|442626|
739270|0|0|0|0|0|0|0|0|
735456|||||0|0|||
735364|||||0|0|||
737243|0|0|0|0|0|0|0|0|
739344|0|0|0|0|0|0|0|0|
737615|0|0|0|0|0|0|0|0|
735724|0|0|0|0|0|0|0|0|
736564|0|0|0|0|0|0|0|0|
739662|0|0|0|0|0|0|0|0|
730372|0|0|0|0|0|0|0|0|
738421|0|0|0|0|0|0|0|0|
737888|4141|3691|0|0|0|0|0|0|
737306|||||0|0|||
737378|0|0|0|0|0|0|0|0|
736462|0|0|0|0|0|0|0|0|
737706|0|0|0|0|0|0|0|0|
739210|0|0|0|0|0|0|0|0|
736368|0|0|0|0|0|0|0|0|
735418|0|0|0|0|0|0|0|0|
737218|0|0|0|0|0|0|0|0|
732106|0|0|0|0|0|0|0|0|
736116|0|0|1455|1355|0|0|0|0|
737805|0|0|0|0|0|0|0|0|
736423|15686|13449|0|0|0|0|0|0|
737667|0|0|0|0|0|0|0|0|
737150|0|0|0|0|0|0|0|0|
738159|||||0|0|||
732936|0|0|0|0|0|0|0|0|
738024|24828|30566|||0|0|||
736640|0|0|0|0|0|0|0|0|
731750|0|0|0|0|0|0|0|0|
738737|0|0|0|0|0|0|731|1072|
737612|||||0|0|5288|5242|
736942|0|0|0|0|0|0|39|0|
737697|0|0|0|0|0|0|0|0|
738012|0|0|0|0|0|0|0|0|
736965|0|0|0|0|0|0|0|0|
734090|34598|79579|||0|0|459638|361661|
738485|0|0|0|0|0|0|0|0|
736049|0|0|0|0|0|0|0|0|
735705|0||||0|0|0||
730269|109334|37832|100000|100000|0|0|13091|0|
734727|0|0|0|0|0|0|0|0|
738003|0|0|0|0|0|0|0|0|
738374|0|0|0|0|0|0|0|0|
737117|0|0|0|0|0|0|0|0|
736215|17255|2817|848736|754169|0|0|100217|118663|
733450|0||0||0|0|0||
734487|0|0|0|0|0|0|0|0|
729324|0||0||0|0|0||
735393|0|0|0|0|0|0|0|0|
736147|0|0|0|0|0|0|0|0|
738089|0|0|0|0|0|0|0|0|
738021|0|0|0|0|0|0|0|0|
737847|0|0|0|0|0|0|0|0|
737873|0|0|0|0|0|0|0|0|
737644|0|0|0|0|0|0|0|0|
738029|0|0|0|0|0|0|0|0|
737971|||||0|0|||
737719|4010|0|0|0|0|0|0|0|
735297|0|0|0|0|0|0|0|0|
737908|0|0|0|0|0|0|0|0|
737835|0|0|0|0|0|0|0|0|
739412|0|0|0|0|0|0|0|0|
737610|0|0|0|0|0|0|0|0|
736968|7652|26576|4459|0|0|0|112335|31952|
734638|0|0|0|0|0|0|0|0|
739384|0|0|0|0|0|0|0|0|
737258|0|0|0|0|0|0|0|0|
739732|0|0|0|0|0|0|0|0|
736047|0|0|0|0|0|0|0|0|
736264|||||0|0|896|355|
736276|0|0|0|0|0|0|0|0|
730376|7698|7624|||0|0|101911|134824|
731695|0|0|0|0|0|0|0|0|
736414|8460|13007|0|0|184132|165250|13478|40055|
728829|0|0|0|0|0|0|0|0|
734153|0|0|0|0|0|0|0|0|
733381|0||0||0|0||0|
731892|0|0|0|0|0|0|0|0|
734010|0|0|||0|0|||
733963|0|0|||0|0|||
733816|0|0|||0|0|||
732620|0|0|0|0|0|0|23936|8434|
730176|||||0|0|||
738092|0|0|0|0|0|0|0|0|
735147|0|0|0|0|0|0|0|0|
739621|0|0|0|0|0|0|0|0|
735427|0|0|0|0|0|0|0|0|
735734|22074|14136|0|0|0|0|164844|149380|
736065|16651|15321|0|0|1780163|1740265|155296|140337|
738803|30135|14487|||0|0|||
736944|0|0|0|0|0|0|0|0|
734130|0|0|0|0|0|0|0|0|
737854|541|545|0|0|0|0|0|1202|
737074|108890|39592|||0|0|||
738768|0|3935|||0|0|0|4770|
737316||0||0|0|0||0|
738883|493012|402053|0|0|0|0|213443|239891|
735714|0|0|0|0|0|0|101|83|
736565|0|0|0|0|0|0|0|0|
732622|0|0|0|0|0|0|0|0|
737461|0|0|0|0|0|0|0|0|
737782|0|0|0|0|0|0|0|0|
733777||0||||0|||
733708|0|0|0|0|0|0|0|0|
733746|0|0|0|0|0|0|0|0|
738638|0|0|0|0|0|0|10636|8230|
738078|0|0|0|0|0|0|0|0|
732968|0|0|0|0|0|0|0|0|
736159|0|0|0|0|0|0|0|0|
739745|0|0|0|0|0|0|0|0|
738997|0|0|0|0|0|0|0|0|
735697|0|0|0|0|0|0|0|0|
735800|0|0|0|0|0|0|0|0|
739285|0|0|0|0|0|0|0|0|
737771|0|0|0|0|0|0|0|9|
738844|0|0|0|0|0|0|0|0|
735633|||||0|0|681|981|
732675|180619|15946||0|0|0|41193|39803|
739122|13987|28430|0|0|0|0|0|0|
734286||0||0|0|0||414|
739586|0|0|0|0|0|0|0|0|
734155|0|0|0|0|0|0|0|0|
737965|1801|1801|||137110|121352|3500|3500|
737346|||||0|0|||
734137|16137|19198|0|0|0|0|0|0|
730461|||||0|0|7018|9812|
739548|0|0|0|0|0|0|0|0|
737195|0|0|0|0|0|0|0|0|
739727|0|0|0|0|0|0|0|0|
739718|0|0|0|0|0|0|0|0|
733815|0|0|0|0|0|0|0|0|
733681|0|0|0|0|0|0|0|0|
733763|||||0|0|1816|3163|
738224|950|675|||0|0|232495|246484|
733698|0|0|0|0|0|0|0|0|
733679|0|0|0|0|0|0|0|0|
733913|0|0|0|0|0|0|0|0|
735792|55248|0|0|0|0|0|45468|116516|
735885|0|0|5000|0|0|0|0|0|
735862|0|0|5000|5000|0|0|0|0|
735880|0|0|10000|10000|0|0|0|0|
735891|0|0|10000|10000|0|0|0|0|
735883|0|0|5000|5000|0|0|0|0|
735878|0|0|5000|5000|0|0|0|0|
739359|0|0|0|0|0|0|0|0|
735882|0|0|0|5000|0|0|0|0|
731725|5099|0|0|0|0|0|0|0|
734974|111648|132668|0|0|0|0|5896|403|
738498|||||0|0|837|1003|
738847|0|0|0|0|0|0|0|0|
735600|0|0|0|0|0|0|35210|28713|
736357|0|0|0|0|0|0|0|0|
738965|0|0|0|0|0|0|0|0|
737242|0|0|0|0|0|0|0|0|
739761|0|0|0|0|0|0|0|0|
736596|580|0|0|0|0|0|0|0|
736167|0|0|0|0|0|0|653|849|
739659|0|0|0|0|0|0|0|0|
736329|||49984|42097|0|0|34199|57651|
739879|3784|1059|0|0|0|0|0|0|
732565|0|0|0|0|0|0|0|0|
735958|0|0|0|0|0|0|0|0|
738260|0|0|0|1747|0|0|0|1928|
738736|27947|16907|||0|0|||
732627|49840|56125|16939|0|0|0|1318|17417|
734097|0|0|0|0|0|0|0|0|
737915|6389|6590||0|0|0|7126031|8506116|
736385|13258673|18968540|0|776575|22624737|22142489|55479027|60172796|
736786|0||0||0|0|37944|52611|
735174|54756|24492|0|0|0|0|453711|293696|
731825|2248|0|0|0|0|0|217948|217948|
736964|1774411|1394632||0|0|0|323212|179383|
730590|6275913|6982633|0|0|0|0|2146137|2395284|
730509|372127|531533|||0|0|3974|27894|
730528|0|2544|445095|0|0|0|331231|317489|
736371|255806|26846|4433000|3784000|0|0|476135|389450|
732245|1928322|1262118||0|0|0|26130112|29289744|
736387|2185190|2697014||0|40436494|39467366|17920679|16741520|
736711|2569707|2143298|15351833|14551833|0|0|148525|208324|
735728|2364067|1689682|662560|1581861|0|0|186531784|241229005|
737379||2111|||0|0|||
731730|0||0||0|0|0|63840|
734678|86361|105715|0|0|0|0|2081855|2451121|
730169|0|0|||0|0|9869|5316|
736343|1221276|637107|0||0|0|7357111|8131502|
739770|0|0|0|0|0|0|0|0|
730601|0|0|||0|0|1285392|1294578|
735764|969|59763|0|0|0|0|88078|44346|
732584|574680|294206|||0|0|30511909|43411418|
734185|7337221|5739944|0||0|0|268052026|261311982|
736014|351300|276531|0|0|0|0|4996142|12685235|
738004|0||||0|0|51025|186311|
736227|486056|272832||2092512|0|0|220674|401819|
730666|670145|530244|0|0|0|0|941869|998723|
738403|1025583|1210593|0|2100000|0|0|4884469|5625786|
733914|4219||||0|0|||
739034|||||0|0|||
737973|18995132|25882446|0||0|0|26909827|28350575|
737208|0|0|0|0|0|0|123|123|
737464|1544|0|0|0|0|0|0|0|
734186|0|0|||0|0|1116325|1194462|
734710|778116|867202|||0|0|11417782|11558512|
730568|1848050|2008456||0|0|0|32033661|35248078|
737124|0|0|0|0|0|0|0|0|
734799|0|0|0|0|0|0|0|0|
736871|||7464|292|0|0|43|0|
729790|0|0|0|0|0|0|0|0|
729983|0|0|0|0|0|0|0|0|
734951|0||3502|0|0|0|1227|1468|
737104||||0|62130|49634|||
730139|0|0|0|0|0|0|0|0|
733231|0|0|0|0|0|0|4212|2355|
715038|||||0|0|4001||
735098|0|0|64355|11694|0|0|12513|14915|
739217|0|0|0||0|0|525|569|
736002|0|0|0|0|0|0|0|8275|
734408|||||0|0|11499|9463|
737875|0|0|0|0|0|0|0|0|
737937|45460|66996|0|0|0|0|5893|7283|
735574|0|0|0|0|0|0|0|0|
739447|0|0|0|0|0|0|0|0|
730127|0|0|0|0|0|0|0|0|
738453|333892|298872|||0|0|853857|1595960|
738948|||||0|0|||
737282|0|0|0|0|0|0|0|0|
738933|0|0|0|0|0|0|0|0|
734431|0|0|0|0|0|0|0|0|
737488|0|0|0|0|0|0|1150|1281|
735273|0|0|0|0|0|0|58456|76141|
736143|45251|140882|0|0|0|0|1620410|1190985|
734947|31598|32858|||0|0|1943|1995|
738890|0|0|0|0|0|0|0|0|
734789||0||0|0|0||0|
739339|0|0|0|0|0|0|0|0|
735524|||||0|0||2171|
739356|0|0|0|0|0|0|0|0|
739568|0|0|0|0|0|0|0|0|
732941|0|0|0|0|0|0|0|0|
734627|0|0|0|0|0|0|11869|7454|
735460|65287|88034|||0|0|45379|39146|
736392|2600567|1280784|1121099|1061892|0|0|1378084|1458208|
739006|454|860|0|0|0|0|0|0|
738667|0|0|0|0|0|0|0|0|
736673|0|0|0|0|0|0|0|0|
738195|||||0|0|||
738826|282260|186719|26336|7090|0|0|12338|10077|
732264|0|0|0|0|0|0|1533|1423|
736739|0|0|0|0|0|0|0|0|
738932|0|0|0|0|0|0|0|0|
734788|0|0|0|0|0|0|0|0|
734368|0|0|0|0|0|0|0|0|
729946|0|0|0|0|0|0|0|0|
736358|0|0|0|0|0|0|5208|5208|
736720|0|0|0|0|0|0|0|0|
739076||0||0||0|93|291|
738609|823|823|0|0|0|0|1158|3690|
736254|0|0|0|0|0|0|0|0|
736524|0|0|0|0|0|0|0|0|
737767|161886|108273|||0|0|||
738207|0|0|0|0|0|0|2492|1437|
736556|12072|104398|3320642|2539528|0|0|141778|58904|
736389|0|0|||0|0|0|0|
738400|0|0|0|0|0|0|0|0|
736536|1259|1295||15945|0|0|0|0|
736525|0|0|484273|427084|0|0|4423|4328|
738171|0|0|||0|0|||
737705|0||0||0|0|7672|4277|
728702|2438|757|0|0|0|0|168|0|
739523|0|0|0|0|0|0|0|0|
734159|110388|40826|||0|0|13744|11429|
738607|4954|1229|0|0|0|0|0|0|
736223|0|0|0|0|0|0|0|0|
738939|5700|0|0|0|0|0|0|0|
737128|11365|3500||0|0|0|859|569|
735531|35844|38092|||0|0|3814|3474|
736460|0|0|0|0|0|0|5800|12421|
735584|0|0|0|0|0|0|1452|1161|
736304|||50611|38405|0|0|1862|2522|
735129|||||0|0|||
735722|77482|70900|1088472|793917|0|0|||
736486|||17436|13070|0|0|6704|11174|
735669|505|2033|||0|0|||
739377|0|0|0|0|0|0|1700|1178|
738840|0|0|0|0|0|0|0|0|
731979|||||0|0|||
734694|57628|55305|0|0|0|0|118598|26473|
739278|0|0|0|0|0|0|24371|24138|
735797|||||0|0|4572||
736005|39461|40906|0||0|0|||
736721|0|0|0|0|0|0|0|0|
738773|||||215785|109587|||
735979|108140|203964|30099|0|0|0|0||
733766|0|0|0|0|0|0|0|0|
739842|0|0|0|0|0|0|0|0|
739184|0|0|0|0|0|0|0|0|
735154|0|0|0|0|0|0|0|0|
734667|0|0|0|0|0|0|||
736471|0|0|0|0|0|0|0|0|
733500|0|0|0|0|0|0|0|0|
735168|58507|58900|0|0|0|0|8732|6659|
736195|0||0||0|0|577|11854|
729884|0|0|0|0|0|0|0|0|
739707|0|0|0|0|0|0|0|0|
729941|0|0|0|0|0|0|0|0|
736261|0|0|1853408|0|0|0|0|0|
736476|0|0|0|0|0|0|0|0|
739303|0|0|0|0|0|0|0|0|
735340|0|0|0|0|0|0|0|0|
735377|0|0|0|0|0|0|1070|1088|
739382|0|0|0|0|0|0|0|0|
737250|1465|2293|4769|626|0|0|26610|23825|
736034|72262|10754|0||0|0|62197|57998|
737427|0|0|0|0|0|0|0|0|
730555|0|0|0|0|0|0|0|0|
736074|70095|135125|0|0|0|0|21441|0|
734148|6385|7298|0|0|0|0|47462||
733586|0|0|0|0|0|0|0|0|
737039|0|0|0|0|0|0|0|0|
737047|0|0|0|0|0|0|0|0|
716012|0|0|0|0|0|0|1809|0|
730313|0|0|0|0|0|0|0|0|
735971|11564|10618|10690|0|0|0|4825|4765|
736045|0|0|0|0|0|0|24|0|
735090|11048|1242|||0|0|15910|20648|
738193|0|0|0|0|0|0|1394|1799|
735914|0|0|||0|0|35977|1044|
736998|0|0|0|0|0|0|0|0|
734991||0||0|0|0|5031|6031|
729960|0|0|0|0|0|0|0|0|
734931|0|0|0|0|0|0|0|0|
737412|0|1897|0|0|0|0|0|0|
734057||0||0|0|0|40408|31261|
737964|0|0|0|0|0|0|0|0|
735707|0|0|0|0|299029|278725|123183|176933|
738904|0|0|0|0|0|0|237|850|
734488|0|0|0|0|0|0|2584|3846|
739810|0|0|0|0|0|0|0|0|
737709|0|0|0|0|0|0|0|0|
731579|351204|364734|3779715|3699129|0|0|37628270|41652657|
733669|0||0||0|0|19815|23690|
737127|4324|3295|0|0|0|0|0|0|
737530|0|0|0|0|0|0|0|0|
738161|0|0|0|0|0|0|0|0|
738715|0|0|0|0|0|0|0|0|
735442|0|0|0|0|0|0|83731|70506|
735131|||||0|0|703|643|
736500|0|0|0|0|0|0|2848|1720|
733869|0||||0|0|||
736092|0|0|0|0|0|0|0|0|
739524|0|0|0|0|0|0|0|0|
739584|0|0|0|0|0|0|0|0|
736361|0||0||0|0|16290|16320|
738520|0|0|0|0|0|0|7902|7822|
734869|0|0|0|0|0|0|0|0|
735944|0|0|0|0|0|0|5042|5532|
732956||0|||0|0|3787|4189|
738681|0|0|0|0|0|0|1611|1379|
739663|0|0|0|0|0|0|0|0|
734878|48062|29407|0|0|0|0|24960|22294|
735406|416|162|0|0|0|0|2222|3064|
737010||307871||0|0|0|158857|6404|
734986|||||0|0|||
730290|||||0|0|||
739699|0|0|0|0|0|0|0|0|
736218|||||0|0|59212|62267|
735906|31913|33101|0|53058|0|0|22479|11656|
732159|0|0|0|0|0|0|435|102|
729849|0|0|0|0|0|0|0|0|
735777|114858|94326|0|0|0|0|54614|53092|
736057|0|0|0|0|0|0|0|0|
736362|||||0|0|4073|3189|
736268|||||0|0|||
738893|14425|2259|0|0|0|0|0|0|
734696|52314|46510|0|0|0|0|0|0|
730040|0|0|0|0|0|0|433|413|
735941|737|528|0|0|0|0|0|0|
732628|0|0|0|0|0|0|0|0|
730161|0|0|0|0|0|0|3898|3890|
736544|0|0|0|0|0|0|0|0|
738168|0|0|0|0|0|0|0|0|
737757|0|0|0|0|0|0|0|0|
735763|24203|26154|||0|0|38484|38268|
736820|0|0|0|0|0|0|0|0|
738105|||||0|0|||
735569|0|0|0|0|0|0|9043|12162|
735481|22664|22375|0|0|0|0|0|0|
718482|0|0|0|0|0|0|461|461|
737410|0|0|0|0|0|0|0|0|
729931|13218|32268|||0|0||5300|
736517|0|0|2436|2845|0|0|0|0|
730324|22824|7116|0||0|0|0||
732535|0|0|0|0|0|0|619|233|
739037|147|66|0|0|0|0|0|0|
736567|62375|68156|||0|0|||
736597|1348|419|0|0|0|0|185|144|
736079|0|0|0|0|0|0|0|0|
738824|0|0|0|0|0|0|2875|107|
733632|0|0|0|0|0|0|22722|23111|
734681|0|0|0|0|0|0|0|96|
728118|46959||0||0|0|||
736578|0|0|0|0|0|0|0|0|
730466|0|10740|0|0|0|0|1511|12927|
738961|0|0|0|0|0|0|28561|71397|
736453|0|0|0|0|0|0|1130|1236|
739322|0|0|0|0|0|0|0|0|
736245||0||0|716408|267713||0|
732636|0|0|0|0|0|0|159|159|
739747|0|0|0|0|0|0|0|0|
734809|0|0|0|0|0|0|0|0|
734218|0||0||0|0|1106054|2334068|
736081|0|79685||0|0|0|160674|239266|
739328|0|0|0|0|0|0|0|0|
735784|0||0||0|0|0|721|
732177|0|0|0|0|0|0|0|0|
739057||0|||0|0|||
735282|4399|5829|||0|0|2701|2271|
735926|45097|30965|527110|539986|0|0|||
736131|0|0|0|0|0|0|0|0|
733682|0|0|0|0|0|0|0|0|
735760|0|0|||0|0|2691|2757|
728633|0|0|0|0|0|0|0|0|
739514|0|0|0|0|0|0|0|0|
733622|0|0|0|0|0|0|0|0|
734669|0|0|0|0|0|0|6141|6821|
738463|0|0|0|0|0|0|3550|2689|
733105|0|0|0|0|0|0|0|0|
736475|0|6036|0|0|0|0|0|0|
738974|0|0|0|0|0|0|786|149|
735181|0||0||0|0|7001|6317|
731823|18094|0|0|0|0|0|0|0|
739631|0|0|0|0|0|0|2580|2161|
736876|0|0|0|0|0|0|0|0|
736593|0|0|0|0|0|0|0|0|
737768||3000|||0|0|||
738806|0|0|0|0|0|0|3293|3746|
735417|36829||0||0|0|0||
738629|0|0|0|0|0|0|6307|6231|
737682|0|0|0|0|0|0|0|0|
735515|14894|12052|0|0|0|0|862|805|
738949|0|0|0|0|0|0|3327|2321|
739148|0|0|0|0|0|0|0|0|
735945|0|0|0|0|0|0|0|0|
733043|9337|1730|0|0|0|0|0|0|
737106|0|0|0|0|0|0|508|533|
736606|0|0|0|0|0|0|9152|10187|
736903|0|0|0|0|0|0|0|0|
736337|7971|4763|0|0|0|0|0|0|
735762|75364|6210|29840|23491|0|0|4438|46132|
738714|0|0|0|0|0|0|0|0|
736325|880|512|0|0|0|0|0|0|
736509|0|0|0|0|0|0|0|0|
736629|0|0|0|0|0|0|0|0|
736416|||59064|46967|0|0|21003|21721|
735727|||||0|0|12075|14729|
730586|0|0|0|0|0|0|0|0|
738842|||||0|0|3838|3608|
735319|0|0|36977|28135|0|0|2735|2861|
735905|3443|2218|0||0|0|0||
736410|0||0||0|0|817|151|
738706|0|0|0|0|0|0|0|0|
738987|187338||0||0|0|5191||
738537|0|0|0|0|0|0|141|142|
738379|0|0|0||0|0|64566|60062|
736293|||||0|0|7244|7155|
736056|0|0|0|0|0|0|622|622|
735439|0|0|0|0|0|0|7405|8065|
735803|0|0|42449|23810|0|0|45138|24537|
730585|0|0|0|0|0|0|2284|1586|
730562|0|0||0|0|0|1819|1927|
738717|0||0||0|0|212514|104081|
731585|0|0|0|0|0|0|0|0|
737882|0|0|0|0|0|0|0|0|
731751|0|0|0|0|0|0|0|0|
735749|0|0|0|0|0|0|962|699|
733089|||44622|38423|0|0|||
731694|0|0|0|0|0|0|863|863|
732563|0|0|0|0|0|0|761|203|
738969|||||0|0|||
738892|0|0|0|0|0|0|0|0|
736342|0|0|0|0|0|0|1794|1274|
735124||0||0|0|0|12489|8888|
735743|0|0|0|0|0|0|0|0|
738198|0|0|0|0|0|0|0|0|
735925|0|0|0|0|0|0|0|0|
739583|0|0|0|0|0|0|0|0|
734003|0|0|0|0|0|0|0|0|
739095|0|0|0|0|0|0|0|0|
735430|0|0|0|0|0|0|2790|2301|
734226||0||0|0|0||0|
738175|0||||0|0|3718||
735587|0|0|0|0|0|0|4309|67607|
736126|0|0|0|0|0|0|0|0|
736530|20254|15259|||0|0|8536|7625|
735670|0||0||0|0|728|728|
737963|0|0|0|0|0|0|3738|7027|
734366|0|0|0|0|0|0|2290|2152|
735698|0||0||0|0|483|1031|
738946|704|179|0|0|0|0|0|0|
739530|0|0|0|0|0|0|0|0|
739036|4692|8882||0|0|0||0|
738748|18775|19628|||0|0|906|2280|
738610|161455|9156||0|0|0|13329|1985|
734717|49179|78940|0|0|0|0|560|763|
739478|0|0|0|0|0|0|0|0|
739013|12|0|0|0|0|0|0|0|
737627|0|0|0|0|0|0|0|0|
739809|0|0|0|0|0|0|0|0|
735454|0|0|0|0|0|0|1336|650|
732702|0|0|0|0|0|0|0|0|
739227|0|0|0|0|0|0|0|0|
736704|0|0|0|0|0|0|1100||
737340|0|0|0|0|0|0|0|0|
735390|0|0|0|0|0|0|0|0|
738393|0|0|0|0|0|0|0|0|
736420|0|1922|0|0|0|0|0|0|
739410|617|657|0|0|0|0|572|804|
733542|0||0||0|0|0||
737567|0|0|0|0|0|0|0|0|
735918|30727|11167|257149|241872|0|0|5544|1310|
739065|6820||||0|0||154|
735886|||||0|0|67875|30273|
739005||0||0|0|0|2853|300|
736258|2565|4249|379937|379937|0|0|0|31050|
736266|56784|60542|0|4720000|0|0|7620|9913|
734062|0||0||0|0|0||
736795|||||0|0|19066|23269|
733226|0|0|0|0|0|0|0|0|
737950|12521|11507|0|0|0|0|0|0|
735827|0|0|0|0|0|0|5097|4886|
738776|0||0|0|0|0|0|0|
738985|0||0||0|0|2368000|2110000|
739043|0|0|0|0|0|0|1262|253|
737430|0|0|0|0|0|0|0|0|
736233|0|0|2249859|2504598|0|0|124450|161951|
736174|0|0|0|0|0|0|2027|571|
734614|0||0||0|0|689|667|
736360|0|0|0|0|0|0|3|204083|
736338|0|0|0|0|0|0|0|0|
729227|0|0|0|0|0|0|0|0|
734360|0|0|0|0|0|0|1259|1259|
734648||0|4512|2893|0|0|3989|5802|
737487|||||0|0|658||
736383|0||0|0|0|0|185990|218356|
738155|0|0|0|0|0|0|1569|1086|
736668|2375|2375|0||0|0|29330|25358|
738177|0|0|0|0|0|0|315|341|
736485|0|0|0|0|0|0|0|0|
735089|||||0|0|19685|29054|
739417|0|0|0|0|0|0|0|0|
739531|0|0|0|0|0|0|0|0|
739462|0|0|0|0|0|0|4293|0|
735765|0|0|0|0|0|0|5557|4697|
737760|0|0|0|0|0|0|1510|929|
738926||0|5614|3604|0|0|87517|55700|
738406|0|0|0|0|0|0|11201|9155|
738976|0|0|0|0|0|0|1706|749|
735664|||||0|0|3408|0|
732914|0|0|0|0|0|0|224|224|
733356|0|106|0|0|0|0|0|0|
735901|18316|35152|0|0|0|0|4241|4196|
736367|0|0|||0|0|38747|39405|
736303|0|0|0|0|0|0|509|508|
735294|0||0||0|0|0||
734216|23238|18302|0|0|0|0|184478|89677|
734609|0|0|0|0|0|0|0|0|
729690|2098|2041|0|0|0|0|0|0|
735252|51789|57294|0||0|0|3769|6050|
735550|16028|11880|||0|0|27744|29895|
738239|0|0|0|0|0|0|203|112|
738425|0|0|14642|14242|0|0|152|0|
734354|0|0|0|0|0|0|0|0|
738600|57220|63616|127805|143380|0|0|1566|542|
735989||14013|||0|0|2356|2356|
737584|0|0|0|0|0|0|0|0|
737066|193|136|0|0|0|0|0|0|
739876|0|0|0|0|0|0|0|0|
738129|0|0|0|0|0|0|0|0|
739133|||||0|0|930|921|
738150|0|0|0|0|0|0|0|0|
738747|||||0|0|2337|2596|
736115|147|2998|0|0|0|0||0|
734619|0|0|0|0|0|0|0|0|
738708|0|0|0|0|0|0|0|0|
735035|0|0|0||0|0|0||
739782|1672|5715|0|0|0|0|0|0|
736543|0|0|0|0|0|0|1358|1623|
738524|0|0|0|0|0|0|0|0|
737609|0||0||0|0|4872|877|
738085|38888|24845|0|0|0|0|125244|88033|
739629|0|0|0|0|0|0|0|0|
737089|24555|25332|||0|0|4265|2079|
732085|0|0|0|0|0|0|0|0|
736405|85508|1544|||0|0|0|17735|
735157|0|0|0|0|0|0|6400|0|
738860|0|0|0|0|0|0|0|0|
736211|29200|0||0|0|0|12661|994|
736636|0|0|0|0|0|0|0|0|
734970|||||0|0|4127|3643|
735625||0||0|0|0|145429|139454|
735779|||||0|0|17867|20992|
735810|12413|14406|81182|125739|0|0|30759|3068|
735409|0|0|0|0|0|0|28066|28796|
738998|16213|0|0|0|0|0|0|0|
734576|||||0|0|10816|9205|
732201|0|0|0|0|0|0|0|0|
733988|0|0|0|0|0|0|0|0|
735713|0|0|0|0|0|0|2900|2679|
738508|0|0|0|0|0|0|0|0|
732790|0|0|0|0|0|0|0|0|
735027|0|0|0|0|0|0|0|0|
736253|||||0|0|59495|115662|
739355|0|0|0|0|0|0|0|0|
737315|0|0|0|0|0|0|0|0|
736243|0||5314774|8938148|0|0|50486|91121|
738253|0|0|0|0|0|0|0|0|
735718|62032|50203|0||0|0|2092|2115|
735039|0|0|0|0|396389|279151|48752|55103|
734169|801458|713327|0|0|0|0|0|0|
734067|0|0|0|0|0|0|34205|46297|
734613|79885|169441|0|0|0|0|8155|16316|
739016|0|0|0|0|0|0|4573|4755|
734059|0|0|0|0|0|0|0|0|
736716|0|0|0|0|0|0|0|0|
735498|0|0|0|0|0|0|0|0|
736393|0|0|0|0|0|0|6038|1488|
739550|0|0|0|0|0|0|1223|296|
737421|403142|71304|14392|131342|0|0|443526|586686|
738567|0|0|0|0|0|0|3318|2837|
739045|0||0||0|0|4690|5005|
739504|0|0|0|0|0|0|0|0|
736164|68392|92309|498000|1157981|0|0|0|0|
738962|0|0|0|0|0|0|8410|603|
739706|0|0|0|0|0|0|0|0|
737802|0|0|0|0|0|0|0|0|
736084|0|0|0|0|0|0|0|0|
739035|0|0|0|0|0|0|0|0|
732951|0|0|0|0|0|0|0|0|
731873|0|0|0|0|0|0|0|0|
736388|20911|22093|||0|0|7696|3167|
733686|0|0|0|0|0|0|0|0|
736212|47535|39918|0||0|0|314988|265544|
738459|0|0|0|0|0|0|0|0|
735528|0|0|0|0|0|0|1190|1576|
735642|35835|33256|||0|0|||
736138|58465|68955|2212|0|383550|327768|288823|300506|
738682|2548|1425|0|0|0|0|0|0|
736553|||33841|1126|0|0|||
737153||0|45102|0|0|0|177|225|
737713|0|0||0|0|0||0|
736672|0|0|0|0|0|0|1005|4890|
736013||0||0|0|0|4968|1476|
736187|0|0|0|0|0|0|360|505|
738732|0|0|0|0|0|0|345|231|
738558|0|0|0|0|0|0|0|0|
739214|0|0|0|0|0|0|4044|4883|
736262|30520|32970|39751|32871|0|0|1467|1595|
734753|28326|24151|||0|0|16835|16851|
736033|26243|47349|0||0|0|258|231037|
736446|||||0|0|37502|8699|
736027|23564|35248|||0|0|||
739766|0|0|0|0|0|0|0|0|
734957|140079|103994|||0|0|3958|4525|
739476|0|0|0|0|0|0|0|0|
736434|32284|31756|0||0|0|3349||
735143|0|0|0|0|0|0|0|0|
734339|557|0|0|0|0|0|0|14526|
735434|||||0|0|2243|6279|
735934|0|0|0|0|0|0|0|0|
736435|0|3840|0||0|0|36981|21327|
737629|||||0|0|10022|13503|
735053|||||0|0|367431|411081|
735969|0||||0|0|3113|6216|
735798|||||0|0||9150|
733664|4261|0|0|0|0|0|724|688|
738486|72946|69280|0||0|0|6480|6458|
739149|570|356|0|0|0|0|0|0|
738469|0|0|0|0|0|0|1591|1731|
738766|5312|0|0|0|0|0|2378|2608|
738639|0|4680|||0|0|950|463|
739086|2081|1997|0|0|0|0|354|202|
731871|0|0|0|0|0|0|383|0|
735840|0|0|0|0|0|0|0|0|
737023|0|0|0|0|0|0|1323|1334|
736461|||54650|35410|0|0|82370|39329|
731577|0|0|0|0|0|0|0|0|
737469|0|0|0|0|0|0|0|0|
736546|27207|26650|0|0|0|0|27190|62350|
735916|0||0||0|0|2541|41253|
737789|0|0|0|0|0|0|850|1564|
739083|10733|7773|0|0|0|0|1943|2650|
734018|31244|30860|0|0|0|0|0|0|
734785|0|0|0|0|0|0|1138|1296|
738560|7025|6254|0|0|0|0|0|0|
736161|0||0||0|0|2816|10632|
739716|0|0|0|0|0|0|2210|2399|
736207|25948|22945|0|0|0|0|37376|49493|
737146|0|0|0|0|0|0|311|308|
737776|0|0|0|0|0|0|823|1165|
734776|0|0|0|0|0|0|0|0|
739450|0|0|0|0|0|0|0|0|
735195|0|0|22778|5820|0|0|0|0|
739123|0|0|0|0|0|0|3067|1239|
739066|||||0|0|817|489|
736345|0|0|0|0|0|0|17062|28993|
729741|0|0|0|0|0|0|0|0|
736094||1004987|0|0|0|0|120209|942120|
735595|0|0|0|0|0|0|26902|29089|
735946|0|0|0|0|0|0|2298|3620|
735091|21806|36302|0|0|0|0|0|1985|
737287|0|0|0|0|0|0|0|0|
731952|1682195|2541733|0|0|0|0|6530583|6417888|
739778|0|0|0|0|0|0|0|0|
736089|0|0|0|0|0|0|0|0|
738511|0|0|0|0|0|0|0|0|
738108|0|0|0|0|0|0|0|0|
738707|0|0|0|0|0|0|196|159|
735149|0|0|0|0|0|0|0|1595|
735422|0|0|0|0|0|0|6580|5106|
735976|30514|31489|0|0|0|0|65478|58774|
739010|0|0||0|0|0|3647|3753|
734625|0|0|0|0|0|0|0|0|
733139|40017|8534|0|0|0|0|0|216|
732514|0|0|0|0|0|0|0|0|
738614|2022|83|0|0|0|0|0|0|
732606|0|0|||0|0|1165|3094|
739428|0|0|0|0|0|0|0|0|
737097|0|0|0|0|0|0|0|0|
739078|0|0|0|0|0|0|0|0|
736595|3790|0|0|0|0|0|0|5009|
733875|0|0|0|0|0|0|0|0|
735040|0|0|0|0|0|0|0|0|
736612|0|0|0|0|0|0|2012|1962|
729581|0|0|0|0|0|0|269|0|
736398|0|0|0|0|0|0|2253|0|
734321|0|0|0|0|0|0|0|0|
738827|42774|38068|||328640|314676|10811|7250|
736323|0|0|0||1123333|780920|14767|13537|
733008|0|0|0|0|0|0|0|0|
728038|0|0|0|0|0|0|0|0|
739868|0|0|0|0|0|0|0|0|
732657|||546994|513507|0|0|4158||
736376|||||0|0|5624|1355|
739811|0|0|0|0|0|0|0|0|
738373|0|0|0|0|0|0|5001|5060|
736618||0|||0|0|606|590|
738726|0|0|0|0|0|0|0|0|
736986|0|0|0|0|0|8008|0|0|
739850|0|0|0|0|0|0|0|0|
736035|||||1542487|1505948|23274|24625|
738603|113683|196279|0|0|0|0|0|0|
736459|||||249034|0|20594|43484|
738034|0|0|0|0|0|0|0|0|
727374|3133|0|0|0|0|0|564|0|
739039|0|0|0|0|0|0|4266|1360|
739334|0|0|0|0|0|0|0|0|
739671|0|0|0|0|0|0|0|0|
736301|74576|70734|0|0|0|0|10878|9829|
736280|0|0|0|0|0|0|0|0|
737804|0|0|0|0|0|0|0|0|
739003|0|0|0|0|0|0|2672|2477|
736875|0|0|0|0|0|0|0|0|
736132|||24840|0|0|0|2810|1224|
739394|0|2276|1141879|373134|0|0|0||
736318|||||0|0|||
738697|103139|78590|||0|0|4783|3492|
738751|0|0|0|0|0|0|0|0|
738920|0|0|0|0|0|0|2103|1050|
739117|0|0|0|0|0|0|3090|2584|
734191|100|100|0|0|0|0|0|0|
737602|0|0|19798|48617|0|0|3131|3403|
738561|9966|19043|0|0|0|0|0|0|
739105|0|0|0|0|0|0|790|13|
739182|0|0|0|0|0|0|0|0|
732711|0|0|0|0|0|0|0|0|
734590|0|0|0|0|0|0|0|0|
738390|||||406152|357518|183|164|
734933|0|55931|0||0|0|0||
735354|150273|186831|0|0|0|0|11739|34586|
738502|1142|1302|0|0|0|0|71759|71895|
735869|127855|140416|0|0|0|0|0|0|
738760|0|0|0|0|0|0|159|113|
729854|0|0|0|0|0|0|0|0|
736848|0|0|0|0|0|0|0|0|
735586|310|3007|||0|0|||
735483|0|0|0||0|0|10856|1985|
735988|45857|42014||0|0|0||0|
736260|||||0|0|1248|2947|
737794|0|0|0|0|0|0|0|0|
738660|0|0|0|0|0|0|0|0|
739049|0|0|0|0|0|0|806|0|
735991|36086|50464|0|0|0|0|66560|57340|
735909|21056|26196|||0|0|44291|60524|
739404|20138|16479||0|0|0|3959|2741|
729500|||||0|0|||
734896|3025|754|0|131300|0|0|19815|20116|
738526|0|0|||0|0|2301|1581|
736384|||||0|0|7554|7571|
735900|0||0||0|0|0||
736709|0|0|0|0|0|0|0|0|
736307|92667|80361|0|0|0|0|3201|4997|
739606|0|0|0|0|0|0|523|213|
737099|33229|23936|||0|0|274|3234|
735940|0|14806|||0|0|8890||
735242|127183|216426|||0|0|4835|34713|
736660|0|0|0|0|0|0|0|0|
735757|0||0||0|0|3733|2225|
735893|373452|490336|6228263|9097057|0|0|695563|996168|
735140|0|0|0|0|0|0|11905|14957|
728131|0|0|0|0|0|0|0|0|
734722|0|0|0|0|0|0|0|0|
738728|0|0|0|0|0|0|0|0|
734698|28832|16817||0|0|0||0|
736200|0|0|0|0|0|0|6713|5584|
736003|10807|9761|0|0|0|0|28837|29189|
735202|||||0|0|||
735464|345639|375687|0|0|0|0|20628|32238|
738334|0|0|0|0|0|0|0|1447|
739449|0|0|0|0|0|0|0|0|
734385|0|0|0|0|0|0|0|0|
734666|0||||0|0|7535|7855|
734491|0|0|0|0|0|0|0|0|
735939|280471|143226|0|0|0|0|91763|30601|
739048|49565|346162|||0|0|4737466|5425229|
737178|654|636|0|0|0|0|0|0|
736281|||156107|145102|0|0||1564|
737545|52351|23326|0|0|0|0|0|0|
732823|0|0|0|0|0|0|0|0|
733412|99550|28402|0|0|0|0|2001|1000|
733860|0|0|0|0|0|0|179|137|
735080|7679|8493|||0|0|15141|16316|
736061|0|0|0|0|0|0|0|0|
738417|0|0|0|0|0|0|0|0|
739673|0|0|0|0|0|0|1008|628|
738269|0|0|0|0|0|0|0|0|
739764|0|0|0|0|0|0|0|0|
735416|0|0|0|0|0|0|34698|41609|
739632|0|0|0|0|0|0|0|0|
739674|0|0|0|0|0|0|0|0|
734748|47612|55090|0|0|1778323|1725464|2618|2622|
738695|0|0|0|0|0|0|452|246|
725061|||||0|0|||
729762|||||0|0|643460|643460|
739413|0|0|0|0|0|0|0|0|
733672|0|0|0|0|0|0|0|0|
728192|0|0|0|0|0|0|0|0|
736589|0|0|0|0|0|0|0|0|
720518|0|0|0|0|0|0|0|0|
736332|0|0|0|0|0|0|0|0|
735069|53960|23483|||0|0|5892|17587|
739824|0|0|0|0|0|0|2398|2952|
738916|0|0|0|0|0|0|60092|60500|
736249|0|0|0|0|0|0|0|0|
734963|77174|83374|0|0|0|0|8007|6028|
738191|0|0|0|0|0|0|7701|1172|
735412|0|0|0|0|0|0|0|0|
734780|0|0|0|0|0|0|380|337|
735831|29690|26333|0|0|313857|277623|247416|235220|
736419|3131|3598|49256|0|0|0|||
736669|0|0|0|0|0|0|0|0|
735307|7120|5609|||0|0|116687|31037|
736484|||||0|0|5622|5734|
736692|725794|430243|||0|0|166802|196598|
737507|0|1693|0|0|0|0|0|0|
737839|0|0|0|0|0|0|0|0|
734891||0||0|0|0||0|
737764|0|0|0|0|0|0|0|0|
735832|||||0|0|204748|168116|
739607|0|0|0|0|0|0|0|0|
737910|37737|34981|||195170|178305||4519|
735197|173570|194140||0|0|0|0|0|
727801|1068|0|0|0|0|0|0|0|
738861|0|0|0|0|0|0|110604|215884|
729469|||||0|0|||
736016|2940|749|0|0|0|0|0|0|
736907|152000|147140|808213|727916|0|0|0||
736576|0|0|0|0|0|0|0|0|
730326|0|0|0|0|0|0|3440|2480|
735397|0||0||0|0|132778|640478|
738750|0|0|0|0|0|0|0|3276|
735809|0|0|0|0|0|0|1938|0|
735507|0|0|0|0|0|0|0|0|
737073|0|0|0|0|0|0|0|0|
738148|26811|21221||0|0|0|26433|20538|
734927|0|0|0|0|0|0|0|0|
737233|0|0|0|0|0|0|2558|2844|
739735|||||0|0|||
738418|0|0|0|0|0|0|868|39|
736375|0|0|0|0|0|0|52103|33770|
736911|0|0|0|0|0|0|0|0|
734882|13321|14541|0|0|224592|217695|0|0|
736202|0|0|306569|0|0|0|20973|22161|
739634|0|0|0|0|0|0|2339|2508|
738226|0|0|0|0|0|0|3401|1247|
735620|0|0|0|0|0|0|0|0|
735710|2835|116|0|0|0|0|7970|7639|
738303|0|0|0|0|0|0|5608|1098|
735861|30022|26656|218729|198353||0|1403|1842|
739551|0|0|0|0|0|0|0|0|
719636|0|0|0|0|0|0|0|0|
738936|0|0|0||0|0|937|951|
738982|0|0|0|0|0|0|0|0|
736120|961|1269|0||0|0|53878|52147|
733307|0|0|0|0|0|0|0|0|
739177|0|0|0|0|0|0|0|0|
735902|30322|45432|0|0|0|0|0|0|
738810|1346|1207|0|0|0|0|0|0|
737674|0|0|0|115220|0|111543|3035|3052|
738332|2015|1538|0|0|0|0|0|0|
736477|||12925|8320|0|0|||
735875|0|0|0|0|0|0|32204|8008|
729769|29090|20989|||0|0|9026|9756|
733979|42306|29634|0|0|0|0|0|0|
738484|28780|34241||0|0|0|1557|4126|
734160|0|0|0|0|0|0|5074|942|
737809|0|0|0|0|0|0|0|0|
738477||0||0|0|0|6500|11515|
737207|0|0|0|0|0|0|0|0|
736058|25747|10673|0|0|0|0|2715|1500|
737732|0|0|0|0|0|0|0|0|
738986|6250|3244|0|0|0|0|11706|15985|
736655|0|0|0|0|0|0|0|0|
736635|11880|12015|0||0|0|139718|83380|
738958|0|0|0|0|0|0|0|0|
738355||0||0|0|0||0|
735367|0|0|0|0|0|0|0|0|
736336|8117|12220|||0|0|17177|16438|
739077|0||0||0|0|0||
735458|1504|7847|0|0|0|0|55|55|
735716|24173|33646|0|0|0|0|15137|19553|
738606|0|0|0|0|0|0|0|0|
735008|0|0|0|0|0|0|0|0|
735092||0|||0|0|18639|13299|
739330|52407|126611|0||0|0|0||
730158|0|0|0|0|0|0|2037|2341|
737201|0|0|0|0|0|0|0|0|
735769||0||0|0|0|2054|2505|
735173|545|590|0|0|0|0|0|0|
736102|102225|135059|0|0|0|0|446275|576206|
735496|0|0|0|0|0|0|1195|1195|
739897|0|0|0|0|0|0|0|0|
734770|0|0|||0|0|5757|7172|
735729|0|0|0|0|0|0|0|0|
735562|0|0|0|0|0|0|0|0|
735894|0|0||0|0|0|8043|383|
739558|461|448|0|0|0|0|0|0|
734580|100672|158113||0|0|0|17534|19631|
738807|5219|1619|0|0|0|0|0|0|
739381|0|0|0|0|0|0|0|0|
732133|0|0|0|0|0|0|0|0|
735474|0|0|0|0|0|0|0|0|
738217|0|0|0|0|0|0|0|0|
738656|0|0|0|0|0|0|0|0|
736452|0|0|0||0|0|6868|3635|
736168|14675|16396|10582|4625|0|0|62137|67093|
738739|42964|39976|0|0|0|0|239969|238911|
736199|2016184|1691851|0|0|0|0|445690|40491|
738964|0|0|0|0|0|0|1181|420|
736457|5103|18886|0|0|0|0|28719|4549|
736288|53057|83245|||0|0|6730|4899|
735932|312180|487059|0|0|0|0|171384|198663|
736206|31571|29260|0|0|0|0|41575|38245|
735399|29598|29480|0|0|0|0|4439|7023|
732824|0|0|0|0|0|0|0|0|
736322|0|0|0|0|3280000|3259672|0|0|
735980|0|0|0|0|0|0|765|305|
734686|34129|25417|0|0|0|0|1361|224|
734871||0|69327|0|0|0|5125|5816|
735806|0|0|||0|0|126712|65210|
733900|0|0|0|0|0|0|0|0|
736239|69762|40712|||255996|248376|70726|4489|
736955|||||0|0|2048|2094|
739620|0|0|0|0|0|0|0|0|
739155|0|0|0|0|0|0|1009|958|
738818|8990|852||0|0|0|||
738443|0|0|0|0|0|0|1532|2203|
734973|0|0|0|0|0|0|938|74|
730336|0|0|0|0|0|0|0|0|
738691|0|0|0|0|0|0|728|522|
736445|42880|31689|0|0|0|0|386135|362543|
735741|249910|311542|0|0|0|0|271800|383600|
738743|2824|2226|0|0|0|0|0|0|
737271|0||||0|0|3787|16|
733374|0|0|165|0|0|0|0|231|
736487|0||||0|0|28398||
735702|0|0|0|0|0|0|0|0|
737832|0|0|0|0|0|0|0|0|
736821|0|0|0|0|0|0|457|260|
737321|0|0|0|0|0|0|0|0|
738299|12108|5560|0|0|0|0|3378|3378|
738525|0|0|0|0|0|0|0|0|
738788|0|0||0|0|0|2163|55462|
736299|0|0|0|0|0|0|0|0|
739435|0|0|0|0|0|0|0|0|
739533|0|0|0|0|0|0|0|0|
738907|0|0|0|0|0|0|38724|38791|
738377|0|0|0|0|0|0|1871|1930|
735877|0|0|10000|10000|0|0|0|0|
738449|0|0|0|0|0|0|0|0|
732947|0|0|0|0|0|0|0|0|
732093|0|0|0|0|0|0|0|0|
736333|304999|234577|||0|0|17816|20130|
735110|0|0|||0|0|228000|258293|
738557||0||0|0|0||0|
737925|0|0|0|0|0|0|63|33|
739695|0|0|0|0|0|0|0|0|
738027|0|0|0|0|0|0|0|0|
739828|0|0|0|0|0|0|877|827|
735908|0|0|0|0|0|0|0|0|
735164|||193365|144547|0|0|4568|4452|
730512|0|0|0|0|0|0|0|0|
738922|0|0|0|0|0|0|0|0|
735771||0|35317|27816|0|0|9959|0|
734133|0|0|0|0|0|0|0|0|
735167|0|0|0|0|0|0|1229|1476|
737281|64441|59343|0|0|0|0|0|0|
739895|0|0|0|0|0|0|0|0|
736022|66435|56641|0|0|0|0|267423|254535|
736960||||||0|28575|14207|
739000|0|0|0|0|0|0|0|0|
735301|20041|10532|0|0|0|0|5071|9045|
737815|1800|1800|34858|34837|0|0|15309|12842|
734739|2300|1171|0|0|0|0|0|0|
735293|0|0|0|0|0|0|2294|2065|
736185|0|0|0||0|0|0|128|
735561|||||0|0|76695|67006|
737185|0|4185|0|0|0|0|394847|298001|
736788|||73929|36199|0|0|725|4184|
730230|10634|10279|100000|50000|0|0|||
736713|0|0|0|0|0|0|0|0|
736396|||||0|0|957|295|
734632|8378|4413|||0|0|||
739124|0|0|0|0|0|0|0|0|
737641|0|0|0|0|0|0|0|0|
739591|0|0|0|0|0|0|0|0|
734964|45221|38893||12631|0|0|1847||
736292||0|||0|0|6801|18863|
736104|0|0|0|0|0|0|7250|4772|
732655|426|501|||779124|0|||
734079|0|0|0|0|0|0|0|0|
735044|0|0|3000000|2670899|0|0|268878|232500|
735288|0|0|0|0|0|0|87746|34697|
738852|0|0|0|0|0|0|0|0|
739134|0|0|0|0|0|0|0|0|
734232|17312|26935|||0|0|||
734876|29045|44966|0|0|0|0|395|0|
735616|0|0|0||0|0|32405|32896|
739343|0|0|0|0|0|0|0|0|
738215|0|0|0|0|0|0|0|0|
735618|||||0|0|74986|77337|
735310|0|0|0|0|0|0|0|0|
738479|0|0||0|0|0|3437|1295|
736403|0|0|0|0|0|0|0|20|
735659|0|0|0|0|0|0|200|133|
735873||0||0|7227410|6938371|1313591|1159977|
737838|0|0|0|0|0|0|0|0|
739867|0|0|0|0|0|0|0|0|
735475|0|0|0|0|0|0|0|0|
735968|6776|0|0|0|0|0|1452|1139|
734658|0|0|0|0|0|0|0|0|
736675||0|12654|47371|0|0|9721|7334|
732431|0||||156204|149195|881|779|
735278|0|0|0|0|0|0|154|270|
735865|36708|45793|0|0|0|0|11209|11150|
738065|0|0|0|0|0|0|0|0|
739112|0|0|0|0|0|0|0|0|
738996|0|0|0|0|0|0|0|0|
735794|0|0|0|0|0|0|0|0|
729991|0|0|0|0|0|0|0|0|
736008|1250|1250|||0|0|5777|7687|
738839|7597|7390|0|0|0|0|23165|67256|
732111|0|0|0|0|0|0|0|0|
735572|0|0|0|0|0|0|0|0|
735461|0|0|0|0|0|0|387|296|
736374|17581|14646||0|0|0|1161|12416|
736712|||||0|0|2420|2212|
722746|29887|22751|96125|96125|0|0|3905|4969|
739518|0|0|0|0|0|0|2602|2809|
738409|||||0|0|||
735573|||||93100|0|5394|4370|
737406|0|0|0|0|92264|87024|0|0|
735720|||||0|0|26948|16633|
739580|0|0|0|0|0|0|0|0|
735987|0|0|0|0|0|0|0|0|
733755||0||0||0||0|
739052|0|0|0|0|0|0|0|0|
738830|0||0||0|0|3424|3348|
739615|0|0|0|0|0|0|0|0|
734729|0|0|0|0|0|0|0|0|
736225||0||0|0|0|282|471|
736378|0|0|0||0|0|1450|1450|
738470|0|0|0|0|0|0|1374|468|
738552|52584|34523|||0|0|||
737337|0|0|0|0|0|0|0|0|
737219|0|0|0|0|0|0|0|0|
732997|3033||||0|0|||
732624|18842|26962|||769517|740393|1|1|
738990|0||||0|0|817|778|
737403|0||49383|115137|964326|891502|262465|282572|
735504|0|0|0||0|0|90|2065|
739019|735|315|0|0|0|0|0|0|
733775|0|0|0||0|0|0||
735699|0|0|0|0|0|0|544|544|
739526|0|0|0|0|0|0|617|618|
739067|0|0|0|0|0|0|1855|326|
739194|0|0|0|0|0|0|0|0|
738097|0|0|0|0|0|0|872|0|
735492|0|0|0|0|0|0|0|0|
735747|||||0|0|||
738213|0|0|0|0|0|0|0|0|
739340|0|0|0|0|0|0|0|0|
734956|0|0|0|0|0|0|12261|11333|
736054|62133|61487|0|0|0|0|0|0|
736295|0|0||0|0|0|94732|0|
736650|0|0|0|0|0|0|0|0|
736145|20897|4441|0|82957|378914|365000|||
735161|0|0|0|0|0|0|996|321|
736363|0||||0|0|213962|212247|
736117||0|9022|4137|0|0||0|
736321|10122|11356|0|0|0|0|0|0|
736699|||75000|1240000|0|0|44|238618|
738702|0|0|0|0|0|0|1264|1251|
737485|0|0|0|0|0|0|0|0|
738801|0||||0|0|1864|1464|
736155|0|0|0|0|0|0|1520|1520|
736062|0|0|0|0|0|0|950|406|
735351|0||0||0|0|4999|5449|
733399|0|0|0|0|0|0|0|0|
737424|0|0|0|0|0|0|0|0|
736324|0|0|0|0|0|0|18177|22720|
732753|0|0|0|0|0|0|0|0|
738662|0|0|0|0|0|0|0|0|
730032|0|0|0|0|0|0|0|0|
735551|0|0|0|0|0|0|408|366|
737481|0|0|0|0|0|0|0|0|
736319|0|0|0|0|0|0|0|0|
734499|0|0|0|0|0|0|0|0|
734373|69|588|0|0|0|0|0|0|
737173|0|0|0|0|0|0|0|0|
733561|14325|40358|0|0|0|0|0|0|
736468|0|0|0|0|0|0|97|0|
735954|1653|2288|0|49|0|0|25934|31380|
736314|||||0|0|242127|130564|
732612|||||0|0|7396|3120|
738757|0||0||0|0|20120|22727|
735612|0|0|0|0|0|0|2633|2656|
739700|0|0|0|0|0|0|0|0|
739178|||175003|163725|0|0|43727|8600|
738575|0|0|0|0|0|0|2140|2336|
733826|0|0|0|0|0|0|0|0|
736776|0|0|0|0|0|0|0|0|
735961|13670|15850|0|0|0|0|18684|17581|
736799|0|0|0|0|0|0|196|6788|
739880|0|0|0|0|0|0|0|0|
737926|131859|114370|0|0|0|0|30923|41005|
738605|0|0|0|0|0|0|0|0|
739232|0|0|0|0|0|0|0|0|
731612|0|0|0|0|0|0|0|0|
738650|0|0|0|0|0|0|1330|1075|
736800|0||850000|500000|0|0|19312|16605|
738258|0|0|0|0|0|0|0|0|
738321|0|0|0|0|0|0|0|0|
737490|0|0|0|0|0|0|3089|1830|
734868|0|0|0|0|0|0|3044|3134|
736701|0||0||0|0|0||
737482|0|0|0|0|0|0|0|0|
737040|0|0|0|0|0|0|3128|3317|
734386|0|0|0||0|0|116028|86881|
713941|0|0|0|0|0|0|0|0|
738612|0|0|0|0|0|0|0|0|
738644|0|0|0|0|0|0|0|0|
735709|19935|19935|0|0|0|0|12549|28807|
734441|0|0|0|0|0|0|1242|1235|
736688|0|0|0|0|0|0|0|0|
738264|0|0|0|0|0|0|0|0|
735859||0|||0|0|6490|4767|
736137|49694|34855|8748|1113|0|0|64242|27889|
734757|0|0|0|0|0|0|0|0|
736226|||||0|0|3616|3232|
738745|0|0|0|0|0|0|1145|976|
737225|0|0|0|0|0|0|1755|1755|
736386|30490|38544|0|0|0|0|5533|5563|
735250|0|1125|0||0|0|235||
737898||0||0|0|0|1254|738|
737799|9371|0|0|0|0|0|1852|0|
736607|0|0|0|0|0|0|0|0|
738903|0|0|0|0|0|0|0|0|
735503|0|0|0|0|0|0|0|0|
738664|||||0|0|||
738170|0|0|0|0|0|0|364|283|
738854|91590|14862||0|0|0|196948|227338|
738845|0|0|0|0|0|0|0|0|
733349|||||0|0|2021|624|
736662|126625|133500|0|0|0|0|33952|39750|
735607|||||0|0|1453|961|
738799|8558|6300|0|0|0|0|0|0|
739337|0|0|0|0|0|0|2711|2654|
735725|||||0|0|4063|4915|
736719|||142833|107292|0|0|203|382|
738267|0|0|0|0|0|0|1889|1742|
738884|0|0|0|0|0|0|0|0|
736372|106095|92252||0|0|0|601384|630729|
734168|2505||||0|0|1318|1200|
733556|9995|34634|0|0|0|0|2137|71702|
734456|31566|35324|23480|0|0|0|||
736630|0||0||0|0|1107|683|
738082|0|0|0|0|0|0|0|0|
729955|0|0|0|0|0|0|0|0|
726690|0|0|0|0|0|0|0|0|
737976|0|0|0|0|0|0|0|0|
739014|11928|9157|0|0|0|0|1709|791|
739625|0|0|0|0|0|0|0|0|
736408|0||0||0|0|53221|48731|
729689|630|1208|0|0|0|0|0|0|
737181|0|0|0|0|0|0|0|0|
736574|16000|18969|||0|0|50322|36062|
736394|0|0|0|0|0|0|850|1610|
736068|44976|51162|||0|0|79360|55368|
738846|0|0|0|0|0|0|0|0|
736767|0|0|0|0|0|0|694|661|
730618|0|0|0|0|0|0|676|191|
734262|0|0|0|0|0|0|0|0|
737158|0|0|0|0|0|0|366|316|
736247|0||||0|0|27319|28107|
730288|0|0|0|0|0|0|2206|1564|
735950||9202||0|0|0|2164|491|
736006|0|0|0|0|0|0|0|0|
739688|0|0|0|0|0|0|0|0|
736778|0|0|0|0|0|0|2644|4413|
739160|0|0|0|0|0|0|0|0|
736418|0|0|0|0|0|0|0|0|
735256|0|59639|0||0|0|3317|5478|
739349|0|0|0|0|0|0|0|0|
736330||0||0|0|0|11995|6253|
738548|0|0|45226|40870|0|0|424|642|
738975|0|0|0|0|0|0|0|53|
735500|90489|41952|9280|4957|0|0|34468|55909|
738133|0|0|0|0|0|0|411|81|
738753|0|0|0|0|0|0|967|1064|
737935|34814|6516|60596|63497|0|0|72567|69571|
739743|0|0|0|0|0|0|0|0|
736051|0|0|0|0|0|0|0|0|
736180|0||||0|0|1296|1208|
733347|48199|62567|||269203|253782|286343|293753|
736063|0|0|0|0|0|0|0|0|
738623|1969|911||0|0|0|22149|35754|
738447|0|0|0|0|0|0|3397|3185|
736151|0|0|0|0|0|0|5579|4064|
735155|0|0|0|0|0|0|23169|20121|
738127|0|0|70480|0|0|0|738|163|
734631|0|0|0|0|0|0|0|0|
736121|0|0|0|0|0|0|0|0|
736689|0|0|0|0|0|0|0|0|
739235|0|0|0|0|0|0|0|0|
737889|0|0|0|0|0|0|2895|165|
738853||0||116943|0|0|700|460|
737551|0|0|0|0|81474|67458|8206|1242|
738709|0|0|0|0|0|0|0|0|
739015|0|0|0|0|0|0|884|1072|
738591|25429|5206|0|0|0|0|91230|99239|
735478|0|0|0|0|0|0|30|0|
736409|0|17917|0||0|0|18978|32398|
738458|3204|361|0|0|0|0|0|0|
738386|0|0|0|0|0|0|508|36|
738673|57944|19990|3350|3350|0|0|42898|41232|
739084|0|0|0|0|0|0|0|0|
735990|15763|255|||0|0|8034|3978|
735102|36749|5638|0|0|0|0|2075|0|
738952|734553|525076|||0|0|1084870|1505078|
737399|59403|61039|0|0|0|0|41798|51907|
736451|14848|71160|0||0|0|401263|953363|
738856|0|0|33996|27790|0|0|1149|1071|
738473|33978|25485|0|0|0|0|5326|6178|
735898|0|0|0|0|0|0|0|0|
738432|0|0|0|0|0|0|0|0|
737012|0|0|0|0|0|0|0|0|
736438|57194|69168|0||0|0|28252|22914|
735756|0|0|0|0|0|0|1075|1303|
739280|0|0|0|0|0|0|0|0|
735537|0|0|0|0|0|0|0|0|
738711|0|0|0|0|0|0|1676|2597|
734474|0|0|0|0|0|0|0|0|
739180|0|0|0|0|0|0|169|55|
727320|||||0|0|9448||
735622|0|0|0|0|0|0|0|0|
739032|7256|||0|0|0|7933|1802|
734315|||||0|0|2347|210|
735126|28632|25069|||0|0|||
738779|0|0|0|0|0|0|0|0|
736328|0|0|||0|0|3635|286|
737224|0|0|0|0|0|0|8960|239|
738401|722|499|0|0|0|0|0|0|
735962|||16689|7563|0|0|10983|12923|
736252|118687|78887|||0|0||3081|
735247|0|0|0|0|0|0|0|0|
739347|0|0|0|0|0|0|0|0|
735455|0|0|0|0|0|0|0|0|
734774|0|0|0|0|0|0|15356|14588|
735671|||||0|0|42|529|
730610||7000|||0|0|20163|19102|
739646|0|0|0|0|0|0|0|0|
732278|0|0|0|0|0|0|0|0|
739203|0|0|0|0|0|0|0|0|
735928|0|0|0|0|0|0|2572|1143|
738995|0|300||0|0|0|29932|32372|
738627||0|234813|228850|0|0||0|
734589|0|0|0|0|0|0|0|0|
730539|49319|41491|||0|0|902144|801840|
738874|0|0|0|0|0|0|0|0|
736802|0|0|0|0|0|0|0|0|
735822|||||0|0|71049|72819|
739207|0|0|0|0|0|0|0|0|
735065|0|3481|0|0|0|0|118943|116984|
736421|11200|8333|0|0|0|0|228478|231415|
739051|0|0|0|0|0|0|0|0|
739821|40784|47607|37399|30325|0|0|545|502|
738825|0|0|0|0|0|0|0|0|
732092|0|0|0|0|0|0|0|0|
736467|145372|162966|0||0|0|414800|412788|
737693|0|0|119|119|0|0|0|0|
730631|32005|35963|0|0|0|0|76875|64904|
736920|||||0|0|||
738863|0|0|0|0|77771|76209|0|0|
735548|0|0|0|0|0|0|0|0|
735732|0|0|0|0|0|0|0|0|
738704|0||0||0|0|3651|4768|
735719|0|0|0|0|0|0|0|0|
736537|0|0|0|0|0|0|158|168|
737863|0|0|0|0|0|0|114|659|
738955|0|0|0|0|0|0|2074|2144|
737088|5579|5750|0|0|0|0|1713|1477|
738928|0||0||0|0|0||
738877|36508|64234||0|0|0|3531|4203|
739373|0|0|0|0|0|0|0|0|
738438|0|0|0|0|0|0|0|0|
739250|0|0|0|0|0|0|0|0|
736694|0|0|0|0|0|0|454|1111|
734196|0|0|0|0|0|0|0|0|
738880|||||0|0|||
735559|0|0|0|0|0|0|0|0|
735563|57817|73970|||0|0|34204|40861|
733732|7543|44504|0|0|0|0|45708|0|
733409|0|0|0|0|0|0|0|0|
736489|210712|86928|||2310414|2235126|2357779|2316568|
738635|0|0|0|0|0|0|0|0|
733507|0|0|0|0|0|0|0|0|
738410|3958|11140|0|0|0|0|0|0|
739830|33|1680|0|0|0|0|0|0|
735780|96278|115616|0||0|0|35227|41329|
737283|36|0|0|0|0|0|0|0|
734454|7536|3917|||0|0|||
735014|||||0|0|||
734910|39504|154154|0|0|0|1978312|424349|399194|
736441|||||0|0|||
738937|0|0|0|0|0|0|0|0|
737818|0|0|0|0|0|0|1076|3049|
738588|30647|15891|0|0|0|0|0|932|
738767|30518|39036|0|0|0|0|1342|1686|
730280||0||399132|0|0|||
728036|0|0||0|0|0|1458|1501|
736370|0|0|936767|890467|936767|0|0|0|
736091||0||0|0|0|3327|2274|
738271|0|0|0|0|0|0|0|0|
735708|0|0|0|0|0|0|0|0|
736351|0|0|0|0|0|0|0|0|
738506|0|0|0|0|0|0|0|0|
739107|0|0|0|0|0|0|645|199|
738921|1531|272|0|0|0|0|11301|3476|
739113|0|0|0|0|0|0|0|0|
738953|0|0|0|0|0|0|0|0|
735680|121123|115962|0|0|0|0|2075901|2201211|
737468|1686|1126|0|0|0|0|0|0|
735444|41053|33652|0||0|0|0||
729154|||||0|0||240|
739326|0|0|0|0|0|0|0|0|
735567|||||0|0|||
729287|40339|0|0|0|366238|0|104582|0|
738428|0|0|0|0|0|0|0|0|
739772|0|0|0|0|0|0|0|0|
739858|0|0|0|0|0|0|0|0|
734495|0|0|0|0|0|0|0|0|
737990|2292|862|0|0|0|0|33183|20082|
738608|0|0|0|0|0|0|154|160|
739136|0|0|0|0|34874|10657|365|365|
737324|||||0|0|2205|3488|
736956|0|0|0|0|0|0|0|0|
735335|0|0|0|0|0|0|0|0|
736300|82106|73812|0|0|3609651|3171376|303738|477562|
737949|377430|220621||0|1730541|1693732|15606|12792|
739341|0|0|0|0|0|0|1620|1377|
739701|0|0|0|0|0|0|0|0|
737397|0|0|0|0|0|0|0|0|
735632|0|0|0|0|0|0|0|0|
738680|||||0|0|7585|3401|
734997|0|0|0|0|0|0|5869|2699|
735477|111096|92555|0|0|0|0|311604|207265|
733355|||||0|0|175||
737323|3462|4004|0|0|0|0|767|6595|
729937|0|0|0|0|0|0|0|0|
735529|48579|40523|0|0|0|0|3760|3760|
735655|0|0|0|0|0|0|0|0|
739665|0|0|0|0|0|0|0|0|
736817|0|0|0|0|0|0|6061|5423|
738075|1631|596|0|0|0|0|0|0|
739427|0|0|0|0|0|0|0|0|
733655|0|0|0|0|0|0|0|0|
739501|0|0|0|0|0|0|0|0|
739386|0|0|0|0|0|0|0|0|
737872|0|0|0|0|0|0|0|0|
734699|||||0|0|2057|1707|
736649|0|0|0|0|0|0|0|0|
738862|1193|4074|0|0|0|0|4463|6755|
739208|||11991|5191|0|0|8001|8178|
739612|0|0|0|0|0|0|0|0|
739723|0|0|0|0|0|0|1750|3153|
733577|0|0|0|0|0|0|0|0|
739279|0|0|0|0|0|0|0|0|
738684|0|0|||0|0|40|0|
736943|||||0|0||1254|
729737|0|0|0|0|0|0|0|0|
736100|0|0|0|0|0|0|0|0|
729463|||||0|0|75159||
733067|0|0|0|0|0|0|0|0|
736085|0|0|0|0|0|0|0|0|
738326|0|369|0|0|0|0|0|0|
736265|78054|92694|||0|0|10120|9395|
739698|0|0|0|0|0|0|0|0|
738611|||||0|0|1800000|1673000|
729936|0|0|0|0|0|0|0|0|
735634|0|0|||0|0|14014|95159|
738869|0|0|0|0|0|0|0|0|
735599|0||||0|0|8718|1244|
735249|9525|6526|0|0|0|0|3829|3822|
734361|0|0|0|0|0|0|2638|640|
738821|0|0|0|0|0|0|0|0|
738254|0|0|0|0|0|0|0|0|
739026|3111|7824|0|0|0|0|17942|19576|
737586|0|0|0|0|0|0|0|0|
735739||5359|||0|0|41560|23610|
737659|1585|3802|0|0|0|0|0|0|
732715|0|0|0|0|0|0|0|0|
735992|0|27888|0|0|0|0|235566|257273|
737290|0|0|0|0|0|0|0|0|
739367|0|0|0|0|0|0|0|0|
735897|0|0|0|0|0|0|22979|27843|
738268|0|0|0|0|0|0|0|0|
738047|0|0|0|0|0|0|0|0|
735804|0|0|0|0|0|0|0|0|
738944|0|0|0|0|0|0|0|0|
734980|0|0||0|0|0||0|
738527|0|0|0|0|0|0|2982|3126|
739697|0|0|0|0|0|0|0|0|
735943|14716|21716||0|0|0|64691|58889|
736914|0|0|0|0|0|0|0|0|
735440|0|0|1478|0|0|0|0|0|
737366|||||0|0|31853|40619|
716541|0|0||0|0|0|4126|4396|
737504|1269|1125|0|0|0|0|0|0|
737284|0|0|0|0|0|0|0|0|
736380|0|0|0|0|0|0|0|0|
737279|0|0|0|0|0|0|0|0|
736263|0||0||0|0|6498|5542|
738044|0|0|0|0|140058|128531|0|0|
738457|0|0|0|0|0|0|0|0|
729370|0|0|0|0|0|0|0|0|
734430|0|0|0|0|0|0|0|0|
730546|697745|592767|35533|47320|0|0|141197|170199|
736600|0|0|||0|0|294310|822725|
730306|8453|9618|0||0|0|146928|147218|
738255|0|0|0|0|0|0|0|0|
739467|0|0|0|0|0|0|0|0|
736764|116733|104528|0|0|0|0|0|0|
734579|0|0|0|0|0|0|36|75|
733782|0|0|0|0|0|0|0|0|
733207|0|0|0|0|0|0|0|0|
733651|0|0|0|0|0|0|0|0|
732659|0|0|0|0|0|0|0|0|
737984|0|0|0|0|0|0|0|0|
738770|9750|9499|||0|0||8101|
739225|0|0|0|0|0|0|0|0|
734436|0|0|0|0|0|0|0|0|
739603|0|0|0|0|0|0|0|0|
738405|0|0|0|0|0|0|2775|2992|
737814|0|0|0|0|0|0|0|0|
739637|0|0|0|0|0|0|0|0|
735750||0||0|0|0||0|
738777|0|0|0|0|0|0|0|0|
737300|0|0|0|0|0|0|1408|1375|
733893|0|0|0|0|0|0|0|0|
736895|336843|323703||130932|0|0|95972|52710|
738035|0|0|0|0|0|0|0|0|
735453|571|0|0|0|0|0|0|0|
733833|0|0|0|0|0|0|0|0|
729948|0|0|0|0|0|0|617|371|
735660|3211|0|0||0|0|4271|3882|
738497|0|0|0|0|0|0|0|0|
734583|||||0|0|4354|1213|
739792|3000|0|0|0|0|0|0|0|
739658|0|0|0|0|0|0|0|0|
738518|53167|54435|20345|60012|0|0|31647|32044|
736725|0|0|0|0|0|0|0|0|
736874|0|0|0|0|0|0|0|0|
735759|0|0|0|0|0|0|0|0|
739489|0|0|0|0|0|0|0|0|
738343|0|0|0|0|0|0|3772|5849|
732766|0||0|33981|0|0|0|14286|
737800|0|0|0|0|0|0|0|0|
739738|0|0|0|0|0|0|0|0|
735593|11522|68787||0|0|0|29241|31797|
738542|0|0|0|0|0|0|0|319|
738872|0|0|0|0|0|0|0|0|
738908|0|0|0|0|0|0|2063|1787|
730517|226163|611311|||0|0|1033419|1068121|
739844|4941|3923|0|0|0|0|0|0|
734674|0|0|0|0|0|0|0|0|
732829|0|0|0|0|0|0|0|0|
739588|0|0|0|0|0|0|0|0|
739898|0|0|0|0|0|0|0|0|
737657|0|0|0|0|0|0|0|0|
735846|0|1534||0|0|0|4027|6472|
739852|0|0|0|0|0|0|0|0|
735493|0|0|0|0|0|0|0|0|
734088|0|0|0|0|0|0|0|0|
737648|0|0|0|0|0|0|0|0|
739702|0|0|0|0|0|0|0|0|
738738|1929|352|0|0|0|0|0|31863|
735982|||||0|0|||
737072|0|0|0|0|0|0|0|0|
731745|0|0|0|0|0|0|0|0|
738963|241939|276163||0|0|0|102507|105396|
738551|0|0|0|0|0|0|0|0|
738233|0|0|0|0|0|0|0|0|
739258|0|0|0|0|0|0|0|0|
738786|0|0|0|0|0|0|0|0|
738789|0|0|0|0|0|0|0|0|
738539|7375|7375|||0|0|13986|14559|
737691|1206|857|0|0|0|0|0|0|
738898|22136|13862|0||0|0|0||
739231|0|970|0|0|0|0|0|0|
738487|0||0||0|0|0||
738993||0||0|0|0|2733|1915|
737924|0|0|0|0|0|0|669|334|
739087|0|0|0|0|0|0|0|0|
739557|0|0|0|0|0|0|0|0|
738444|0|0|0|0|0|0|1337|1337|
736339|||||0|0|2224|2807|
735441|0|0|0|0|0|0|0|0|
733012|0|0|0|0|0|0|0|0|
736825|0|0|0|0|0|0|0|0|
736111|0|0|0|0|0|0|0|0|
738645|0|0|0|0|0|0|3726|2537|
729351|||||0|0|||
739054|0|0|0|0|0|0|0|0|
735783|0||0||0|0|4599|5047|
738794|||||0|0|||
736671|7319|19077|0|0|0|0|0|0|
738967|13309|13829|||0|0|||
725090|0|0|0|0|0|0|0|0|
739062|0|0|0|0|0|0|0|0|
738475|0|0|0|0|0|0|0|0|
737264|0|0|0|0|0|0|848|0|
736269|0|0|0|0|0|0|0|0|
733959|0|0|0|0|0|0|0|0|
739839|0|0|0|0|0|0|0|0|
735424|0|0|0|0|0|0|0|0|
733370|0|0|0|0|0|0|0|0|
739193|0|0|0|0|0|0|0|0|
738978|43810|22055|0||0|0|55404|46883|
737081|0|0|0|0|0|0|0|301|
739275|1330|150|0|0|0|0|0|0|
737503|||||0|0|||
737330|||||0|0|||
730402|0|0|0|0|0|0|5378|5839|
737662|0|0|0|0|0|0|0|0|
737728|0|0|0|0|0|0|0|0|
735786|0|0|||0|0|2334||
735349|165688|179355|349067|374084|0|0|1541435|2051992|
739751|0|0|0|0|0|0|0|0|
738841|0|0|0|0|0|0|0|0|
735795|0|0|0|0|0|0|0|0|
736270|458215|441565|||0|0|||
732464|0|0|0|0|0|0|0|0|
738099|0|0|0|0|0|0|489|76|
739712|0|0|0|0|0|0|0|0|
735715|0|0|0|0|0|0|0|0|
739298|0|0|0|0|0|0|0|0|
736320|0|0|0|0|0|0|880|0|
727546|0|0|0|0|0|0|0|0|
739485|0|0|0|0|0|0|0|0|
738774|0|0|0|0|0|0|749|609|
736010|1892636|648442|0|0|0|0|13652065|18142969|
729806|0|0|0|0|0|0|0|0|
737969|||||0|0|2670|3407|
736807|0|0|0|0|0|0|0|0|
737069|549|81|0|0|0|0|0|0|
737843|395509|556333|16377|5268|0|0|14729|20006|
736232|0|0|0|0|0|0|291768|369066|
736885|0|0|0|0|0|0|0|0|
736099|||||0|0|1628|1581|
739578|0|0|0|0|0|0|0|0|
738236|0|0|0|0|0|0|7826|2228|
739283|5050|4736|0|0|0|0|1789|776|
739736|0|0|0|0|0|0|0|0|
736733|0|0|0|0|0|0|0|0|
730082|0|0|0|0|0|0|0|0|
738938|1877|2220|0|0|0|0|0|0|
738940|4119|2170|0|0|0|0|0|0|
738943|1938|2173|0|0|0|0|0|0|
737548|0|0|0|0|0|0|0|0|
735662|||||0|0|0||
738970|0|0|0|0|0|0|0|0|
739553|0|0|0|0|0|0|0|0|
734834|0||0||0|0|||
734761|0|0|0|0|0|0|2408|2819|
734203|||206855|166139|0|0|350054|713937|
738437|0|0|0|0|0|0|0|0|
739046|0|0|0|0|0|0|3385|4598|
735937|0|0|0|0|0|0|0|0|
738578|0|0|0|0|0|0|0|0|
734021|0|0|0|0|0|0|0|0|
736590|0|0|0|0|0|0|12981|9407|
737270|0|0|0|0|0|0|0|0|
735162|0|0|0|0|0|0|0|0|
737061|0|0|0|0|0|0|0|0|
736272|0|0|0|0|0|0|0|0|
736326|||||0|0|39055|37343|
738742|42086||13767|6424|0|0|||
739893|0|0|0|0|0|0|0|0|
739569|0|0|0|0|0|0|0|0|
735602|||||0|0|564|9426|
738472|0|0|0|0|0|0|0|0|
738587|15841|10051|0|0|0|0|21520|7492|
738968|0|0|0|0|0|0|208|222|
737341||||24184|0|0|38873|34078|
739111|0||88639|77101|0|0|4348|2886|
738130|0|0|0|0|0|0|0|0|
732283|0|0|0|0|0|0|0|0|
734901|0||0|89873|220320|216934|900|900|
737213|0|0|0|0|0|0|0|0|
736093|0|0|1020|0|0|0|5441|1052|
736482|0|0|0|0|0|0|0|0|
736639|||450253|428786|0|0|3446|6038|
739666|0|0|0|0|0|0|0|0|
736577|0|0|0|0|0|0|0|0|
739158|12913291|17622047|49666739|49656802|0|0|124552705|192705036|
736554|0|0||170367|0|0|99|113|
734637|0|0|0|0|0|0|0|0|
739274|0|0|0|0|0|0|0|0|
739212|2866|0|0|0|0|0|496|0|
734875|397|0|7800|0|0|0|678|0|
736516|0|0|0|0|0|0|0|0|
739728|1095|1081|0|0|0|0|0|0|
738888|0|0|0|0|0|0|0|0|
737956|0|0|0|0|0|0|0|0|
739573|0|826|0|0|0|0|518|524|
738055|0|0|0|0|0|0|0|0|
736594|0|0|0|0|0|0|0|0|
734909|0|0|0|0|0|0|0|0|
733985|0|0|0|0|0|0|0|0|
735903|12991|13735|0|0|469187|454458|122001|115280|
738878|0|0|0|0|0|0|0|0|
736149|0|0|0|0|0|0|0|0|
738912|30565|68794||0|0|0|2462|3502|
737756|0|0|0|0|0|0|448|9356|
739215|9005|8946|0|0|0|0|2367|2173|
734076|0|0|0|0|0|0|0|0|
733767|0|0|0|0|0|0|0|0|
730304|0|0|||0|0|201872|214491|
733466|0|0|0|0|0|0|0|0|
736341|0|0|0|0|0|0|0|0|
738723|0|0|0|0|0|0|21099|21423|
733062|0|0|0|0|0|0|0|0|
738408|17260|15712||0|0|0||0|
735781|0|0|0|0|0|0|0|0|
736163|283924|121150|104938|36765|104971|99655|391267|482313|
734807|0|0|0|0|0|0|0|0|
739596|0|0|0|0|0|0|0|0|
739883|0|0|0|0|0|0|434|263|
739135|600516|618272|0|0|0|0|0|0|
738812|0|0|0|0|0|0|9172|9682|
738761|1417|1245|0|0|0|0|0|0|
731999|0|0|0|0|0|0|0|0|
737806|0|0|0|0|0|0|0|0|
736845|0|0|0|0|0|0|9187|9187|
734230|0|0|0|0|0|0|936|0|
735415|0|0|0|0|0|0|0|0|
736815|51|20|0|0|0|0|0|0|
739592|0|0|0|0|0|0|0|0|
734704|0|0|0|0|0|0|0|0|
735499|17487|19508|0|0|0|189787|73299|105606|
736934|0|0|0|0|0|0|82686|79686|
739725|0|0|0|0|0|0|104|331|
732560|0|0|0|0|0|0|0|0|
730464|0|0|||0|0|4382|2741|
737600|0|0|0|0|0|0|0|0|
729724|0|0|0|0|0|0|0|0|
739431|0|0|0|0|0|0|0|0|
720363|0|0|0|0|0|0|0|0|
738724|607|1149|0|0|0|0|5497|5537|
738727|0|0|0|0|0|0|1506|1715|
735641|0|0|0|0|0|0|0|0|
738384|0|0|0|0|0|0|0|0|
739222|0|0|0|0|0|0|549|0|
739866|||||0|0|153979|161495|
735745|0|0|0|0|0|0|0|0|
738754|0||||0|0|||
735953|51768|27504|29487|20138|0|0|56706|48866|
737939|0|0|0|0|0|0|1036|0|
738455|0|0|0|0|0|0|1863|363|
739353|0|0|0|0|0|0|0|0|
729845|573|72|0||0|0|18306|30898|
739633|0|0|0|0|0|0|0|0|
739519|0|0|0|0|0|0|0|0|
733476|0||0||0|0|1058||
732819|0|0|0|0|0|0|0|0|
738929|4660782|4495460|||0|0|82671370|82956874|
737841|0||||0|0|4618|4858|
737325|10820|18171|0|0|0|0|54701|37753|
736677|0|0|0|0|0|0|0|0|
735036|95315|98726||0|0|0|19900|28117|
736331|883847|708747|10195|181432|602099|539971||58950|
736466|0|0|0|0|0|0|0|0|
738407|0|0|0|0|0|0|23554|13289|
735674|0|0|0|0|0|0|75|75|
732603|6141|506|||0|0|16489|20176|
732216|0|15446|0|13069|0|0|0|0|
730574|0|0|0|0|0|0|0|0|
738442||||0|0|0|19|19|
733278|0|0|0|0|0|0|0|0|
736248|0|0|646|41103|0|0|51327|55482|
735960|1330579|1640506|||0|0|382789|396216|
734630|||||0|0|||
736538|0|0|0|0|0|0|9251|7005|
735462|5702|7309|0||0|0|931|16053|
737391|149000|148000|0|0|4452417|3836913|17742|6391|
739053|0|0|0|0|0|0|0|0|
736584|0||0||0|0|868|1232|
736189|103897|45219||0|0|0|147915|146065|
737493|0|0|0|0|0|0|0|0|
737171|||||0|0|||
736354|0|0|0|0|0|0|9058|1815|
736562|0|0|0|0|0|0|0|0|
739891|0|0|0|0|0|0|0|0|
737810|9072|7009|0|0|0|0|3058|2483|
730321||0||0|0|0|83887|83349|
735871|0||||0|0|72567|82930|
736514|9076|23409|12115|6419|0|0|18550|0|
734712|0|0||0|0|0||0|
735070|||17664|9441|0|0|||
738876|0|0|0|0|0|0|0|0|
739071|0|0|0|0|0|0|0|0|
738683|0|0|0|0|0|0|5465|7234|
735919|0|0|0|0|0|0|4626|5025|
738752|0|0|0|0|0|0|1656|1287|
737384|0|0|0||0|0|21353|22646|
735913|1484|1247|0|0|0|0|0|0|
739332|0|0|0|0|0|0|0|0|
735947|0||0||0|0|0||
735624|0|0|0|0|0|0|0|0|
735366|0|0|0|0|0|0|0|0|
736128|||||0|0|4392|4961|
735721|3033|379|0|0|0|0|103170|105867|
736365|17012|18072|||0|0|67706|63486|
736259|42960|46694||0|0|0|5813|2369|
738380|0|0|0|0|0|0|169|88|
738848|0|0|0|0|0|0|0|0|
735362|||||0|0|54190|48969|
739661|0|0|0|0|0|0|0|0|
735712|0|0|0|0|0|0|0|0|
736837|0|0|0|0|0|0|0|0|
737811|43788|40003|61534|0|88584|0|37243|39451|
737879|16446|13014|0|0|0|0|776|835|
738828|38430|56887|0|0|0|0|30544|55034|
735043|41949|22623|0|0|0|0|2579|274|
738654|0|0|0|0|0|0|0|0|
737672|0|0|0|0|0|0|0|0|
736201|5489|26667||0|0|0|10972|10399|
735446|0|||28438|0|0|417|504|
736208|29797|33840|309331|258205|0|0|65504|47965|
737285|0|0|0|0|0|0|181|203|
732217|90136|108230|0|0|0|0|0|0|
739360|0|0|0|0|0|0|0|0|
734716|31428|31694|||0|0|4219|4185|
738923|612||6290|5704|0|0|8796|8374|
737035|0|0|0|0|0|0|0|0|
734746||0|||0|0|||
736809|0|0|0|0|0|0|0|0|
738359||0||0|0|0|437|1023|
734312|0|0|0|0|0|0|1381|0|
738719||115263|0||0|0|68601|109020|
735852|0|0|0|0|0|0|0|0|
739886|2538|2174|0|0|0|0|1369|1164|
734682|31422|38244|0|0|0|0|64521|80488|
738490|0|0|0|0|0|0|0|0|
737559|0|0|0|0|0|0|0|0|
734917|0|0|0|0|0|0|70|194|
729632|0|0|0|0|0|0|0|0|
735509|30029|21238|0|0|0|0|109848|133619|
734879|0|0|0|0|0|0|0|0|
736580|5237|1238||0|0|0|6900|5652|
732567|0|0|0|0|0|0|0|0|
728699|||265486|253658|0|0|||
736682|0|0|0|0|0|0|0|592|
736152|4821|4049|0|0|0|0|20924|12221|
734990|119657|123813||0|0|0|78177|78160|
735286|0|0|0|0|0|0|0|0|
736628|0|0|0|0|0|0|0|0|
732410|0|0|0|0|0|0|0|0|
730059|0|0|0|20000|0|0|0|129499|
729938|0|0|0|0|0|0|0|0|
736458||0|||0|0|575|689|
738804|847|83|0|0|0|0|0|0|
734684|0|0|0|0|0|0|138|182|
734296|0|0|0|0|0|0|852|822|
731950|0|0|0|0|0|0|0|0|
736220|0|0|0|0|0|0|5498|4363|
735571|0|0|0|0|0|0|17407|19704|
738546|1610|2284|0|0|0|0|0|0|
735597|||||0|0|16261|9490|
737422|0|0|0|0|0|0|0|0|
736285|2913480|1956049|37858650|15869550|0|0|9708648|10546797|
737591|0|0|0|0|0|0|0|0|
735560|353||||0|0|||
736558|176412|171596|0||0|0|7459|17572|
735651|0|0|0|0|0|0|13102|13698|
738686|20171|20560||0|0|0||0|
738131|||||0|0|1015|4|
737515|0|0|0|0|0|0|0|0|
736520||0||0|0|0|40934|58272|
730284|0|0|0|0|0|0|0|0|
735405|3176|3308|||0|0|11481|11481|
735752|74678|72547||0|0|0|640|159|
739372|0|0|0|0|0|0|0|0|
738136|0|0|0|0|0|0|0|0|
727317|0|0|0|0|0|0|0|0|
734925|0|0|0|0|0|0|0|0|
736839|0|0||0|0|0|7824|8253|
738371|0|0|0|0|0|0|0|0|
737260|0|0||0|0|0|11332|23952|
737220|0|0|0|0|0|0|1524|901|
736587|||||0|0|20610|20555|
729962|0|0|0|0|0|0|0|0|
736685|0||0||0|0|4881|0|
734897|0|0|0|0|0|0|290|2350|
735910|0|0|0|0|0|0|0|0|
736234|||||0|0|98300|36000|
736454|0|0|0|0|0|0|0|0|
735592|0|0|0|0|0|0|0|0|
737433|0||0||0|0|385|1121|
736277|191|153|||0|0|||
737861|3963|2292|0|0|0|0|0|0|
735003|0|0|0|0|0|0|0|0|
737828|0|0|0|0|0|0|1598|1784|
735095|||||0|0|30000|30307|
739041|2262|17711|0|0|0|0|5823|6229|
735041|3166|1971|0|0|0|0|0||
739276|0|0|0|0|0|0|0|0|
739589|0|0|0|0|0|0|0|0|
732658|202602|728638|||0|0|12642|42152|
735974|0|0|0|0|0|0|0|0|
735355||0||0|0|0|9067|8212|
735419|0|0|0|0|0|0|367|407|
738698|0|0|0|0|0|0|0|0|
739488|0|0|0|0|0|0|0|0|
736001|0|0|0|0|0|0|3349|3820|
738183|0|0|0|0|0|0|0|0|
735258|||525356|500542|0|0|1279|1017|
738397|1645|1932|0|0|0|0|0|0|
735448|0|0|215925|180072|0|0|0|0|
738147|92275|94611|||0|0|2289|2651|
738494|64554|48126|1192|55556|0|0|6324|3738|
735927|0|0|0|0|0|0|6424|2648|
739741|0|0|0|0|0|0|0|0|
739442|0|0|0|0|0|0|0|0|
739482|0|0|0|0|0|0|0|0|
736379|50571|94456|0|0|0|0|0|8500|
738927|0|0|0|0|0|0|0|0|
736757|0|0|0|0|0|0|1128|10|
739152|2436|729|0|0|0|0|0|0|
736588|0||0||0|0|955|992|
735645|||24298|19924|0|0|1382||
735935|0|0||0|0|0|16000|18321|
735999|0|0|0|0|0|0|4835|5130|
735978|7677|16157|0||0|0|344|139|
736191|0|0|0|0|0|0|1687|1337|
739411|0|0|0|0|0|0|1531|1210|
738580|||0||0|0|62100|59348|
736287|0|0|0|0|0|0|530|741|
736925|97861|67913|0||0|0|64018|26654|
738535|||545740|0|0|489428|0|398|
738851|0|0|0|0|0|0|1051|459|
735970|19284|22207||0|0|0||0|
735186|0|0|136348|0|0|0|33977|21752|
739213|17151|9412|0|0|0|0|0|0|
736559|0||0||0|0|2157495|3179798|
735558|80784|89444|||0|0|151929|168689|
736007|866300|826912|961195|0|1159928|2757345|74136|13826|
736075|0|0|0||0|0|119906|38847|
735608|45298|50100|11059|8474|0|0|47124|45927|
736382|||||0|0|||
738320|0|0|0|0|0|0|0|0|
730187|0|0|0|0|0|0|2126|2423|
738740|0|0|0|0|0|0|1479|1594|
735079|0|0|0|0|0|0|327|318|
735384|898759|992592||0|0|0|1920065|2048134|
733605|0|0|0|0|0|0|0|0|
730450|||||0|0|4989||
736353|659568|387560|0||0|0|1538254|1302923|
738820|96318|90187|25066|15053|598000|544000|80959|92019|
735860|0|0|0|0|0|0|0|0|
738705|208736|182470|0|0|0|0|3611414|2929456|
737369|190663|170476|2924285|2856033|0|0|54985|62370|
736571|43580|78549|||0|0|||
736724|0|0|0|0|0|0|0|0|
732592|0|0|0|0|0|0|0|0|
733813|0|0|0|0|0|0|0|0|
733945|0|0|0|0|0|0|0|0|
733734|0|0|0|0|0|0|0|0|
736366|0|0|0|0|0|0|0|0|
737428|0|0|0|0|0|0|0|0|
729139|0|0|0|0|0|0|0|0|
736135|221980|232790||0|0|0||0|
735866|0|0|0|0|0|0|0||
736463|0|0|||0|0|2287|2765|
734982|0||0||0|0|0||
735606|0|0|0|0|0|0|0|0|
739211|15530|0|0|0|0|0|0|0|
733059|0|0|0|0|0|0|187671|142671|
735287|0|0|0|0|0|0|0|0|
732681|63094|72952|||0|0|||
733814|0|0|0|0|0|0|0|0|
738394|0|0|0|0|0|0|0|0|
736242|||||0|0|||
738179|0|0|0|0|0|0|0|0|
738349|0|0|0|0|0|0|0|0|
739555|0|0|0|0|0|0|0|0|
738581|0|0|0|0|0|0|0|0|
738651|217497|212813|||1416705|1416705|95609|124852|
738626|0|0|0|0|0|0|0|0|
737460|0|0|0|0|0|0|0|0|
736391|0|0|0|0|0|0|4022|2351|
735031|0|0|0|0|0|0|0|0|
736535|11020|7106||0|0|0|79441|91838|
737239|0|0|0|0|0|0|6319|5628|
737177|14670|13513||0|0|0||0|
738836|17932|21382|0|451384|0|0|233483|327512|
738086|0|0|0|0|0|0|0|0|
729863|0|0|0|0|0|0|0|0|
737364|0|0|0|0|0|0|0|0|
736994|42983|38441|0|0|326352|309929|1401|126|
736991|0|0|0|0|0|0|0|0|
735060|0|0|0|0|0|0|7958|1050|
737514|0|0|0|0|0|0|0|0|
732707|0|0|0|0|0|0|0|0|
738988|135452|151850||0|0|0|3650798|4297954|
735949|0|0|0|0|0|0|0|0|
735322|343|76|0|0|0|0|0|0|
736176|0|0|0|0|0|0|0|0|
736450|0||||0|0|13394|8360|
733950|0|0|0|0|0|0|0|0|
734245|0|0|0|0|0|0|0|0|
733759|0|0|0|0|0|0|0|0|
730207|||98007|108446|0|0|10896|20410|
730426|0|0|0|0|0|0|0|0|
739473|0|0|0|0|0|0|256|18|
733940|0|0|||0|0|||
733735|0|0|0|0|0|0|0|0|
733905|0|0|0|0|0|0|0|0|
736988|0|0|0|0|0|0|0|0|
736097|103030|54906|0||0|0|3192|3192|
735059|||||0|0|||
739156||817|14843|0|0|0||0|
735348|0|0|0|0|0|0|17749|18595|
733578|0|0|0|0|0|0|0|0|
729562|0|0|0|0|0|0|0|0|
737168|0|0|0|0|0|0|0|0|
739831|0|0|0|0|0|0|0|0|
735443|20054|0||0|0|0||777|
734259||65642|||0|0|54591|54591|
738710|||||0|0|||
738957|||||0|0|||
737907|1641089|3741500|||0|0|54269070|59783359|
738977|0|0|0|0|0|0|0|0|
739027|||||0|0|||
735617|0|0|0|0|0|0|0|0|
739272|0|0|0|0|0|0|0|0|
738992|52712|30461|0|178322|0|0|232380|255378|
736729|0|0|0|0|0|0|0|0|
737731|0|0|0|0|0|0|0|0|
736782|||182183|142045|0|0|||
735329|0|0|0|0|0|0|0|0|
732609|0|0|0|0|0|0|0|0|
738882|27399|14643|||0|0|||
739692|0|0|0|0|0|0|0|0|
716030|0|0|0|0|0|0|0|0|
738291|0|0|0|0|0|0|0|0|
735489|15621|19957|||0|0|||
736614|13991|14102|||0|0|||
736841|0||0||0|0|0||
735603|66333|55907|1469890|1407065|0|0|299581|284510|
736205|36039|19379|0|0|0|0|143708|225295|
737850|0|0|0|0|0|0|0|0|
737509|0|0|0|0|0|0|0|0|
736296|||||0|0|||
735183|0|0|0|0|0|0|0|0|
737833|7148271|5439327|0||0|0|32270385|34018226|
737143|0|0|0|0|0|0|0|0|
733712|0|0|0|0|0|0|2188|1901|
730755|0|0|0|0|0|0|0|0|
733964|0|0|0|0|0|0|0|0|
733978|0|0|||0|0|||
735188|0|0|0|0|0|0|0|0|
734714|0|0|0|0|0|0|0|0|
735172|0|0|0|0|0|0|0|0|
735243|0|0|0|0|0|0|0|0|
733693|0|0|0|0|0|0|0|0|
739888|0|0|0|0|0|0|0|0|
736257|||||0|0|||
733440|0|0|0|0|0|0|0|0|
739206|0|0|0|0|0|0|0|0|
733176|0|0|0|0|0|0|0|0|
737905|0|0|0|0|0|0|0|0|
737001|15137|15235|0|0|0|0|0|0|
737995|0|0|0|0|0|0|0|0|
735428|0|0|0|0|0|0|0|0|
739308|0|0|0|0|0|0|0|0|
737955|1661000|1686000||0|0|0||0|
736666|15006|36389|0||0|0|65321|51692|
728070|0|0|0|0|0|0|0|0|
739406|0|0|0|0|0|0|0|0|
734494|0|0|0|0|0|0|0|0|
737510|0|0|0|0|0|0|0|0|
735740|0|0|72861|149900|0|0|0||
736021|0|0|0|0|0|0|600|610|
735467|0|0|0|0|0|0|0|0|
736165||0||0|711797|1072827||0|
738835|4867|0|0|0|0|0|0|0|
734091|0||0||0|0|1192||
734176|0|0|0|0|0|0|0|0|
732097|0|0|0|0|0|0|0|0|
735326|0|0|0|0|0|0|4000|4000|
736431|0|0|0|0|0|0|0|5400|
733808|0|0|0|0|0|0|0|0|
739676|0|0|0|0|0|0|0|0|
738376|0|0|0|0|0|0|0|0|
738619|13282|32832|||0|0||3941|
736359|0|0|0|0|0|0|0|0|
735372|0|0|0|0|0|0|0|0|
736395|0|0|0|0|0|0|0|0|
738895|||||0|0|24232||
736819|53476|17852|0||0|0|69530|145648|
735677|1585|1908|0|0|0|0|0|0|
729248|0|0|0|0|0|0|0|0|
736070|||||0|0|||
736238|49654|76591|0|0|0|0|545088|524132|
734213|0|0|0|0|0|0|0|0|
729835||||0|0|0||0|
739904|2407|1761|0|0|0|0|399|1911|
738730|0|0|0|0|0|0|0|0|
735357|0|0|0|0|0|0|0|0|
737400|142544|86237|||1248547|1112157|11519|4758|
738173|0|0|||0|0|||
736251|324541|383292||0|0|0|11777|8482|
736153|0|0|111900|111900|0|0|0|0|
735066|0|0|0|0|0|0|0|0|
737339|0|0|0|0|0|0|0|0|
739890|975|0|0|0|0|0|0|0|
735392||0|||0|0|4212|5189|
735194|0|0|0|0|0|0|0|0|
735630|0|0|0|0|0|0|0|0|
736009|0|0|3703|3119|0|0|0|0|
735841|0|0|0|0|0|0|0|0|
739075|0|0|0|0|0|0|0|0|
730490|9809962|13627746|0|0|6738739|5088435|112512523|254199668|
738947|0|0|0|0|0|0|0|0|
733843|0|0|0|0|0|0|0|0|
738811|0|0|0|0|0|0|2170|3433|
739611|||||0|0|2860|11224|
738934|0|0|0|0|0|0|0|0|
739512|0|0|0|0|0|0|0|0|
731804|0|0|0|0|0|0|0|0|
732645|0|0|0|0|0|0|0|0|
729437|3300|2797|||0|0|||
735356|0|0|0|0|0|0|331|0|
733885|0|0|0|0|0|0|13677|13109|
732141|0|0|0|0|0|0|0|5400|
737759|413|6830|0|0|0|0|6520|1539|
738735|0|0|0|0|0|0|124|1689|
739437|0|0|0|0|0|0|0|0|
735648|||||0|0|||
737414|||||0|0|||
737561|0|0|0|0|0|0|0|0|
736513|0|15919|0||0|0|0||
739639|0|0|0|0|0|0|0|0|
734907|||||0|0|1640|1934|
738712|0|0|0|0|0|0|0|0|
736309|0|0||0|0|0|13174|18546|
714763|||||0|0|||
738051|0|0|0|0|0|0|0|0|
738755|142602|150674|||4860409|4613240|4875512|4551983|
735373|114254|89432|0|0|0|0|32085|45770|
738311|||||0|0|1749|892|
730147|0|0|0|0|0|0|0|0|
739108|0|0|0|0|0|0|0|0|
739033|0|0|0|0|0|0|0|0|
739070|||||0|0|2183|3833|
735685|0|0|0|0|0|0|0|0|
738424|0|0|0|0|0|0|0|0|
738368|0|0|0|0|0|0|0|0|
737546|0|0|0|0|0|0|0|0|
736858|0|0|0|0|0|0|0|0|
736491|0|0|0|0|0|0|0|0|
736141|0|0|0|0|0|0|0|0|
739009|0|0|0|0|0|0|0|0|
729629|0|0|0|0|0|0|0|0|
736158|0|0|0|0|0|0|0|0|
737987|0|0|0|0|0|0|0|0|
734201|0|0|0|0|0|0|0|0|
733737|0|0|0|0|0|0|0|0|
733743|0|0|0|0|0|0|0|0|
733902|0|0|0|0|0|0|0|0|
735726|0|0|0|0|0|0|0|0|
734161|||||0|0|20673|42098|
732734||0||0|0|0|13957|250|
734004|7754|636|||0|0|89395|100010|
732774|0|0|0|0|0|0|0|0|
737868|123804|0|0|0|0|0|0|0|
731661|0|0|0|0|0|0|0|0|
733912|0|0|0|0|0|0|0|0|
734071|15848|15089|0|0|0|0|0|0|
738838|0|0|12956|12099|0|0|1219|293|
735379|0|0|0|0|0|0|0|0|
739777||0||0|0|0|0|0|
728375|427|1126|0|0|0|0|0|0|
738072|0|0|0|0|0|0|0|0|
735920|0||0||0|0|0||
739559|0|0|0|0|0|0|0|0|
739600|0|0|0|0|0|0|0|0|
737232|||||0|0|12137|15356|
734755|0|0|0|0|0|0|0|0|
730285|||||0|0|||
739636|0|0|0|0|0|0|0|0|
734635|0|0|0|0|0|0|0|0|
737979|0|0|0|0|0|0|0|0|
736620|0|0|0|0|0|0|0|0|
737836|161112|192318|28728|40023|0|0|0||
733939|0|0|0|0|0|0|0|0|
735799|7615|8342|||0|0|||
733411|0|0|0|0|0|0|0|0|
739549|0||0||0|0|8368|2928|
735730|0|0|0|0|0|0|613519|627965|
738088|0|0|0|0|0|0|0|0|
730175|||||0|0|0||
736637|66556|2292|0|1603506|0|0|56004|74639|
733678|0|0|0|0|0|0|0|0|
739773|340|0|0|0|0|0|4631|3218|
737467|0|0|0|0|0|0|0|0|
733683|0|0|0|0|0|0|0|0|
733896|0|0|0|0|0|0|0|0|
738015|0|0|0|0|0|0|2524|53|
738531|0|0|0|0|0|0|0|0|
736727||0|||0|0|||
737071|0|0|0|0|0|0|0|0|
732804|0|0|0|0|0|0|0|0|
737927|0|0|0|0|0|0|774|333|
733264|39562|50580|0|0|0|0|0|0|
737822|0|0|0|0|0|0|0|0|
737149|0|0|0|0|0|0|0|0|
732953|39550|55935|0|0|0|0|0|0|
728276|0|0|0|0|0|0|0|0|
738935|0|0|0|0|0|0|0|0|
734228|0|0|0|0|0|0|0|0|
731622|0|0|0|0|0|0|8131|244|
730155|||||0|0|||
737540|0|890|0|0|0|0|0|0|
737769|0|0|0|0|0|0|0|0|
739681|0|0|0|0|0|0|0|0|
738994|0|0|0|0|0|0|0|0|
736541|0|0|0|0|0|0|0|0|
739834|0|0|0|0|0|0|0|0|
738538|0|0|0|0|0|0|0|0|
732326|0|0|0|0|0|0|0|0|
736443|0|0|0|0|0|0|0|0|
733228|0|0|0|0|0|0|0|0|
733216|0|0|0|0|0|0|4443|685|
735673|0|0|0|0|0|0|0|0|
732559|0|0|0|0|0|0|0|1394|
739774|||||0|0|||
735766|0||160000|513700|0|0|23687|25072|
735813|0|0|0|25000|0|0|0|0|
729008|0|0|0|0|0|0|0|0|
738759|504|1431|0|437229|0|0|39516|46662|
738077|0|0|0|0|0|0|0|750|
738699|0|0|0|0|0|0|0|0|
733936|0|0|0|0|0|0|0|0|
737573|0|0|0|0|0|0|0|0|
736747|0|0|0|0|0|0|0|0|
734811|0|0|0|0|0|0|0|0|
737791|0|0|0|0|0|0|0|0|
733023|71854|68992|0|0|0|0|0|0|
736897|0|0|0|0|0|0|0|0|
735751|353268|321128|0|0|0|0|1797210|1859334|
739451|0|0|0|0|0|0|0|0|
733710|0|0|0|0|0|0|0|0|
735635|0|0|0|0|0|0|0|0|
739281|0|0|0|0|0|0|0|0|
734377|0|0|0|0|0|0|319|86|
738999|0|0|0|0|0|0|0|0|
729433|7568|7287|0|0|0|0|0|0|
734687|0|0|0|0|0|0|0|0|
735358|0||||0|0|||
739854|0|0|0|0|0|0|0|0|
738528|0|0|0|0|0|0|0|0|
737238|0|0|0|0|0|0|2214|0|
733351|0|0|0|0|0|0|0|0|
733952|0|0|0|0|0|0|0|0|
737670|10375|11685||0|0|0|70005|125948|
732892|0|0|0|0|0|0|1350|392|
728606|280|852|0|0|0|0|131572|131572|
733738|0|0|0|0|0|0|0|0|
733740|0|0|0|0|0|0|0|0|
737423|0|0|0|0|0|0|0|0|
733971|0|0|0|0|0|0|0|0|
738685|5126|0|0|0|0|0|170|657|
736237|0|0|0|0|0|0|206|208|
732677|163332|188576|17644|0|0|0|0|0|
739608|0|0|0|0|0|0|0|0|
738090|0|0|0|0|0|0|2506|2253|
739277|0|0|0|0|0|0|0|0|
739030|103779|71112|0|0|0|0|5245|9654|
738833|0||0||0|0|9200|2586|
738859|0|0|0|0|0|0|0|0|
736510|0|0|0|0|0|0|0|0|
736134|2816|17517|||0|0|335|20|
736291|483230|197997|0||0|0|1450032|1077875|
738775|88949|57827|0|149900|0|0|0|0|
737000|61175|0|0|0|0|0|0|0|
737253|0|0|0|0|0|0|940|940|
736235|135279|48801|0|0|0|0|247891|46172|
737326|0|0|0|0|0|0|0|0|
732826|0|0|0|0|0|0|0|0|
735738|0|0|0|0|0|0|0|0|
731727|52|86|0|0|0|0|0|0|
735864|0|0|0|0|0|0|1516|3722|
737091|65088|101063|||0|0|||
737472|||||0|0|||
736012|0|0|0|0|0|0|6365|6537|
736082|103516|109927|0|0|0|0|113|113|
738389|0|0|0|0|0|0|0|0|
736760|0|0|0|0|0|0|0|0|
736856|0|0|0|0|0|0|333|333|
735889|0||0||0|0|32471|28581|
737703|2514|732|0||0|0|47801||
737319|0||0||0|0|0||
736661|0|0|0||0|0|88862||
734462||0||0|0|0|4475|6750|
736344|0||0||0|0|303|17|
733694|0|0|0|0|0|0|0|0|
736162|8950|805|0||0|0|18098|7271|
735785||0||0|0|0||0|
739545|||||0|0|5120|5569|
736224|0|0|0|0|0|0|0|0|
736523|0|0|||0|0|1112|1129|
735485|0|0|0|0|0|0|3654|1496|
734628|0|0|0|0|0|0|0|0|
735517|0|0|0|0|0|0|507|206|
736542|0||0||0|0|8283|963|
736334|0||||0|0|162||
732940|||||0|0||1622|
733251|||||0|0|2658|1684|
735385|||||0|0|2408|3658|
735352||0||0|0|0|295|0|
735375|||||0|0|304|288|
735735|||||0|0|0|0|
733977|0|0|0|0|0|0|0|0|
738040|0|0|0|0|0|0|0|0|
735744||0|||0|0|33287|33644|
735516|0|0|0|0|0|0|765|809|
735733|||||0|0|28248|29404|
739265||0|||0|0|1654|1213|
736615||0|||0|0|1512|0|
737231|0||0||0|0|14232||
738317|1145|794|||277210|269496|19720|20054|
735518||0||0|0|0|2254|2279|
735835|95868|58288|521002|460922|0|0|19072|11178|
734790|0|0|1585|1274|0|0|0|0|
736480|560150|1262636||0|0|0|80807|119288|
734914|10388|9050|||0|0|||
737479|0|0|||0|0|4778|13981|
736173|29867|10654|0||6200000|6082716|10632|10478|
737164|0|0|0|0|0|0|0|0|
730533|0|0|0|0|0|0|0|0|
737139|0|0|0|0|0|0|0|0|
737223|0|0|0|0|0|0|0|0|
735144||0||0|0|0|1919|1678|
733911|0|0|0|0|0|0|0|0|
737887|104579|119848||0|0|0|13809|778|
718202|0|0|0|0|0|0|0|0|
739614|0|0|0|0|0|0|0|0|
734154|0|0|0|0|0|0|0|0|
738956|24002|33564|0|0|0|0|1264866|1116968|
739398|0|0|0|0|0|0|4086|1875|
739796|0|0|0|0|0|0|0|0|
735872|0|0|0|0|0|0|0|2559|
739527|0|0|0|0|0|0|0|0|
735596|0|0|0|0|0|0|579|645|
738529|0|0|0|0|0|0|15000|15000|
738632|0|0|196319|91436|0|0|0|0|
737869|0|0|0|0|0|0|0|0|
737426|0|0|0|0|0|0|0|0|
736390|0|0|0|0|0|0|2252|14388|
736369|0|0|0|0|0|0|1228|1254|
734113|0|0|0|0|0|0|0|0|
732720|2925795|3161602|||0|0|251728557|322490813|
737940||0||0|0|0||0|
733910|0|0|0|0|0|0|0|0|
733751|0|0|0|0|0|0|0|0|
733758|0|0|0|0|0|0|0|0|
733817|0|0|0|0|0|0|752|888|
733901|0|0|||0|0|||
735874|0|0|0|0|0|0|10144|7119|
736026|73|0|0|0|0|0|0|0|
736481|0|0|0|0|0|0|0|0|
735163|0|0|0|0|0|0|0|0|
736275|0|0|0|0|0|0|0|0|
733704|0||0||0|0|0||
736638|0|0|0|0|0|0|0|0|
733253|0|0|0|0|0|0|0|0|
738703|0|0|0|0|0|0|633|2105|
736731|0|0|0|0|0|0|0|0|
738094|0|0|0|0|0|0|0|0|
739097|0|0|0|0|0|0|0|0|
736229|0|0|0|0|0|0|2754|3377|
735449|0|0|0|0|0|0|3366|5679|
736657|0|0|0|0|0|0|0|0|
735447|0|0|0|0|0|0|6764|6614|
736770|709685|775958|0|0|0|0|148891|182559|
736169|||||0|0|||
735746|0||0||0|0|0||
736140|0||0||0|0|2258|1119|
736236|2198|29150||0|0|0||0|
739769|0|0|0|0|0|0|0|0|
735605|0|0|0|0|0|0|0|0|
736507|0|0|0|0|0|0|0|0|
738227|0|0|0|0|0|0|0|0|
736271|0|0|0|0|0|0|0|0|
737513|130|459|0|0|0|0|0|0|
733319|0|0|0|0|0|0|0|0|
735121|0|0|0|0|0|0|0|0|
735513|0|0|0|0|0|0|0|0|
732157|0|0|0|0|0|0|0|0|
738468|1550|2638|0|0|0|0|0|0|
737952|9|0|0|0|0|0|0|0|
739044||0||0|0|0|19427|35065|
739579|0|0|0|0|0|0|0|0|
732435|0|0|0|0|0|0|31|31|
728114|0|0|0|0|0|0|0|0|
730216|1645281|1110593|0|0|11895756|11045744|14823400|24799196|
730553|0||0||0|0|34238|12964|
737962|0|0|0|0|0|0|0|0|
733690|0|0|0|0|0|0|0|0|
735130|0|0|0|0|0|0|0|0|
733904|0|0|0|0|0|0|0|0|
733949|0|0|0|0|0|0|0|0|
733761|0|0|0|0|0|0|0|0|
733898|0|0|0|0|0|0|0|0|
733711|0|0|0|0|0|0|0|0|
734435|5000|19325|0|0|0|0|0|0|
739463|0|0|0|0|0|0|0|0|
736754|32236|30349|0|0|0|0|2652|3129|
735688|0|0|0|0|0|0|622|510|
739516|0|0|0|0|0|0|0|0|
735012|||||0|0|2077|216|
737404|0|0|0|0|0|0|0|0|
735541|||||0|0|2871|2759|
738478|4778|830|||0|0|12363|3921|
738960|0|0|0|0|0|0|0|0|
739042|269005|175920|0|0|0|0|84387|89467|
737562|||||0|0|||
738467|0||0||0|0|0||
737116|||||0|0|||
735325|0|0|0|0|0|0|1034|917|
733146|3422|0|0|0|0|0|824|0|
732651|0|0|0|0|0|0|0|0|
736515|0|0|603|621|0|0|0|0|
737138|5007|4575|0|0|0|0|0|0|
733916|0|0|0|0|0|0|0|0|
736611|0|0|3103|3103|0|0|0|0|
736734|0|0|0|0|0|0|0|0|
734179|0|0|0|0|0|0|0|0|
736634|0|0|0|0|0|0|0|0|
729625|60|0|0|0|0|0|23|25|
731807|0|0|0|0|0|0|0|0|
737110|0|0|0|0|0|0|0|0|
736059|0|0|0|0|0|0|0|0|
738188|0|0|0|0|0|0|0|0|
734249|0|0|0|0|0|0|0|0|
739132|16555|6214||0|0|0|44283|79716|
739199|0|0|0|0|0|0|0|0|
737398|0|0|0|0|0|0|0|0|
735463|0|0|0|0|0|0|0|0|
738896|0|0|0|0|0|0|0|0|
736743|0|0|0|0|0|0|0|0|
739521|0|540|0|0|0|0|12460|10213|
737999|0|0|0|0|0|0|858753|818753|
738152|32|2|0|0|0|0|0|0|
736751|0|0|0|0|0|0|0|0|
737862|0|0|0|0|0|0|0|0|
737080|0|0|0|0|0|0|834|933|
735232|0|0|0|0|0|0|0|0|
735114|0|0|0|0|0|0|0|0|
735731|0|0|0|0|0|0|0|0|
739812|0|0|0|0|0|0|0|0|
739101|0|0|0|0|0|0|0|0|
731930|0|0|0|0|0|0|0|0|
736812|0|0|0|0|0|0|0|0|
737717|0|0|0|0|0|0|0|0|
739798|||||0|0|||
739008|0|0|0|0|0|0|0|0|
733739|0|0|0|0|0|0|0|0|
733951|0|0|0|0|0|0|0|0|
730475|0|0|0|0|0|0|0|0|
736086|0|0|0|0|0|0|0|0|
738746|0|0|0|0|0|0|0|0|
735156|0|0|0|0|0|0|0|0|
739354|0|0|0|0|0|0|0|0|
732531|||||0|0|||
735227|0|0|0|0|0|0|0|0|
731710||0||0|0|0||0|
733753|0|0|0|0|0|0|0|0|
736684|0|0|0|0|0|0|26772|1000|
736674|0||0||0|0|46169|75373|
738210|0|0|0|0|0|0|14750|0|
736177|0|0||0|0|0|936|934|
739652|0|0|0|0|0|0|0|0|
732984|3084|1994|0||0|0|3702||
735793|0|0|0|0|0|0|0|0|
737687|0|0|0|0|0|0|0|0|
733968|0|0|0|0|0|0|0|0|
733812|0|0|0|0|0|0|0|0|
736889|0|0|0|0|0|0|0|0|
736736|0|0|76257|67513|0|0|0|0|
736096|||||0|0|||
729812|0|0|0|0|0|0|0|0|
736633|0|0|0|0|0|0|0|0|
737413||90245|||0|0|7487|68851|
736166|9577|6345|0|0|0|0|8284|5500|
737867|127688|29409|0|0|0|0|0|0|
735099|0||||0|0|6237||
735495|0|0|0|0|0|0|0|0|
735703|0||0||0|0|1831|5030|
730067|500|500|0|0|0|0|0|0|
735796|0|0|0|0|0|0|0|0|
736532|0|0|0|0|0|0|0|0|
736110|0|0|0|0|0|0|0|0|
737190|0|0|0|0|0|0|0|0|
735948|||||0|0|1829|1725|
734759|526|679|0|0|0|0|0|0|
736472|212|2061|0|0|0|0|0|0|
738480|||||0|0|1763|3089|
737557|0|0|0|0|0|0|0|0|
735834|||||0|0|1163|1365|
737585|0|0|0|0|0|0|0|0|
735936|||||0|0|655|14604|
739720|0|0|0|0|0|0|0|0|
739507|0|0|0|0|0|0|0|0|
733741|0|0|0|0|0|0|0|0|
739899|0|0|0|0|0|0|0|0|
737694|0|0|0|0|0|0|0|0|
737801|0|0|0|0|0|0|0|0|
736717|0|0|0|0|0|0|0|0|
739820|0|0|0|0|0|0|0|0|
737155|0|0|0|0|0|0|0|0|
739797|0|0|0|0|0|0|0|0|
736415|0|0|0|0|0|0|35|0|
736404|3084|0|||0|0|570|378|
733744|0|0|0|0|0|0|0|0|
733618|0|0|0|0|0|0|0|0|
733619|0|0|0|0|0|0|0|0|
733680|0|0|0|0|0|0|0|0|
736738|0||0||0|0|0|7157|
731629|0|0|0|0|0|0|251|853|
736621|0|0|0|0|0|0|0|0|
738013|0|0|0|0|0|0|0|0|
736761|0|0|0|0|0|0|0|0|
735253|0|0|0|0|0|0|0|0|
734987|0|0|0|0|0|0|350|21|
736040|0|0|0|0|0|0|0|218|
736625|0|0|0|0|0|0|0|0|
738014|0|0|0|0|0|0|0|0|
738146|0|0|0|0|0|0|0|0|
731656|0||||0|0|||
738066|0|0|0|0|0|0|368|178|
734603|0|0|0|0|0|0|0|0|
736146|0|0|0|0|0|0|0|0|
737277|0|0|0|0|0|0|0|0|
736222|39210|35020|||0|0|229503|183898|
737456|0|0|0|0|0|0|0|0|
735863|0|0|0|0|0|0|0|0|
736740|0|0|0|0|0|0|0|0|
737930|0|0|22308|18685|0|0|9773|39402|
737402|0|0|0|0|0|0|0|0|
736627|0|0|0|0|0|0|0|0|
735972|0|0|0|0|0|0|0|0|
739808|0|0|0|0|0|0|0|0|
737200|0|0|0|0|0|0|0|0|
739472|0|0|0|0|0|0|0|0|
737982|157150|104285|0|0|0|0|1641921|1638413|
739311|148|0|0|0|0|0|0|0|
739031|7966|4480||0|0|0||0|
737798|0|0|0|0|0|0|0|0|
737777|0|0|0|0|0|0|0|0|
735775|0||0||0|0|0||
736901|0|0|0|0|0|0|0|0|
730390||||||0|||
739395|0|0|0|0|0|0|0|0|
736511|0|3162|0||0|0|0||
734719|0|0|0|0|0|0|0|0|
738073|0|0|0|0|0|0|0|0|
737042|0|0|0|0|0|0|0|0|
737453|||||0|0|||
735899|0|0|0|0|0|0|0|0|
