OID|SOURCE|LOANS_OWED_START|LOANS_OBTAINED|CASH_REPAYMENT|NON_CASH_REPAYMENT|LOANS_OWED_END|RPT_ID
260|ACCRUED EXPENSE|0|9873|0|0|9873|249918
22|SERVICE EMPLOYEES INTERNATIONAL UNION|250000|0|0|250000|0|243024
24|Amsouth Line of Credit|0|658732|658732|0|0|243726
25|Checks written in excess of bank bal.|2079625|286541|441574|0|1924592|243726
26|IW Credit Uion|17480|0|17480|0|0|245062
27|IW Credit Union|0|14990|2094|0|12896|245062
28|IW CREDIT UNION|23147|15080|18337|0|19890|245237
29|G.M.A.C.|18045|0|5698|0|12347|245798
31|POWERNET CREDIT UNION ACQ AS PART OF DISOLVED COUN|38433|0|38433|0|0|246471
32|NONE|0|0|0|0|0|246536
33|Demand loan|200|0|0|0|200|246601
35|GMAC|27787|0|5288|0|22499|246841
37|GMAC - auto loan|0|5500|834|0|4666|246908
38|GMAC - auto loan|0|5500|834|0|4666|246908
39|GMAC - auto loan|0|5500|843|0|4657|246908
40|VEHICLE LOAN|0|27653|2294|0|25359|247057
41|MORTGAGE LOAN|98799|0|7376|0|91423|247057
42|GMAC|154401|84145|46822|0|191724|247075
43|Ford Motor Credit|57106|0|24654|0|32452|247087
44|Bank One|4986|0|4986|0|0|247130
45|GMAC|0|11215|11215|0|0|247130
46|NONE|0|0|0|0|0|247243
47|Chrysler Financial|10702|0|8027|0|2675|247244
49|NONE|0|0|0|0|0|247301
50|FORD MOTOR CREDIT|0|15000|1779|0|13221|247303
51|NONE|0|0|0|0|0|247477
52|APCU|6249|0|6249|0|0|247478
53|IBEW LU 278 FCU|2398|0|2398|0|0|247479
54|IBEW LU 278 FCU|0|11668|2161|0|9507|247479
55|IBEW LU 278 FCU|0|4781|592|0|4189|247479
56|FORD MOTOR CREDIT|14800|0|7620|0|7180|247493
57|CHRYSLER FINANCIAL CORP|11502|0|3607|0|7895|247493
58|MASONRY INDUSTRY ADVANCEMENT TRUST|45000|0|0|45000|0|247497
59|GMAC|0|18256|3059|0|15197|247497
60|FORD MOTOR CREDIT|81176|122557|136514|0|67219|247530
61|Afscme International|0|74494|39000|35494|0|247552
62|NATIONAL CITY BANK|10000|0|10000|0|0|247738
63|NONE|0|0|0|0|0|247741
65|N/A|0|0|0|0|0|247747
66|LABOR CREDIT UNION|15368|0|7261|0|8107|247785
67|NONE|0|0|0|0|0|247836
68|Ford Motor Credit Co.|31854|0|10618|0|21236|247878
69|CHASE AUTO FINANCE|0|30747|0|0|30747|247909
70|FORD CREDIT|1740|0|1740|0|0|247909
71|N/A|0|0|0|0|0|247958
72|None|0|0|0|0|0|247962
73|Buiilding  E St Louis|44943|0|11140|0|33803|247980
74|GMAC FINANCIAL|0|15000|3719|0|11281|247984
75|CHRYSLER FINANCIAL|10417|0|5011|0|5406|247984
76|CHRYSLER FINANCIAL|14397|0|4132|0|10265|247984
77|Colorado Springs National Bank|231900|0|21550|0|210350|247988
78|NONE|0|0|0|0|0|247989
79|NONE|0|0|0|0|0|247995
80|AFSCME International|12503|0|12503|0|0|247999
81|CHRYSLER FINANCIAL|25995|0|5199|0|20796|248012
82|NATIONAL CITY BANK|12319|0|4381|0|7938|248013
83|FORD MOTOR CREDIT CO.|12618|0|5078|0|7540|248013
84|KEYBANK|188599|0|19635|0|168964|248013
85|Local 496 JAC|15000|0|15000|0|0|248046
88|Sun Data|160789|0|32086|0|128703|248109
89|Network Fidelity|427218|113692|81247|0|459663|248109
90|Xerox and other leases|124011|0|60869|0|63142|248109
91|AUTO LOANS-CHRYSLER|98165|0|83976|0|14189|248124
92|NONE|0|0|0|0|0|248128
93|GMAC VEHICLE LOAN|6512|0|4883|0|1629|248139
94|INTL UNION ALL NOV & PROD WKRS|22500|0|0|0|22500|248143
96|None|0|0|0|0|0|248168
98|NONE|0|0|0|0|0|248188
99|None - Not Applicable|0|0|0|0|0|248190
101|None|0|0|0|0|0|248221
103|NORTHERN CALIFORNIA CARPENTERS REGIONAL COUNCIL|0|450000|34452|0|415548|248233
104|New England Regional Council of Carpenters|151862|0|8497|0|143365|248276
105|Commonwealth Bank|0|33841|0|0|33841|248276
108|NONE|0|0|0|0|0|248358
109|N/A|0|0|0|0|0|248367
110|NONE|0|0|0|0|0|248375
111|NONE|0|0|0|0|0|248376
112|NONE|0|0|0|0|0|248379
113|FORD CREDIT|10781|0|3658|0|7123|248400
114|FORD CREDIT|17585|0|3032|0|14553|248400
115|Bowen Scarff Ford|0|20941|20941|0|0|248416
116|GMAC|15972|0|11274|0|4698|248418
117|NONE|0|0|0|0|0|248420
118|NONE|0|0|0|0|0|248432
119|NONE|0|0|0|0|0|248440
120|Ford Motor Credit|0|23332|0|0|23332|248441
121|Ford Motor Credit|0|25600|25600|0|0|248441
123|NONE|0|0|0|0|0|248443
124|NONE|0|0|0|0|0|248444
125|TRUCK NOTE-BANK OF AMERICA|18578|0|3952|0|14626|248453
126|NONE|0|0|0|0|0|248461
127|NONE|0|0|0|0|0|248463
128|Norhthern California Carpenters Regional Council|1142644|0|35575|0|1107069|248476
129|AMEX BUSINESS SYSTEMS|6251|0|1257|0|4994|248481
130|Donald & Emma Trent|162924|0|34567|0|128357|248486
131|NONE|0|0|0|0|0|248497
132|Nepco Credit Union|37748|0|9672|0|28076|248511
133|NONE|0|0|0|0|0|248521
134|Keybank - 4901E Mayflower Ln|383775|0|42373|0|341402|248526
135|AUTO LOAN FORD MOTOR CREDIT|18688|0|8970|0|9718|248537
137|NONE|0|0|0|0|0|248541
138|GMAC|0|26997|6284|0|20713|248549
139|NONE|0|0|0|0|0|248561
140|NONE|0|0|0|0|0|248571
141|DODGE AUTO LOAN|9689|0|2887|0|6802|248572
142|NONE|0|0|0|0|0|248588
143|Detroit Federation of Teachers|163849|0|53280|0|110569|248593
144|N/A|0|0|0|0|0|248598
145|Canon Financial Services, Inc|0|0|5665|0|0|248601
146|Canon Financial Services, Inc.|0|0|649|0|12227|248601
147|M&T Bank|1580289|0|192807|0|1387482|248606
148|NONE|0|0|0|0|0|248665
149|IUOE _ Reserve Fund|251550|0|198000|0|53550|248668
150|UNION PLANTEERS|0|165000|73932|0|91068|248673
151|UNION PLANTEERS|0|28100|0|0|28100|248673
152|UNION PLANTEERS|32467|0|32467|0|0|248673
153|BANK OF NASHVILLE|43493|0|7393|0|36100|248673
154|UNION PLANTEERS|18190|0|5908|0|12282|248673
155|UNION PLANTEERS|951784|0|24557|0|927227|248673
156|AMSOUTH|158663|148354|11276|0|295741|248673
157|NONE|0|0|0|0|0|248675
158|NONE|0|0|0|0|0|248680
159|NATIONAL CITY LINE OF CREDIT|32000|0|32000|0|0|248687
161|Fifth Third Bank|0|230000|714|0|229286|248697
162|Ford Credit|0|24151|4696|0|19455|248697
163|GMAC|0|5000|871|0|4129|248697
164|Chrysler Financial|0|64563|64563|0|0|248700
165|Ford Motor Credit|6082|0|4562|0|1520|248708
169|Overpayment of Due To IWBC|4562|0|1317|0|3245|248728
170|CITIZENS BANK|490000|0|490000|0|0|248731
171|FIFTH THIRD BANK|500000|0|500000|0|0|248731
172|NATIONAL CITY BANK|425000|0|425000|0|0|248731
173|UBC INTERNATIONAL|80000|0|80000|0|0|248731
174|GENERAL MOTORS ACCEPTANCE CORP|0|43400|6723|0|36677|248733
175|NONE|0|0|0|0|0|248743
176|NONE|0|0|0|0|0|248746
177|NONE|0|0|0|0|0|248762
178|NONE|0|0|0|0|0|248792
180|NONE|0|0|0|0|0|248825
181|NONE|0|0|0|0|0|248867
182|NONE|0|0|0|0|0|248870
183|Huntington National Bank - Mtge|180092|0|15761|0|164331|248873
184|Ford Motor Credit - 2002 Taurus|10735|0|10735|0|0|248873
185|Ford Motor Credit -2003 Taurus|18567|0|5259|0|13308|248873
186|Ford Motor Credit - 2005 500|0|16570|435|0|16135|248873
187|Ford Motor Credit - 2005 Focus|0|18273|1942|0|16331|248873
188|GMAC - 3 Buick Centuries|0|51806|11871|0|39935|248873
189|GMAC|0|15029|1642|0|13387|248881
190|FIRST COLLINSVILLE BANK|109795|88195|89185|0|108805|248884
191|Comerica Bank|10691|0|10691|0|0|248890
192|FIRST MIDWEST BANK|7167|0|7167|0|0|248895
193|FIRST MIDWEST BANK|7743|0|7743|0|0|248895
194|GMAC|0|26591|9849|0|16742|248895
195|NONE|0|0|0|0|0|248898
196|NONE|0|0|0|0|0|248905
197|CREDIT CARDS|6516|9813|6516|0|9813|248922
199|FORD MOTOR COMPANY|17454|0|17454|0|0|248935
200|NORTH FORK BANK|21146|0|2188|18958|0|248935
201|NORTH FORK BANK|26208|0|8500|0|17708|248935
202|CHRYSLER AUTO LOAN|6228|0|6228|0|0|248945
203|SNIDER EQUIPMENT LEASE|32843|0|20743|0|12100|248945
204|BUILDING CONSTRUCTION LOAN|151423|0|44101|0|107322|248945
205|BUILDING IMPROVEMENT LOAN|36198|0|10144|0|26054|248945
206|VACATION LOAN PAYABLE|0|170000|5726|0|164274|248945
207|INTERNATION PER CAPITA LOAN|0|71135|0|0|71135|248945
208|Rochester Carpenters LU 85|56386|0|471|0|55915|248991
209|COPIER LEASE/PURCHASE|6565|0|2188|0|4377|248993
210|GMAC Financing|1736|0|1736|0|0|249001
211|GMAC Financing|14096|0|7516|0|6580|249001
212|GMAC Financing|0|21615|0|0|21615|249001
213|Ron Tonkin|31259|0|8155|0|23104|249002
218|Construction Loan -Oak Street Bldg|513189|0|43282|0|469907|249010
219|Union Savings Bank|500000|143216|9862|0|633354|249021
220|SunTrust Bank|0|28550000|28550000|0|0|249039
221|AMCORE BANK|6193|0|6193|0|0|249219
222|RIVERSIDE BANK|0|14239|2237|0|12002|249219
223|UNITED BROTHERHOOD OF CARPENTERS|80563|0|80563|0|0|249253
224|COMMERCE BANK|250000|0|250000|0|0|249253
225|COMMERCE BANK VALCOUR LINE|5719184|0|5719184|0|0|249253
226|Bryn Mawr Trust Co.|1841667|0|281667|0|1560000|249290
227|NONE|0|0|0|0|0|249334
228|Ford Credit|171589|21979|130535|0|63033|249335
229|Marlin Leasing|7885|0|2597|0|5288|249335
230|None|0|0|0|0|0|249354
231|PNC BANK - MORTGAGE|0|300000|11851|0|288149|249381
232|NONE|0|0|0|0|0|249382
233|IBEW International|0|725000|133300|0|591700|249383
234|Tenant lease deposit|9252|0|9252|0|0|249383
236|CHRYSLER PAYABLE|0|24357|1676|0|22681|249416
237|FNB OF THE ROCKIES|200326|0|13119|0|187117|249460
238|NONE|0|0|0|0|0|249462
239|NONE|0|0|0|0|0|249475
240|HUNTINGTON NAT'L BANK-AUTO|5281|0|4854|0|427|249512
241|None|0|0|0|0|0|249531
242|Ford Motor Credit|7640|0|7640|0|0|249533
1373|0|0|0|0|0|0|273568
243|POWERNET CREDIT UNION|50820|0|24802|0|26018|249537
244|KEY BANK NATIONAL ASSOC|190718|0|7631|0|183087|249547
245|Ford Motor Credit|0|21002|21002|0|0|249550
246|NOT APPLICABLE|0|0|0|0|0|249581
247|OLD NATIONAL BANK|276300|0|89092|0|187208|249644
248|FORD CREDIT|2560|0|2560|0|0|249644
249|BROTHERHOOD BANK & TRUST|0|620000|10149|0|609851|249660
250|FORD CREDIT|13005|9320|14186|0|8139|249680
252|THE SAVANNAH BANK|0|75250|0|0|75250|249703
253|NONE|0|0|0|0|0|249715
254|NATIONAL CITY BANK|1000000|0|1000000|0|0|249717
255|AMALGAMATED BANK|0|26000000|200000|0|25800000|249717
257|Ford Credit|16739|0|16739|0|0|249846
258|ACCRUED EXPENSES|2304|0|2304|0|0|249857
259|AUTO LOAN|0|7000|518|0|6482|249866
510|NONE|0|0|0|0|0|266132
262|ELECTRICAL WORKERS 237, INC.|22|0|0|0|22|250065
263|BANK OF AMERICA CREDIT LINE|0|93500|3500|0|90000|250065
264|COLONIAL BANK MORTGAGE|308887|0|308887|0|0|250185
265|FORD MOTOR CREDIT|5175|0|5175|0|0|250190
266|FORD CREDIT|34575|0|5779|28796|0|250516
267|CHASE AUTOMOTIVE|0|54976|10090|0|44886|250516
268|NONE|0|0|0|0|0|250599
269|BLACKHAWK STATE BANK|0|51403|51403|0|0|250930
270|WILMINGTON TRUST CO|64353|0|64353|0|0|250935
271|GMAC CREDIT CORPORATION|117047|36247|15731|0|137563|251040
272|NONE|0|0|0|0|0|251521
273|NONE|0|0|0|0|0|251529
274|AFT|150887|0|10761|0|140126|251670
275|AMALGAMATED BANK OF NY|36666|0|36666|0|0|251670
276|NONE|0|0|0|0|0|251694
277|NOTES PAYABLE|13615|9606|5068|0|18153|251773
278|NONE|0|0|0|0|0|251864
279|Chrysler Financial|0|20240|20240|0|0|251994
280|PAYROLL LIABILITIES|706|0|706|0|0|252055
281|CREDIT CARD PAYABLE|426|0|426|0|0|252055
284|San Diego Firefighters Credit Union|0|50000|50000|0|0|252232
285|Building Promissory Notes|410000|0|20000|0|390000|252232
286|SDFF L145 Dental Acct|0|44975|0|0|44975|252232
287|N/A|0|0|0|0|0|252239
288|UNION SAVINGS BANK|121152|92476|38988|0|174640|252241
289|GMAC|7065|0|7065|0|0|252241
298|NONE|0|0|0|0|0|252252
299|NOT APPLICABLE|0|0|0|0|0|252257
300|ALLIANT ENERGY|28106|0|10991|0|17115|252387
301|COMMUNITY BANK|134967|0|6814|0|128153|252417
302|AUTOMOBILE LOAN|17420|0|3604|0|13816|252418
303|First Trade Union Bank|299150|0|110715|0|188435|252564
305|TEXAS FIRST BANK|0|21375|7875|0|13500|252817
306|NONE|0|0|0|0|0|252819
307|DELL|0|2485|0|0|2485|253174
308|Ford Motor Credit Corp|10084|0|4894|0|5190|253277
309|Security One Credit Union|14803|0|3249|0|11554|253277
310|Powernet|12182|0|12182|0|0|253547
311|NONE|0|0|0|0|0|253616
312|GMAC Financing|9795|0|2161|0|7634|253838
313|NONE|0|0|0|0|0|253881
314|NONE|0|0|0|0|0|253882
315|None|0|0|0|0|0|254080
316|GMAC AUTO FINANCING|44391|0|9424|0|34967|254084
317|CHRYSLER FINANCIAL|0|10000|1436|0|8564|254107
318|NONE|0|0|0|0|0|254259
319|NONE|0|0|0|0|0|254332
320|Lafayette Ambassador Bank|8413|0|8413|0|0|254334
321|IOS Capital|3453|0|692|2761|0|254334
322|Pitney Bowes|18727|0|5762|0|12965|254334
323|Ikon|0|24497|4103|0|20394|254334
324|Great America Leasing|0|10863|1349|0|9514|254334
325|AUTO LOAN|4575|0|4575|0|0|254666
326|MILLWRIGHTS LOCAL #1163|48705|0|0|48705|0|254687
327|NONE|0|0|0|0|0|254710
328|NONE|0|0|0|0|0|254733
329|None|0|0|0|0|0|255062
330|M & T CREDIT CORP|15914|0|5403|0|10511|255169
331|GMAC|3588|0|0|3588|0|255306
332|BLDG TRADE FED CR UNION|12012|0|0|4885|7127|255306
333|Ford Motor Credit Corp.|12409|15335|5553|0|22191|255898
334|NONE|0|0|0|0|0|255997
335|Fidelity Federal Bank-mortgage|180881|0|12702|0|168179|256369
336|Fidelity Federal Bank-auto note|1522|0|1522|0|0|256369
337|Fidelity Federal Bank-auto note|10202|0|3871|0|6331|256369
338|Ford Motor Credit|0|39025|5354|0|33671|256409
339|Ford Motor Credit|0|39275|5352|0|33923|256409
340|Ford Motor Credit|0|45816|5978|0|39838|256409
341|WFS FINANCIAL|14826|0|5177|0|9649|256526
345|GMAC VEHICLE LOANS|77721|0|70168|0|7553|257471
346|LOAN FROM PNC BANK|0|250000|13168|0|236832|257593
347|LOAN PAYABLE (VEHICLES)|102539|0|102539|0|0|257973
348|Amalgamated Bank of Chicago|30000|0|30000|0|0|257976
349|NONE|0|0|0|0|0|257978
351|ARVEST BANK (FORMERLY SUPERIOR FED. BANK)|7744|0|3416|0|4328|258082
352|BTA FEDERAL CREDIT UNION|12068|0|12068|0|0|258509
353|BTA FEDERAL CREDIT UNION|0|23575|682|0|22893|258509
354|CHRYSLER FINANCIAL|0|24941|24941|0|0|258509
355|Fidelity Federal Bank|316352|0|28746|0|287606|258549
356|CHRYSLER FINANCIAL|19443|0|6481|0|12962|258605
357|AMALGAMATED BANK|98530|0|98530|0|0|258833
358|GE CAPITAL CORPORATION|191161|0|191161|0|0|258833
359|FORD MOTOR CREDIT|0|81249|17175|0|64074|259510
360|Loan Payable - General Fund|20771|0|0|0|20771|259654
361|Capitalized Equip Lease|18348|0|3514|0|14834|259654
362|Mortgage payable Bank of America - Tri Cities|229208|0|229208|0|0|259662
363|Mortgage payable Key Bank - Olympia|147884|0|147884|0|0|259662
364|Mortgage payable Key Bank- Auburn|2270517|17130|502471|0|1785176|259662
365|Note payable Key Bank - equipment loan|0|75000|75000|0|0|259662
366|Note payable Key Bank - buildout|0|722315|387117|0|335198|259662
367|NYSUT Computer|2089|0|2089|0|0|259697
369|FORD CREDIT|2940|0|2940|0|0|259704
370|XEROX COPIER|22166|0|5818|0|16348|259704
372|Bank of America|0|400000|400000|0|0|260525
373|Oracle Credit Corp|77487|0|77487|0|0|260525
374|SOUTHSIDE BANK|25716|0|13144|0|12572|260530
375|COPY WORLD|2600|0|2600|0|0|260695
376|BANK OF AMERICA - VISA|0|10000|445|0|9555|260858
377|CWA NATIONAL OFFICE|14600|0|0|0|14600|260934
379|LIFE CREDIT UNION|97881|25900|48638|0|75143|260946
380|NONE|0|0|0|0|0|260995
382|CITIZENS BANK|0|2500000|0|0|2500000|260997
383|NONE|0|0|0|0|0|260999
384|NONE|0|0|0|0|0|261044
385|NATIONAL CWA|380973|0|0|24496|356477|261106
386|DEUTSCHE BANK|4500000|0|0|0|4500000|261118
387|MICROSOFT LEASING|0|20930|2907|0|18023|261118
388|ELEVATOR CONSTRUCTORS|1000|0|1000|0|0|261195
389|Promissory Note 6.5% Due 12/19/2004|158245|0|158245|0|0|261196
390|Promissory Note 5.79% Due 12/9/2014|0|160000|8973|0|151027|261196
391|XEROX COPIER|11078|0|3036|0|8042|261201
392|CHRYSLER FINANCIAL|26977|0|4976|0|22001|261233
393|International CWA|236581|0|6532|0|230049|261326
395|JPMorgan Chase|2408333|0|215000|0|2193333|261332
399|CWA NATIONAL|340655|0|35396|0|305259|261477
400|CWA LO 9400-REC'D IN ERROR|50000|0|27007|22993|0|261477
401|NATIONAL CITY BANK|138614|0|138614|0|0|261480
402|CWA NATIONAL|281014|0|246560|34454|0|261481
403|HICKORY POINT BANK|6625|0|6625|0|0|261482
404|NONE|0|0|0|0|0|261483
405|NONE|0|0|0|0|0|261484
406|Ford Credit Company|963|6858|1738|0|6083|261490
407|GMAC|270830|183379|64007|79512|310690|261518
408|FORD MOTOR CREDIT|55465|0|13533|19238|22694|261518
409|NISSAN MOTOR ACCEP. CORP.|28681|0|1854|26827|0|261518
410|CHASE AUTOMOTIVE FINANCE|35300|0|9396|0|25904|261518
411|CHRYSLER FINANCIAL|0|67125|8919|0|58206|261518
412|NONE|0|0|0|0|0|261524
413|SOUTHSIDE BANK|8227|0|4416|0|3811|261526
414|SOUTHSIDE BANK|10918|0|3469|0|7449|261526
415|Advanced Dues from National|0|800|0|0|800|261602
416|CWA INTERNATIONAL UNION|72748|0|6424|0|66324|261606
417|CALIFORNIA LEASING|0|45962|33733|0|12229|261606
418|Washington Real Estate Holdings, Inc.|40477|0|40477|0|0|261616
419|Comdial Phone Systems|485|0|485|0|0|261616
420|N/A|0|0|0|0|0|261628
421|STANDARD FEDERAL BANK|30356|0|1000|0|29356|261672
422|CWA International|28179|0|11459|0|16720|261674
423|IKON COPIER LEASE|27520|0|8422|0|19098|261714
424|W F COMPUTER SYSTEM LEASE|22045|0|5251|0|16794|261714
425|FIRST TRUST BANK OF ILLINOIS|0|29500|1630|0|27870|261717
426|NONE|0|0|0|0|0|261718
428|NONE|0|0|0|0|0|261723
429|NONE|0|0|0|0|0|261738
430|IUE - To Construct Union Hall|30600|0|4550|0|26050|261748
431|COMM WORKERS OF AMERICA|1049849|0|13710|0|1036139|261749
432|Notes Payable|67417|30073|24224|0|73266|261751
433|NOT APPLICABLE|0|0|0|0|0|261769
434|AFSCME INTERNATIONAL|62698|0|25080|0|37618|261934
435|BANK OF AMERICA|1404873|0|66184|0|1338689|261934
436|MILESTONE ASSOCIATES|114790|0|10577|0|104213|261934
437|Comerica Bank|5000000|0|1145837|0|3854163|261937
438|Parish National Bank|17412|0|5081|0|12331|261974
439|Parish National Bank|0|66350|0|0|66350|261974
461|Note payable - CWA National Office|189421|0|2165|0|187256|262634
462|DELL CAPITAL LEASE|1132|0|670|0|462|262660
443|Bank of The Cascades|0|2000000|31089|0|1968911|262223
444|International MRF Loan|0|190000|3434|0|186566|262354
445|Legal (Int'l)|15200|0|4400|0|10800|262355
446|Line of Credit (Allco)|7128|0|2443|0|4685|262355
447|Pension (Int'l)|0|3700|0|0|3700|262355
452|AUTO LOAN|0|23309|0|0|23309|262526
453|COMM WORKERS OF AMERICA|240275|0|4193|0|236082|262527
454|Credit Card|222|0|222|0|0|262624
455|GMAC|24491|0|7771|0|16720|262624
456|FORD|0|33086|4182|9500|19404|262624
463|C W A National|0|200000|0|0|200000|262674
458|FORD CREDIT - FORD TAURUS|0|5317|5317|0|0|262632
459|FORD CREDIT - FORD TAURUS|0|4066|4066|0|0|262632
460|FORD CREDIT - FORD TAURUS|0|5688|5688|0|0|262632
464|Certificates payable|3350|0|0|0|3350|262737
465|FORD CREDIT|18168|0|4788|0|13380|262767
466|FORD CREDIT|0|22018|5395|0|16623|262767
468|NONE|0|0|0|0|0|263103
471|General Motors Acceptance Corp|5978|0|5978|0|0|263568
472|Ford Credit Corporation|27066|0|15357|0|11709|263568
473|The Bank of Edwardsville|2446|0|2446|0|0|263568
474|The Bank of Edwardsville|15463|0|15463|0|0|263568
475|General Motors Acceptance Corp|0|31997|0|0|31997|263568
477|Chrysler Financial|2753|0|2753|0|0|263694
478|Key Equipment|186889|0|186889|0|0|263694
479|Chrysler Financial|0|7600|7600|0|0|263694
480|Chrysler Financial|0|35899|5932|0|29967|263694
481|Chrysler Financial|0|3407|3407|0|0|263694
482|None.|0|0|0|0|0|263791
483|1126 HOUR CORP|0|5000|5000|0|0|264009
484|N/A|0|0|0|0|0|264101
485|CWA NATIONAL|239231|0|25220|0|214011|264104
486|PROMISSORY NOTE, DUE 5/2007|49385|0|2889|0|46496|264258
487|CREDIT LINE|0|10000|6949|0|3051|264258
488|N/A|0|0|0|0|0|264264
489|N/A|0|0|0|0|0|264264
490|N/A|0|0|0|0|0|264264
491|N/A|0|0|0|0|0|264264
492|N/A|0|0|0|0|0|264264
493|N/A|0|0|0|0|0|264264
494|N/A|0|0|0|0|0|264264
495|N/A|0|0|0|0|0|264264
496|N/A|0|0|0|0|0|264264
497|N/A|0|0|0|0|0|264264
498|N/A|0|0|0|0|0|264264
499|CWA INTERNATIONAL|0|57000|0|0|57000|264349
500|GMAC|15276|0|4629|0|10647|264368
501|NONE|0|0|0|0|0|264994
502|Canon Financial|15586|0|3401|0|12185|265304
503|SOVEREIGN BANK|1324520|300000|1457101|0|167419|265307
504|Credit Cards/Other (Net)|677|1651|677|0|1651|265640
507|Jefferson Bank|4688|0|4688|0|0|265815
509|NONE|0|0|0|0|0|266077
765|NONE|0|0|0|0|0|270798
511|Op. Eng. #3 FCU Loan #142|0|25910|2254|0|23656|266263
512|Op. Eng. #3 FCU Loan #143|0|23876|2002|0|21874|266263
513|Op. Eng. #3 FCU Loan #144|0|23876|2002|0|21874|266263
514|Op. Eng. #3 FCU Loan #145|0|27569|0|0|27569|266263
515|SBC Capital Lease payable|0|7297|2930|0|4367|266263
516|Repayments made on mortgage|0|0|14080|0|0|266263
517|NONE|0|0|0|0|0|266307
518|COLONIAL BANK|0|455028|0|0|455028|266345
519|AMALGAMATED BANK OF NY|45090|38444|21347|0|62187|266347
520|GMAC|0|0|3469|0|30379|266349
521|FORD CREDIT|0|0|997|0|0|266349
522|OPEIU International|13000|0|13000|0|0|266541
523|OPEIU International|87000|0|18000|0|69000|266541
524|Ford Motor Credit|9531|0|5546|0|3985|266569
525|GMAC Finance|5000|0|5000|0|0|266702
526|NONE|0|0|0|0|0|266747
531|FORD MOTOR CREDIT|37737|0|7686|0|30051|266908
532|GMAC|42479|0|8461|0|34018|266908
533|Members/Districts|7689|0|4432|0|3257|266962
534|NONE|0|0|0|0|0|267019
535|N/A|0|0|0|0|0|267094
537|NONE|0|0|0|0|0|267336
539|C.W.A. AFL-CIO NAT'L UNION|332817|0|38095|0|294722|267397
540|BUILDING TRADES FCU|194483|0|35463|0|159020|267397
541|BUILDING TRADES FCU|0|23664|506|0|23158|267397
542|BUILDING TRADES FCU|0|23655|506|0|23149|267397
543|BUILDING TRADES FCU|0|24921|531|0|24390|267397
544|BUILDING TRADES FCU|0|25137|536|0|24601|267397
545|BUILDING TRADES FCU|0|25137|536|0|24601|267397
546|BUILDING TRADES FCU|0|24922|531|0|24391|267397
547|BUILDING TRADES FCU. ITEM69|0|21655|224|0|21431|267397
548|BUILDING TRADES FCU|0|25525|264|0|25261|267397
549|G.M.A.C.|5856|0|5856|0|0|267397
550|S.B.C. CAPITAL|30938|0|30938|0|0|267397
551|FORD CREDIT|18365|0|7007|0|11358|267397
565|Automotive Federal Credit Union|64558|0|33511|0|31047|267442
566|GMAC|945|0|945|0|0|267454
567|Ford Motor Credit Corp.|12989|0|5510|0|7479|267454
568|Ford Motor Credit Corp.|0|23865|2652|0|21213|267454
569|Ford Motor Credit Corp.|0|26386|2877|0|23509|267454
571|DELL COMPUTERS|1312|0|1312|0|0|267804
572|NONE|0|0|0|0|0|267836
574|NONE|0|0|0|0|0|267863
575|NONE|0|0|0|0|0|267865
576|0|0|0|0|0|0|267867
577|MERCHANTS & MARINE BANK|4092|0|4092|0|0|267873
578|IAM&AW LL 124|15000|0|15000|0|0|267987
579|GMAC|274210|424483|81648|201429|415616|268019
580|CHRYSLER FINANCIAL|12672|0|3663|0|9009|268032
581|None|0|0|0|0|0|268069
582|FORD MOTOR CREDIT(106828)|14719|0|2820|0|11899|268115
583|FORD MOTOR CREDIT(117287)|15336|0|2537|0|12799|268115
584|OPCMIA International Union|0|50000|50000|0|0|268116
585|Note payable- CWA International|12313|0|1437|0|10876|268118
586|NONE|0|0|0|0|0|268119
587|Wells Fargo Bank|24431|0|9408|0|15023|268181
588|First City Bank|0|16116|3672|0|12444|268181
589|First City Bank|0|14776|3367|0|11409|268181
590|First City Bank|0|14296|3258|0|11038|268181
591|First City Bank|0|14296|3258|0|11038|268181
592|First City Bank|0|21591|4920|0|16671|268181
593|First City Bank|0|16165|2845|0|13320|268181
594|NOTE PAYABLE-FORD CREDIT|0|7998|1067|0|6931|268259
595|M&T BANK|6713|0|6713|0|0|268278
596|NONE|0|0|0|0|0|268289
598|GMAC|26269|0|4508|0|21761|268312
599|Mortgage-Citizens Bank|265607|0|265607|0|0|268393
600|NONE|0|0|0|0|0|268457
601|Desert Energy Federal Credit Union|0|21463|6993|0|14470|268458
602|OTHER FUNDS|13859|0|13859|0|0|268521
603|BANK ERRORS|14361|4108|14361|0|4108|268521
604|OWED TO IMPREST|19441|0|19441|0|0|268521
605|WITHHOLDING OWED|11708|0|11708|0|0|268521
607|Winchester Savings Bank|336010|0|5232|0|330778|268532
608|AUTO LOAN|0|12000|2846|0|9154|268535
609|US BANK|146245|0|55078|0|91167|268564
610|COLUMBIA STATE BANK|0|32084|15732|0|16352|268569
613|NONE|0|0|0|0|0|268593
614|GMAC|41024|0|10004|0|31020|268652
615|FORD MOTOR CREDIT COMPANY|152981|7058|48236|17145|94658|268652
616|NORTHEASTERN ENGINEERS CREDIT UNION -AUTOMOBILE|0|17334|1510|0|15824|268652
617|vehicle loan|10205|0|10205|0|0|268668
618|Twu International|20000|0|0|0|20000|268724
622|PLUMBERS FCU # 19|0|18466|3502|0|14964|268928
623|PLUMBERS FCU # 348|0|8893|2253|0|6640|268928
625|MORTGAGE ON BUILDING|290748|0|4683|0|286065|268933
626|CHRYSLER FINANCIAL|0|10350|10350|0|0|268964
627|Ford Motor Credit|0|15000|3670|0|11330|268974
628|NONE|0|0|0|0|0|269018
629|FORD MOTOR CREDIT CORP.|10155|0|6648|0|3507|269023
630|SUFFOLK COUNTY NAT'L BANK|0|28673|5905|0|22768|269023
631|SUFFOLK COUNTY NAT'L BANK|0|26597|3391|0|23206|269023
632|CHASE AUTOMOBILE FINANCE|7920|0|968|6952|0|269023
633|CHASE AUTOMOBILE FINANCE|7286|0|4439|2847|0|269023
634|FORD MOTOR CORP.|75222|0|22479|0|52743|269136
635|GMAC|41597|0|5368|0|36229|269219
636|GMAC|0|0|3216|0|30854|269219
638|FORD MOTOR CREDIT|37254|0|6922|0|30332|269257
639|GMAC|37773|0|6129|0|31644|269257
640|N/A|0|0|0|0|0|269261
641|MARLIN LEASING|9061|24011|9362|0|23710|269289
642|NONE|0|0|0|0|0|269290
643|NONE|0|0|0|0|0|269292
644|CHASE AUTO FINANCE|0|28715|1659|0|27056|269294
645|Intertel Telephone Lease|0|14565|1474|0|13091|269301
646|Dell Financial Services|11321|0|3649|0|7672|269301
647|INTERNATIONAL UNION|36000|0|36000|0|0|269333
648|None|0|0|0|0|0|269334
649|Sovereign Bank|0|17650|1086|0|16564|269336
651|BERKSHIRE SAVINGS BANK|28466|7417|21314|0|14569|269354
652|NONE|0|0|0|0|0|269469
653|UNITE H.E.R.E. Int'l Assoc.|149107|0|18000|0|131107|269480
654|FORD MOTOR CREDIT|297993|103541|98648|0|302886|269521
655|FORD MOTOR CREDIT CO.|35067|0|7255|0|27812|269522
656|FORD MOTOR CREDIT CO|0|17380|3875|0|13505|269522
657|FORD MOTOR CREDIT CO|0|17182|3019|0|14163|269522
658|NONE|0|0|0|0|0|269523
659|Local 166 Building Corp|5000|0|5000|0|0|269547
660|FORD CREDIT|95876|0|95876|0|0|269557
661|EMPLOYER BOND DEPOSITS|25042|6147|9017|0|22172|269557
662|VEHICLE LOAN GMAC|14917|0|4545|0|10372|269560
663|TEAMSTERS CREDIT UNION|15176|0|13155|0|2021|269600
664|QUEEN CITY FED'L SAVINGS|238005|0|6126|0|231879|269603
665|Greylock Federal Credit Union|124704|0|3781|0|120923|269606
668|Home Savings & Loan|55815|0|20062|0|35753|269647
669|OPEIU Pension Fund|30200|0|8400|0|21800|269658
670|LOANS PAYABLE - NATIONAL CITY|496913|0|45597|0|451316|269735
671|IAM&AW GRAND LODGE|8050|0|1400|0|6650|269758
676|LBA to Bank|1838730|0|429724|0|1409006|269770
677|FORD MOTOR CORP.|23527|43066|21310|11178|34105|269791
678|IBT|68946|0|19264|0|49682|269829
679|GMAC AUTO LOANS|108773|0|30062|0|78711|269852
680|FORD CREDIT|17271|0|7971|0|9300|269852
681|NONE|0|0|0|0|0|269911
682|NE TEAMSTERS FCU|0|13021|1193|0|11828|269912
683|FORD MOTOR CREDIT|0|14000|2528|0|11472|269912
684|XEROX CORPORATION|3512|0|2088|0|1424|269913
687|CAR LOAN|13280|0|5062|0|8218|269916
688|Auto Loans|36101|0|20638|0|15463|269917
690|NONE|0|0|0|0|0|269919
691|Citizens Bank|203333|0|43333|0|160000|269921
692|Citizens Bank|0|104678|2750|0|101928|269921
693|GMAC|9729|0|5284|0|4445|269921
694|GMAC|14108|0|6270|0|7838|269921
695|GMAC|12690|0|6365|0|6325|269921
696|GMAC|2021|0|2021|0|0|269921
697|Chase Auto Financing|16803|0|5369|0|11434|269921
698|Ford Credit|5082|0|5082|0|0|269921
699|Ford Credit|13098|0|6653|0|6445|269921
700|GMAC|0|19007|5304|0|13703|269921
701|GMAC|0|19007|5304|0|13703|269921
703|FUND CREDIT CORP.|15000|51000|66000|0|0|270008
704|NONE|0|0|0|0|0|270018
705|UNION BANK OF ELGIN|473680|0|15860|0|457820|270028
706|Mid-Atlantic Regional Joint Board|0|281595|5268|0|276327|270065
707|Automobiles|29147|0|17660|0|11487|270077
708|Computers|13312|0|2763|0|10549|270077
709|BUSINESS PARTNERS LLC|0|3000000|82270|0|2917730|270087
710|First Financial Bank|13583|0|7655|0|5928|270109
711|None|0|0|0|0|0|270140
712|None|0|0|0|0|0|270151
713|None|0|0|0|0|0|270153
714|NONE|0|0|0|0|0|270162
715|FORD MOTOR CREDIT CO.|30706|0|24847|5859|0|270164
716|Smith Barney Line of Credit|290284|0|68959|0|221325|270233
717|FORD CREDIT CORP|23935|0|13739|0|10196|270252
718|LANKFORD BUICK|0|19311|1747|0|17564|270252
719|RESERVE FUND PAYABLE|5599|0|5599|0|0|270310
720|Ford Credit|28449|0|28449|0|0|270345
721|SEIU INTERNATIONAL UNION|261500|0|240000|0|21500|270357
722|CHRYSLER FINANCIAL|13886|0|13886|0|0|270361
723|BEACON FEDERAL CU|0|14400|14400|0|0|270361
724|AUTO LOAN-CHRYSLER FIN'L|8342|0|4410|0|3932|270394
725|AUTO LOAN-CHRYSLER FIN'L|8849|0|2082|0|6767|270394
726|AUTO LOAN-CHRYSLER FIN'L|8128|0|1913|0|6215|270394
727|AUTO LOAN-CHRYSLER FIN'L|7498|0|7498|0|0|270394
728|AUTO LOAN-CHRYSLER FIN'L|0|26576|3986|0|22590|270394
729|NONE|0|0|0|0|0|270396
730|INTL BROTHERHOOD OF TEAMSTERS|290999|0|40865|0|250134|270420
731|FORD CREDIT - AUTO LOAN|6738|0|6738|0|0|270423
732|FORD CREDIT - AUTO LOAN|6738|0|6738|0|0|270423
733|GENERAL MOTORS ACCEPTANCE CORPORATION|0|0|10671|0|71126|270426
734|FORD MOTOR CREDIT|0|0|2878|0|27853|270426
735|JP MORGAN CHASE|395228|0|66985|0|328243|270427
738|Key Bank|368635|0|22713|0|345922|270456
739|Key Bank/Captial One Auto Finance|35165|0|16629|0|18536|270456
740|CHASE|5530|0|1520|0|4010|270458
741|Ford Motor Credit|18996|0|6673|0|12323|270470
742|GMAC|26630|0|6196|0|20434|270470
743|NONE|0|0|0|0|0|270471
1000|NONE|0|0|0|0|0|272271
744|FORD MOTOR CREDIT|133637|16616|39349|0|110904|270478
745|Ford Motor Credit|2147|16964|19111|0|0|270531
746|FORD MOTOR CREDIT|766|0|766|0|0|270607
747|MTG N/P DUE LOCAL 4 DEFENSE|738542|0|21864|0|716678|270613
748|MTG N/P CENTURY BANK|478304|271696|4215|0|745785|270613
749|Ford Credit Company|57544|21346|24865|0|54025|270623
750|Building remodel lona|0|135000|0|0|135000|270623
751|COPIER LEASE BUYOUT|0|23459|6128|0|17331|270674
752|Ford Motor Credit|7097|0|7097|0|0|270701
753|CAPITAL LEASE - COMPUTERS|0|4382|852|0|3530|270706
754|GMAC|19635|0|3532|0|16103|270731
755|FORD MOTOR CREDIT|29507|0|29507|0|0|270758
757|/|0|0|0|0|0|270774
759|Snider Leasing - computer equip|30979|69022|38159|0|61842|270780
760|Ford/GMAC/Mellon 1st Bus. Bank|187250|188167|171717|0|203700|270784
761|PT-FCU - 01 CHEV PU|7100|0|3929|0|3171|270791
762|PT-FCU-02 BONNEVILLE|9032|0|3693|0|5339|270791
763|GMAC|14772|0|5214|0|9558|270792
764|GENERAL MOTORS ACCEPTANCE CORP.|5879|0|5879|0|0|270795
1037|Property for Resale|17455|0|17455|0|0|272366
766|SEAFARERS INT'L UNION -AGLIWD/NMU|440073|100000|4647|0|535426|270801
767|NA|0|0|0|0|0|270808
768|NONE|0|0|0|0|0|270809
769|KEY BANK - CREDIT  CARD|16459|7796|11850|0|12405|270810
770|AMERICAN EXPRESS - DELTA|11101|12140|10000|0|13241|270810
771|AMERICAN EXPRESS|794|2720|2841|0|673|270810
772|NONE|0|0|0|0|0|270850
773|NONE|0|0|0|0|0|270914
775|None|0|0|0|0|0|270940
776|None|0|0|0|0|0|270950
777|Commerce bank|0|35915|3327|0|32588|270961
778|GMAC|61025|0|15920|0|45105|270993
779|None|0|0|0|0|0|271007
780|FORD MOTOR CREDIT|6070|0|4105|0|1965|271009
781|BB&T|371893|0|18262|0|353631|271009
783|Amex Finance|619|0|619|0|0|271018
784|Wachovia Bank N.A.|931829|0|48677|0|883152|271030
785|NONE|0|0|0|0|0|271034
786|NONE|0|0|0|0|0|271035
787|NONE|0|0|0|0|0|271044
788|NONE|0|0|0|0|0|271059
789|None|0|0|0|0|0|271063
790|CLOTHING WORKERS CENTER|952229|0|18760|0|933469|271064
791|UNITE HERE AFL-CIO|0|500000|500000|0|0|271064
792|SUNTRUST|5313413|0|466724|0|4846689|271065
793|DAIMLER CHRYSLER SERVICES|0|142734|62849|0|79885|271066
799|GMAC|3077|0|3077|0|0|271079
800|US Bancorp|9333|0|1681|0|7652|271079
801|First Interstate Bank|0|20161|1741|0|18420|271079
802|Ford Motor Credit|25059|0|10369|0|14690|271082
804|FORD CREDIT CO|6345|15152|7054|0|14443|271084
809|CHRYSLER FINANCIAL|638|0|638|0|0|271101
810|Line of Credit - Credit Union|23000|0|23000|0|0|271110
811|TEAMSTERS JOINT COUNCIL 41|29212|0|17196|0|12016|271112
812|Banks|7667461|1028209|175832|0|8519838|271118
813|UFCW 1776 FCU|55166|0|28538|0|26628|271118
814|NATIONAL PENSION FUND|9176|0|3600|0|5576|271127
817|WELLS FARGO BANK NA|491083|0|29606|0|461477|271141
818|GMAC FINANCE|2965|0|2965|0|0|271142
819|NONE|0|0|0|0|0|271145
820|COMERICA BANK|3641791|0|149194|0|3492597|271148
821|COMERICA BANK|1183204|0|53704|0|1129500|271148
822|COMERICA BANK|1632797|0|94052|0|1538745|271148
823|PLUMBERS & FITTERS FCU|56910|0|14092|0|42818|271149
824|LOANS TO PURCHASE 3 AUTOS|3555|0|3555|0|0|271160
825|GMAC|12788|0|5943|0|6845|271161
826|CHRYSLER FINANCIAL|2061|0|2061|0|0|271161
827|CHRYSLER FINANCIAL|3853|0|3853|0|0|271161
828|AMALGAMATED BANK|10133|30000|19804|0|20329|271167
835|TRUSTMARK NATIONAL BANK|17729|0|4571|0|13158|271175
836|Labor organization IAM LLG 1245|65206|29186|16377|0|78015|271176
837|P9 Pension Plan & Trust|33884|0|0|0|33884|271178
838|Capitalized lease payable|22303|0|2984|0|19319|271181
839|Pitney Bowes payable|3261|0|3261|0|0|271181
840|United Labor Bank equity line|0|408772|0|0|408772|271181
841|AUTO LOANS PAYABLE|221018|285038|59347|178018|268691|271202
842|FORD CREDIT|14230|0|4574|0|9656|271209
843|Texan Ford|19808|0|8144|0|11664|271212
844|None|0|0|0|0|0|271215
845|NATIONAL CITY MORTGAGE|246387|0|12187|0|234200|271230
846|International Brotherhood of Teamsters|100000|0|0|0|100000|271242
847|NONE|0|0|0|0|0|271253
850|UNION BUILDING CORPORATION|282939|0|33728|0|249211|271262
851|Ford Credit|63171|0|18976|0|44195|271266
852|Ford Motor Credit|11147|0|5109|0|6038|271277
853|Berkshire Bank|32444|0|32444|0|0|271277
854||0|0|0|0|0|271279
855|NONE|0|0|0|0|0|271288
856|GMAC|11573|0|6397|0|5176|271301
857|CHARTER ONE FINANCE|5644|0|5644|0|0|271301
858|SEIU International|113500|0|113500|0|0|271335
859|GMAC|49385|0|12588|0|36797|271337
861|SBC Capital Services|28665|0|12830|0|15835|271388
863|First Financial Bank|0|280000|233689|0|46311|271431
865|NOTE PAYABLE BANK|80365|0|18666|0|61699|271440
866|HUNTINGTON NATIONAL BANK|165420|0|15193|0|150227|271457
867|NONE|0|0|0|0|0|271472
868|COMMUNITY BANK|44500|0|44500|0|0|271477
869|LABORERS LOCAL 172|317632|0|317632|0|0|271488
870|LABORERS LOCAL 472|317688|0|317688|0|0|271488
871|FORD CREDIT COMPANY|0|405504|45147|0|360357|271488
872|N/A|0|0|0|0|0|271498
873|None|0|0|0|0|0|271501
874|M&T BANK|0|11000|0|0|11000|271506
875|NONE|0|0|0|0|0|271534
882|OLD SECOND NATIONAL BANK|130787|0|3863|0|126924|271610
884|SBA LOAN|99508|0|4156|0|95352|271616
885|PREMIUM INSURANCE FINANCE|0|5480|5480|0|0|271616
886|TCU CREDIT UNION - AUTO|8967|0|3988|0|4979|271619
888||0|0|0|0|0|271632
890|NOTE PAYABLE -CREDIT UNION AUTO|0|16836|2301|0|14535|271636
891|mortgage 7252 roosevelt blvd|363879|0|32906|0|330973|271642
892|None|0|0|0|0|0|271645
893|NONE|0|0|0|0|0|271650
894|NONE|0|0|0|0|0|271661
895|LABORERS' INTL UNION OF NA|100000|0|0|0|100000|271662
896|MORTGAGE ON BUILDING|0|600000|6003|593997|0|271670
897|NONE|0|0|0|0|0|271676
898|NONE|0|0|0|0|0|271678
900|NONE|0|0|0|0|0|271683
901|GMAC|5000|0|5000|0|0|271684
902|FORD MOTOR CREDIT|0|8005|0|0|8005|271684
903|none|0|0|0|0|0|271685
904|Ford Motor Credit|13230|0|2430|10800|0|271691
905|Ford Motor Credit|9306|0|8590|0|716|271691
906|Ford Motor Credit|17248|0|4573|12675|0|271691
907|Ford Motor Credit|0|20779|3382|0|17397|271691
908|Ford Motor Credit|0|21861|2733|0|19128|271691
909|Ford Motor Credit|0|16792|4109|0|12683|271691
911|GMAC|24336|47269|42675|0|28930|271695
912|FORD CREDIT|10041|0|5385|0|4656|271697
919|CREDIT UNION - CAR LOAN|8473|0|8473|0|0|271699
920|CAPITAL LEASE - COMPUTERS|7019|0|7019|0|0|271699
921|GMAC|6427|0|6427|0|0|271700
922|GMAC|0|30081|8539|0|21542|271700
923|Amalgamated Bank|1185712|0|33039|0|1152673|271703
924|Ford Motor Credit|24857|0|7479|0|17378|271705
925|Chrysler Financial|6680|0|6680|0|0|271705
926|Mutual Savings Credit Union|0|49950|0|0|49950|271705
927|NONE|0|0|0|0|0|271707
931|Bank|783773|0|76152|0|707621|271711
932|NONE|0|0|0|0|0|271713
933|automobile  loan|0|20000|2026|0|17974|271716
934|NONE|0|0|0|0|0|271719
935|NONE|0|0|0|0|0|271722
936|Pulaski Bank & Trust|8120|0|5035|0|3085|271725
937|IBEW Local Union #295|8800|0|2400|0|6400|271725
938|None|0|0|0|0|0|271730
939|FORD MOTOR CORP.|28218|59030|25450|9447|52351|271811
940|NONE|0|0|0|0|0|271818
941|Signature Bank|14930|0|4306|0|10624|271823
943|CITY OF HIBBING|11246|0|3234|8012|0|271858
944|NONE|0|0|0|0|0|271879
945|AUTO LOAN-VNB|5469|0|2489|0|2980|271890
946|AUTO LOAN-CHASE|7352|0|3042|0|4310|271890
947|AUTO LOAN-CHASE|16788|0|4797|0|11991|271890
948|IATSE INTERNATIONAL|44000|0|16500|0|27500|271904
949|AUTO LOAN|3268|0|3268|0|0|271914
950|AUTOMOBILES|46024|0|5714|0|40310|271942
951|NONE|0|0|0|0|0|271953
952|NONE|0|0|0|0|0|271959
953|Citizen Bank|0|41767|6136|0|35631|271965
954|NONE|0|0|0|0|0|271966
955|NONE|0|0|0|0|0|271970
956|AMALGAMATED BANK OF NEW YORK|0|125000|34257|0|90743|271978
957|Michigan Teamsters Joint Council No. 43|0|0|750|0|2850|271980
958|Auto loans|127312|25264|38698|0|113878|271981
959|UNITE HERE INTL. LOAN|576800|0|90000|0|486800|271982
960|FORD CREDIT|18756|0|18756|0|0|271991
961|GMAC Financing|24517|0|24517|0|0|272033
962|INTERNATIONAL UNION-UAW|63185|0|0|16055|47130|272050
963|AUTO LOANS|5667|0|5667|0|0|272058
964|None|0|0|0|0|0|272059
965|NONE|0|0|0|0|0|272060
966|FMCC|0|20198|0|0|20198|272062
971|0|0|0|0|0|0|272083
972|FORD MOTOR CREDIT CO.|93890|0|20254|0|73636|272085
973|AVAYA FINANCIAL SERVICES|0|9146|2732|0|6414|272087
974|Automobile loans|76107|65351|35891|0|105567|272090
976|NONE|0|0|0|0|0|272093
977|SEIU INTERNATIONAL - CAPITAL|726500|0|0|0|726500|272100
978|AMALGAMATED BANK|464748|0|5844|0|458904|272100
979|AMALGAMATED BANK (UNSECURED)|27533|0|12538|0|14995|272100
980|ILLINOIS FACILITIES FUND|171271|0|7122|0|164149|272100
981|AMALGAMATED BANK|109653|0|0|0|109653|272100
982|DELL|0|27892|7908|0|19984|272100
983|BLE International|10000|0|0|0|10000|272109
985|AUTO LOAN - GMAC|2445|0|2445|0|0|272118
986|GMAC|156652|46476|41113|28687|133328|272121
987|NONE|0|0|0|0|0|272125
988|DELL FINANCIAL SERVICES|1856|0|1856|0|0|272160
989|GREAT AMERICAN LEASING|11390|0|5695|0|5695|272160
990|UMB BANK|61096|0|27613|0|33483|272160
991|Sun Trust Bank|15492|0|6287|0|9205|272173
992|STRIKE FUND - USW d-7|49996|0|0|0|49996|272176
993|NONE|0|0|0|0|0|272208
994|NONE|0|0|0|0|0|272219
995|General Motors Acceptance Corp|0|0|926|0|9721|272242
996|Ford Motor Credit|14618|0|7421|0|7197|272259
997|Ford Motor Credit|13345|0|9420|0|3925|272259
998|Ford Motor Credit|18623|0|8628|0|9995|272259
999|Ford Motor Credit|0|24657|6018|0|18639|272259
1001|FORD MOTOR CREDIT|11958|0|4630|0|7328|272275
1002|IBEW MEMBERS & CR. UNION|0|20375|3421|0|16954|272275
1003|FORD  MOTOR CREDIT|0|19983|0|0|19983|272275
1004|NONE|0|0|0|0|0|272278
1005|UNITE HERE INT'L UNION|36051|0|30176|0|5875|272282
1006|GMAC|0|20406|1643|0|18763|272291
1007|GMAC|0|22399|1804|0|20595|272291
1008|GMAC|0|22997|1852|0|21145|272291
1009|Xerox|0|5246|0|0|5246|272291
1010|NONE|0|0|0|0|0|272294
1011|NONE|0|0|0|0|0|272296
1012|FORD CREDIT|3557|0|3557|0|0|272297
1013|NE TEAMSTERS FCU|11735|45000|3488|0|53247|272297
1014|LINCOLN-O'HARE LLC|152076|0|152076|0|0|272299
1015|NONE|0|0|0|0|0|272300
1016|None|0|0|0|0|0|272302
1017|Inland Empire Trades CU|10272|0|4428|0|5844|272303
1018|Inland Empire Trades CU|20806|0|3444|0|17362|272303
1022|NONE|0|0|0|0|0|272327
1023|US Bank|1382725|0|42769|0|1339956|272329
1024|Small Business Administration|24134|0|1311|0|22823|272332
1028|none|0|0|0|0|0|272344
1029|None|0|0|0|0|0|272351
1030|Old Second National Bank|2942489|0|794806|0|2147683|272358
1031|Minnesota Pipe Trades|81821|0|27422|32407|21992|272360
1032|Ford Motor Credit|635|0|635|0|0|272360
1033|GMAC|27588|0|9196|0|18392|272363
1034|Mortgage|0|520000|125000|0|395000|272366
1035|Auto Notes|0|346601|31457|0|315144|272366
1036|Ford Credit 1|241519|0|241519|0|0|272366
1305|FORD CREDIT|23823|0|4767|0|19056|273275
1038|Demand Note|0|100000|100000|0|0|272366
1039|United Security Bank|575648|0|21138|0|554510|272367
1040|GMAC|29183|0|9728|0|19455|272369
1041|OHIO TEAMSTER CREDIT UNION|70223|0|70223|0|0|272371
1042|OHIO TEAMSTERS CREDIT UNION|0|120558|5658|0|114900|272371
1043|First City Bank|0|308425|57544|0|250881|272386
1044|Georgia Banking Company|147611|0|147611|0|0|272386
1045|Wachovia Loan|163511|0|9308|0|154203|272386
1046|M South Bank|13530|0|5475|0|8055|272387
1055|NONE|0|0|0|0|0|272419
1049|Auto Loans|196665|125044|118245|0|203464|272399
1050|OPEIU (PARENT)|96667|0|20000|0|76667|272400
1051|Fleet Bank Line of Credit|240000|0|240000|0|0|272418
1052|UFCWIU-PCT Loan|1578710|0|260000|0|1318710|272418
1053|UFCWIU-Operating Loan|518000|0|230000|0|288000|272418
1054|Automobile Loan|0|145390|111391|0|33999|272418
1056|Premier Financial Credit Union|0|70000|0|0|70000|272420
1057|Bank of America Construction Loan|2204941|13664156|0|0|15869097|272485
1058|FORD MOTOR CREDIT|22856|0|22856|0|0|272550
1059|Vehicle Loan - US Bank|0|16050|465|0|15585|272557
1060|Line of Credit - US Bank|0|51000|41217|0|9783|272557
1061|MANSF. ELEC. BUILDING CORP.|2210|0|2210|0|0|272568
1062|Bank Loan|17868|0|4996|0|12872|272577
1063|CHRYSLER FINANCIAL|18092|0|6784|0|11308|272580
1064|NONE|0|0|0|0|0|272612
1065|CHRYSLER FINANCIAL|8542|0|8542|0|0|272616
1066|CHRYSLER FINANCIAL|8542|0|8542|0|0|272616
1067|FORD MOTOR CREDIT|20818|0|20818|0|0|272616
1068|FORD MOTOR CREDIT|20673|0|20673|0|0|272616
1069|BANK OF AMERICA CR CARD|0|8381|0|0|8381|272616
1070|Chase Automotive Finance|18014|0|4251|0|13763|272620
1071|Chase Automotive Finance|15937|0|3768|0|12169|272620
1072|General Motors Acceptance Corp|29234|0|6265|0|22969|272620
1073|UFCW INTERNATIONAL UNION|478495|0|478495|0|0|272631
1074|CHRYSLER FINANCIAL|8452|0|8452|0|0|272631
1075|FIRST UNION NATIONAL BANK|6188|0|6188|0|0|272631
1076|FORD MOTOR CREDIT|667|0|667|0|0|272631
1077|SUN TRUST|9149|0|9149|0|0|272631
1078|HUNTINGTON INT'L BANK|1180|0|1180|0|0|272631
1079|FORD MOTOR CREDIT|21561|0|7840|0|13721|272631
1080|CHRYSLER FINANCIAL|20069|0|8027|0|12042|272631
1081|GMAC|16473|0|5087|0|11386|272631
1082|CHRYSLER FINANCIAL|24050|0|7800|0|16250|272631
1083|FORD MOTOR CREDIT|29471|0|8626|0|20845|272631
1084|FORD MOTOR CREDIT|27499|0|8049|0|19450|272631
1085|CHRYSLER FINANCIAL|24369|0|6691|0|17678|272631
1086|GMAC|42659|0|7843|0|34816|272631
1087|FORD MOTOR CREDIT|27587|0|6743|0|20844|272631
1088|FORD MOTOR CREDIT|0|22785|3705|0|19080|272631
1089|GMAC|0|34721|2792|0|31929|272631
1090|CHRYSLER FINANCIAL|0|32841|1536|0|31305|272631
1091|NONE|0|0|0|0|0|272694
1092|LaSalle Bank|0|36150|7438|0|28712|272696
1093|FORD MOTOR CREDIT|10331|0|10331|0|0|272702
1094|FORD MOTOR CREDIT|0|8603|0|0|8603|272702
1095|INT'L LONGSHOREMEN'S ASS.|31463|0|0|31463|0|272712
1096|Wachovia Bank|20334|0|20334|0|0|272715
1097|GMAC|11596|0|11596|0|0|272715
1098|GMAC|0|43087|9575|0|33512|272715
1099|CHASE AUTOMOTIVE FINANCE|28265|0|28265|0|0|272726
1100|JP MORGAN CHASE BANK NA|0|29808|3293|0|26515|272726
1102|International Brotherhood of Teamsters|160060|0|45976|0|114084|272751
1103|Smart Office Systems|32271|0|32271|0|0|272751
1104|Liberty Steamfitters Prot. Assc.|21000|0|20000|0|1000|272756
1105|National City Bank|1800000|200000|0|0|2000000|272758
1106|Ford Motor Credit|0|7000|7000|0|0|272758
1107|None|0|0|0|0|0|272764
1108|FORD CREDIT|0|32795|9617|0|23178|272765
1109|FORD CREDIT|1761|0|1761|0|0|272765
1110|FORD CREDIT|15457|0|4287|0|11170|272765
1111|GMAC|16997|0|4744|0|12253|272765
1112|LONG TERM DEBT|6644|0|6644|0|0|272766
1113|NONE|0|0|0|0|0|272770
1114|NISSAN MOTOR ACCEPTANCE|0|36539|1657|0|34882|272773
1115|ENTERPRISE FLEET SERVICES|0|208558|35693|0|172865|272774
1116|N/A|0|0|0|0|0|272775
1117|Quad City Bank & Trust|62630|0|7174|0|55456|272780
1118|NONE|0|0|0|0|0|272784
1119|FORD MOTOR CREDIT|41066|0|8213|0|32853|272794
1120|CATERPILLAR FINANCIAL SERVICES|8652|0|8652|0|0|272794
1121|CATERPILLAR FINANCIAL SERVICES|84085|0|43871|0|40214|272794
1125|NONE|0|0|0|0|0|272807
1126|FIRST AMERICAN BANK|139755|0|40851|0|98904|272821
1128|AUTOMOBILE LOAN|14686|0|9124|0|5562|272826
1129|AUTOMOBILE LOAN|22804|0|8043|0|14761|272826
1130|AUTOMOBILE LOAN|67475|0|14458|0|53017|272826
1131|FORD MOTOR CREDIT|70935|20981|37654|0|54262|272837
1132|UNION FIDELITY CREDIT UNION|13570|0|3592|0|9978|272839
1133|UNION FIDELITY CREDIT UNION|12616|0|2269|0|10347|272839
1134|IUPAT AFL-CIO|0|345131|0|0|345131|272839
1136|Sun Trust Bank|960141|2800000|960141|0|2800000|272850
1137|N/A|0|0|0|0|0|272852
1138|Ford Motor Credit Co,|1878|17301|19179|0|0|272854
1139|Ford Motor Credit|168665|0|40837|0|127828|272857
1140|FORD MOTOR CREDIT|20088|0|20088|0|0|272858
1141|SAN DIEGO CO CREDIT UNION|10680|0|10680|0|0|272858
1142|SAN DIEGO CO CREDIT UNION|0|19205|3977|0|15228|272858
1143|FRANKLIN CAPITAL CORP|0|14030|13977|0|53|272858
1144|GMAC|211931|19775|107786|0|123920|272869
1145|NA|0|0|0|0|0|272873
1146|Dell Financial|0|1370|431|0|939|272874
1147|GMAC|48182|0|48182|0|0|272875
1148|GMAC|100112|0|71283|0|28829|272875
1149|GMAC|0|40260|40260|0|0|272875
1150|Ford Motor Credit|13897|0|4956|8941|0|272880
1151|Chrysler Financial|21058|0|3853|0|17205|272880
1152|North Fork Bank - Auto|0|23755|599|0|23156|272880
1153|ST. FRANCIS BANK - L.O.C.|0|79181|0|0|79181|272890
1154|BEST BUY FINANCING|0|2324|1005|0|1319|272890
1156|CWA|54684|0|22115|0|32569|272898
1157|CHRYSLER FINANCIAL|987|0|987|0|0|272910
1158|WAYPOINT BANK|14600|0|4330|0|10270|272910
1159|WAYPOINT BANK|17978|0|5333|0|12645|272910
1160|WAYPOINT BANK|20162|0|5980|0|14182|272910
1161|WAYPOINT BANK|21322|0|4721|0|16601|272910
1162|WAYPOINT BANK|18082|0|4004|0|14078|272910
1163|FORD MOTOR CREDIT|0|25248|0|0|25248|272910
1164|Capital Lease - Imagistics|10822|0|2527|0|8295|272916
1165|Note Payable - Credit Union|19828|0|5812|0|14016|272916
1166|NONE|0|0|0|0|0|272920
1167|Local 771 Federal Credit Union|7881|0|7881|0|0|272931
1168|Local 771 Federal Credit Union|7599|0|7599|0|0|272931
1169|NONE|0|0|0|0|0|272948
1170|LOCAL UNION 19 CREDIT UNION|273535|0|198190|0|75345|272959
1171|FORD MOTOR CREDIT|18246|0|18246|0|0|272975
1172|CHRYSLER FINANCIAL|3369|0|3369|0|0|272977
1173|GMAC|948|0|948|0|0|272982
1174|Local 76 Credit Union|236|0|236|0|0|272995
1175|N/P MORTGAGE|339405|0|11283|0|328122|272997
1176|N/P VEHICLE LOANS|20974|0|5441|0|15533|272997
1177|N/P  DELL|8368|0|5008|0|3360|272997
1178|FORD MOTOR CREDIT|16277|0|4958|0|11319|273003
1179|AUTO LOAN|12021|0|4779|0|7242|273005
1180|Notes Payable - Autos|78540|78784|53150|0|104174|273006
1181|Capital Lease Copier|1824|0|1824|0|0|273006
1182|Capital Lease Telephone|246|0|246|0|0|273006
1183|Loan UFCW International|95975|0|58000|0|37975|273006
1184|DISCOVERY BANK-MORTGAGE|386797|0|7279|0|379518|273008
1185|DCS Truck Finance|23907|0|5400|0|18507|273012
1186|DCS Truck Finance|0|20401|2295|0|18106|273012
1187|DCS Truck Finance|0|21831|1859|0|19972|273012
1188|DCS Truck Finance|0|33263|0|0|33263|273012
1189|CITIZENS BANK|407816|0|10817|0|396999|273012
1195|Vehicle loans|0|100235|28032|0|72203|273016
1196|Computer equipment lease|0|80000|7760|0|72240|273016
1197|GMAC|1892|0|1892|0|0|273017
1208|FIRST BANK|457394|0|42947|0|414447|273031
1214|CHRYSLER FINANCIAL|13788|0|6130|0|7658|273033
1217|Fifth Third Bank, Ashland, KY|0|50000|2920|0|47080|273042
1218|NONE|0|0|0|0|0|273043
1219|None|0|0|0|0|0|273045
1220|GMAC|0|29194|923|0|28271|273046
1228|Chrysler Financial|31462|0|4592|0|26870|273051
1229|Chrysler Financial|0|21574|3254|0|18320|273051
1230|None|0|0|0|0|0|273052
1231|BANK OF EDWARDSVILLE|0|6196|0|0|6196|273053
1232|ACCO PRINCETON FCU|9359|0|5475|0|3884|273054
1233|NONE|0|0|0|0|0|273057
1234|SOVEREIGN BANK|36149|0|36149|0|0|273059
1235|CHASE BANK|13774|0|13774|0|0|273059
1236|Wells Fargo Bank Credit Line|0|62523|0|0|62523|273068
1237|Bank of America|65000000|1500000|0|0|66500000|273069
1238|Bank of the West|0|1500000|100000|0|1400000|273073
1244|NONE|0|0|0|0|0|273078
1245|CHASE AUTOMOTIVE FINANCE|29670|0|9060|0|20610|273089
1246|FORD CREDIT|12977|0|4090|0|8887|273089
1247|NONE|0|0|0|0|0|273091
1248|ILA BOAT LOAN|17867|0|6034|0|11833|273092
1249|Here IU Loan|54511|0|1800|0|52711|273093
1250|Auto Loan-Ford Motor|1643|0|1643|0|0|273095
1251|Auto Loan-Ford Motor|1612|0|1612|0|0|273095
1252|Auto Loan-GMAC|0|24295|0|0|24295|273095
1253|Ford Credit|6146|0|6146|0|0|273098
1254|Chrysler Financial|0|10110|10110|0|0|273098
1256|OHIO TEAMSTERS CREDIT UNION|26237|0|21661|0|4576|273102
1257|G.M.A.C.|21933|0|0|21933|0|273102
1258|LOCAL 92 CREDIT UNION|0|39525|970|0|38555|273102
1259|NONE|0|0|0|0|0|273103
1260|NONE|0|0|0|0|0|273104
1262|NOTE PAYABLE FINANCIAL INST|22523|0|6477|0|16046|273109
1263|NOTE PAYABLE FINANCIAL INST|0|34320|8468|0|25852|273109
1264|Citizens Bank|0|5000|5000|0|0|273115
1265|Int'l Brotherhood of Teamsters|17222|0|17222|0|0|273118
1266|Ford Motor Company|4167|0|4167|0|0|273118
1267|Ford Motor Company|4039|0|4039|0|0|273118
1268|Ford Motor Company|4073|0|4073|0|0|273118
1269|Ford Motor Company|4072|0|4072|0|0|273118
1270|Ford Motor Company|0|27238|1090|0|26148|273118
1271|GEN'L MOTORS ACCEPT. CORP.|0|40221|3671|0|36550|273125
1273|US Bancorp|9413|0|8380|0|1033|273133
1274|Inter-Tel|4621|0|4621|0|0|273133
1277|NONE|0|0|0|0|0|273139
1278|GMAC CREDIT|58026|34060|22865|0|69221|273140
1279|CHRYSLER CREDIT|112172|35960|32773|0|115359|273140
1280|COMMERCE COMMERCIAL|0|35460|1773|0|33687|273140
1281|FORD MTR CREDIT|77062|34361|27328|0|84095|273140
1282|Bank of America|96549|0|4304|0|92245|273142
1285|HOMETOWN BANK|0|174778|1824|0|172954|273163
1286|SEAFARERS INT'L UNION OF N.A. - AGLIWD/NMU|294087|86404|49534|0|330957|273164
1288|CANON FINANCIAL SERVICES|6560|0|1078|0|5482|273176
1289|Ford Motor Credit Co|16541|0|16541|0|0|273182
1291|Auto loans|74540|0|18540|0|56000|273191
1297|GMAC|28102|26350|26848|0|27604|273196
1298|Capitalized lease payable|5927|0|5927|0|0|273197
1299|NONE|0|0|0|0|0|273199
1304|FORD CREDIT|32423|0|8401|24022|0|273275
1306|GMAC|63295|0|11921|0|51374|273275
1307|FORD CREDIT|30799|0|5081|0|25718|273275
1311|FIRST TENNESSEE BANK|20916|0|4385|0|16531|273327
1312|GCIU BUILDING CORPORATION|75000|0|0|0|75000|273347
1313|CITY OF CLEVELAND|108751|0|3974|0|104777|273350
1314|NONE|0|0|0|0|0|273360
1315|DATAMAX|8494|0|2279|0|6215|273372
1316|NONE|0|0|0|0|0|273376
1317|NONE|0|0|0|0|0|273390
1318|Dell Financial Services|1778|0|1498|0|280|273396
1319|Chrysler Financial|13113|0|4566|0|8547|273396
1320|General Motors Acceptance Corp|32342|0|5709|0|26633|273396
1321|Chrysler Financial|13994|0|4872|0|9122|273396
1322|Amalgamated Bank|50000|0|50000|0|0|273396
1323|American Express Bank, FSB|0|25000|927|0|24073|273396
1330|CHASE MANHATTAN|27203|0|6757|0|20446|273402
1332|GMAC|140768|0|29954|28896|81918|273410
1333|American Nurses Foundation|1000000|0|0|0|1000000|273418
1334|GMAC|290|0|290|0|0|273420
1335|Key bank|19675|0|8600|0|13692|273422
1336|IATSE|42518|0|39017|3501|0|273430
1337|LA UNIFIED SCHOOL DISTRICT|300000|0|300000|0|0|273432
1341|AUTO LOAN - SABLE|0|16751|4146|0|12605|273446
1342|AUTO LOAN - JEEP|0|23160|5244|0|17916|273446
1343|NOTE PAYABLE BANK|40154|0|7397|0|32757|273447
1344|Teamster  67, 246 & 922 Bldg Inc|10000|0|10000|0|0|273450
1356|Amalgamated Bank of Chicago|0|3550000|1600000|0|1950000|273462
1357|UNITE HERE - New York,NY|0|0|18000|0|230203|273462
1358|NONE|0|0|0|0|0|273465
1359|NONE|0|0|0|0|0|273470
1360|NONE|0|0|0|0|0|273485
1361|BANK OF AMERICA|0|22746|3204|0|19542|273490
1363|CHRYSLER FINANCIAL|5500|0|5500|0|0|273526
1364|DETROIT EDISON CREDIT UNION|0|850000|9941|0|840059|273527
1365|Commercial State Bank Wausa Ne|1156683|0|298150|0|858533|273534
1366|GENERAL MOTORS ACCEPTANCE CO|31352|0|31352|0|0|273553
1367|OHIO TEAMSTERS CREDIT UNION|9260|0|4204|0|5056|273557
1368|INDEPENDENCE BANK|80000|0|0|80000|0|273557
1372|NONE|0|0|0|0|0|273564
1377|NONE|0|0|0|0|0|273573
1378|Vehicle Loan|9832|0|354|9478|0|273579
1379|Vehicle Loan|0|28610|1920|15705|10985|273579
1380|None|0|0|0|0|0|273596
1381|BANK OF THE CASCADES NOTE|15158|0|15158|0|0|273600
1382|SERVICE EMP INTL UNION -LOAN|0|30000|6250|0|23750|273600
1383|Old National Bank|23134|0|4234|0|18900|273610
1384|Ford Motor Credit Corporation|0|22000|2821|0|19179|273610
1385|Old National Bank - Mortgage|0|93500|908|0|92592|273610
1386|AUTO ONE ACCEPTANCE CORP|2484|0|2235|249|0|273614
1387|GMAC|25489|0|11496|0|13993|273614
1388|Auto loans|82098|72846|45477|0|109467|273617
1389|US BANK|38771|0|38771|0|0|273619
1390|SOUTHWEST COMMUNITY BANK|1250100|0|103142|0|1146958|273624
1392|NONE|0|0|0|0|0|273647
1394|Huntington National Bank|1805513|0|87628|450000|1267885|273658
1395|F&M Bank & Trust|14752|0|4524|0|10228|273681
1396|HERE Int'l Loan|180972|0|36000|0|144972|273683
1397|Cap. Lease Phone System|26123|0|18042|0|8081|273683
1398|Cap. Lease Dell Server|0|11198|2494|0|8704|273683
1399|Chase Manhattan - Vehicle Loan|14838|0|14838|0|0|273683
1400|None|0|0|0|0|0|273686
1401|US Bank|0|20000|4412|0|15588|273688
1402|NONE|0|0|0|0|0|273693
1403|None|0|0|0|0|0|273696
1404|HSBC Commercial Loan Service|6249|0|6249|0|0|273703
1406|SunTrust Bank - Construction Loan|0|2674619|0|0|2674619|273714
1407|N/A|0|0|0|0|0|273715
1408|DE LAGE LANDEN|4453|0|1075|0|3378|273717
1409|AUTOMOBILE LOAN|5822|0|1411|4411|0|273721
1410|AUTOMOBILE LOAN|21847|0|4789|0|17058|273721
1411|AUTOMOBILE LOAN|21714|0|4760|0|16954|273721
1412|AUTOMOBILE LOAN|0|20236|265|0|19971|273721
1413|DUE TO INTER'L UNION|74|0|74|0|0|273723
1414|Colonial Bank|18296|0|10915|0|7381|273725
1415|VEHICLE LOANS|0|38953|7737|0|31216|273731
1416|N/A|0|0|0|0|0|273734
1417|BANK OF AMERICA|329133|0|62474|0|266659|273742
1418|Fifth Third Mortgage|1300000|0|1300000|0|0|273746
1419|Collarteral Mortgage|0|1250000|39132|0|1210868|273746
1420|NONE|0|0|0|0|0|273754
1422|Citizen Bank|4199|0|4199|0|0|273760
1423|None|0|0|0|0|0|273764
1424|Notes Payable - Autos|59315|20000|19486|0|59829|273765
1425|Notes Payable - Hartford|1395|4797|4797|0|1395|273765
1429|N/A|0|0|0|0|0|273772
1430|NONE|0|0|0|0|0|273773
1431|NONE|0|0|0|0|0|273773
1432|NONE|0|0|0|0|0|273773
1433|NONE|0|0|0|0|0|273773
1434|NONE|0|0|0|0|0|273773
1435|NONE|0|0|0|0|0|273773
1436|NONE|0|0|0|0|0|273773
1437|NONE|0|0|0|0|0|273773
1438|NONE|0|0|0|0|0|273773
1439|NONE|0|0|0|0|0|273773
1440|NONE|0|0|0|0|0|273773
1441|GMAC AUTO LOAN PAYABLE|21426|0|7528|0|13898|273778
1442|UNITE HERE! International Union|54267|0|3850|0|50417|273779
1443|None|0|0|0|0|0|273789
1444|Iowa State Bank|0|5257|3257|0|2000|273790
1445|FORD MOTOR CREDIT CORP AUTO LOAN|0|25654|6684|0|18970|273794
1447|NONE|0|0|0|0|0|273803
1448|GMAC FINANCING|5057|0|5057|0|0|273805
1449|FORD MOTOR COMPANY|90852|0|26632|0|64220|273805
1451|AMALGAMATED BANK OF NY|124578|0|124578|0|0|273807
1452|LOCAL 342 FCU|6558|0|6558|0|0|273807
1453|LOCAL 342 FCU|0|20881|1946|0|18935|273807
1454|LOCAL 342 FCU|0|6630|808|0|5822|273807
1455|LOCAL 342 FCU|0|19692|447|0|19245|273807
1456|LOCAL 342 FCU|0|18122|474|0|17648|273807
1457|HYLAN BLVD.|0|0|14278|0|0|273807
1458|International Union UAW|20000|0|20000|0|0|273808
1460|BUILDING LOAN, UNITED LABOR BANK|541319|0|11858|0|529461|273813
1461|NONE|0|0|0|0|0|273815
1462|Ford Motor Credit|1580|0|1580|0|0|273816
1463|Coppermark Bank|6491|0|6491|0|0|273816
1464|Coppermark Bank|0|36508|666|0|35842|273816
1465|NONE|0|0|0|0|0|273817
1466|AFSCME LOCAL 189|85493|0|22500|0|62993|273819
1467|AFSCME LOCAL 88|0|50000|2778|0|47222|273819
1468|AFSCME LOCAL 189|0|60000|3333|0|56667|273819
1469|AFSCME LOCAL 328|0|60000|3333|0|56667|273819
1470|AFSCME LOCAL 1724|0|20000|1111|0|18889|273819
1471|AFSCME LOCAL 3336|0|10000|0|0|10000|273819
1472|LINE OF CREDIT|22185|2022905|1882156|0|162934|273819
1474|MN PIPE TRADES ASSOC.|126242|0|30000|0|96242|273824
1475|Russell See|0|10000|10000|0|0|273827
1476|Stephen Edgerly|0|15000|15000|0|0|273827
1477|SEIU LOCAL 1000|0|1000000|1000000|0|0|273835
1478|AMALGAMATED BANK|0|25000|25000|0|0|273835
1479|AMALGAMATED BANK refi|0|1200000|0|0|1200000|273835
1480|AMALGAMATED BANK refi|0|600000|0|0|600000|273835
1481|AMALGAMATED BANK LOAN|25000|0|0|25000|0|273836
1482|XEROX|264339|0|0|264339|0|273836
1489|FIRST NATIONAL OF MWC|0|600000|38184|0|561816|273844
1490|United Labor Bank|1620577|0|201522|0|1419055|273847
1491|NONE|0|0|0|0|0|273849
1492|UNION BUILDING CORP|95586|0|21231|0|74355|273852
1493|AmeriServ Financial Line of Credit|99986|0|99986|0|0|273859
1494|Commerce Bank|0|100000|4500|0|95500|273859
1495|Amalgamated Bank of New York|1458320|0|437520|0|1020800|273862
1496|Amalgamated Bank of New York|0|250000|55560|0|194440|273862
1497|XEROX COPIER LEASE|35231|0|8456|0|26775|273865
1498|CAPITAL LEASE OBLIGATION|10869|0|3811|7058|0|273867
1499|FORD MOTOR CREDIT|4475|0|4475|0|0|273871
1500|CHASE AUTO FINANCE|7715|0|3762|0|3953|273871
1524|EXPANETS TELEPHONE|1624|0|1624|0|0|273882
1528|NONE|0|0|0|0|0|273888
1529|WELLS FARGO BANK|15167|0|15167|0|0|273890
1530|WARREN REDEVELOPMENT|50000|0|50000|0|0|273893
1531|MERCANTILE NATIONAL BANK|0|0|0|0|0|273900
1532|BUSINESS LOANS|185668|0|42227|0|143441|273900
1533|FORD MOTOR CREDIT COMPANY|0|0|0|0|0|273900
1534|AUTO LOANS|42306|0|42306|0|0|273900
1535|NONE|0|0|0|0|0|273901
1536|HOTEL & RESTAURANT EMPLOYEES UNION LOCAL 6|29932|10500|10593|0|54878|273903
1537|XEROX|6935|20618|4558|4105|18890|273911
1538|DUE TO BACONEF PROPERTIES|160000|10000|0|0|170000|273912
1539|NONE|0|0|0|0|0|273921
1540|Ford Motor Credit|8739|0|3547|0|5192|273933
1541|Ford Motor Credit|9432|0|3567|0|5865|273933
1542|Ford Motor Credit|9432|0|3567|0|5865|273933
1543|Ford Motor Credit|9431|0|3566|0|5865|273933
1544|Ford Motor Credit|10507|0|3973|0|6534|273933
1545|Ford Motor Credit|9432|0|3566|0|5866|273933
1546|Ford Motor Credit|10507|0|3973|0|6534|273933
1547|Ford Motor Credit|10797|0|4082|0|6715|273933
1548|Ford Motor Credit|6683|0|3716|0|2967|273933
1549|Ford Motor Credit|21084|0|6338|0|14746|273933
1550|Ford Motor Credit|0|12345|1824|0|10521|273933
1551|Ford Motor Credit|3442|0|3442|0|0|273933
1552|None|0|0|0|0|0|273936
1553|NONE|0|0|0|0|0|273939
1554|FORD CREDIT|1922|0|1922|0|0|273941
1555|BANK OF AMERICA|13474|0|4642|0|8832|273941
1556|GMAC|11759|0|6276|0|5483|273941
1557|Auto loans|0|8472|8472|0|0|273942
1558|FORD CREDIT|27482|62574|30528|0|59528|273943
1559|FORD MOTOR CREDIT|1074|0|1074|0|0|273954
1560|PETTER BUSINESS SYSTEM|2612|0|1723|0|889|273954
1561|SKY BANK|6124|0|3107|0|3017|273955
1562|SKY BANK|12687|0|2257|0|10430|273955
1572|CHRYSLER FINANCIAL|0|22669|4467|0|18202|274038
1573|NONE|0|0|0|0|0|274056
1575|Amalgamated Bank - credit line|4352125|0|4352125|0|0|274125
1576|BANK  OF THE WEST|8533|0|8533|0|0|274147
1577|KEY BANK MORTGAGE|1331250|0|227000|0|1104250|274192
1579|South Central Bank|0|43000|0|0|43000|274258
1580|UNION SAVINGS BANK|21030|0|4342|0|16688|274278
1581|SEIU INTERNATIONAL|42250|0|29750|0|12500|274280
1582|UNION BANK & TRUST|17000|0|0|0|17000|274280
1583|AVAYA FINANCIAL SERVICES|6515|0|1790|0|4725|274280
1584|UNION BANK & TRUST|0|34000|2531|0|31469|274280
1585|INTERNATIONAL BROTHERHOOD OF TEAMSTERS|110000|0|0|0|110000|274281
1586|ILLINOIS NATIONAL BANK|0|787316|0|0|787316|274284
1588|NONE|0|0|0|0|0|274287
1589|United Labor Bank|10000|0|10000|0|0|274291
1590|SEIU Advance Payab;e|26500|0|0|0|26500|274291
1594|CHRYSLER FINANCIAL LLC|1829|0|1829|0|0|274411
2350|USA Int|6320|0|0|0|6320|298135
1595|CHRYSLER FINANCIAL LLC|11971|0|11971|0|0|274411
1596|CHRYSLER FINANCIAL LLC|22177|0|22177|0|0|274411
1597|Fifth Third Bank (Mortgage)|1017513|0|28741|0|988772|274426
1600|WSFS BANK|18976|0|8473|0|17311|274572
1601|NA|0|0|0|0|0|274592
1603|Unite HERE Int'l Union|163744|0|0|0|163744|274657
1604|FORD MOTOR CREDIT|2017|0|2017|0|0|274659
1605|SUNTRUST CONSUMER LOAN DEPARTMENT|0|22640|5024|0|17616|274686
1606|AUTOMOBILE LOANS|37376|113183|150559|0|0|274727
1607|Auto Loans|31419|0|21854|0|9565|274741
1608|None|0|0|0|0|0|274743
1612|DWHCC|92000|0|41000|0|51000|274745
1613|AFSCME|1799931|0|0|1697741|102190|274745
1614|Neighorhood Bank|147624|0|147624|0|0|274745
1615|NUHHCE|469676|0|150000|6|323741|274745
1616|Metro Water District|1450|0|0|1450|0|274745
1617|Gary Voice|51000|0|51000|0|0|274745
1618|Volley Properties, LLC|156782|0|695|156087|0|274745
1619|Ken Seaton-Msemaji|0|43800|43800|0|0|274745
1620|Auto Loan|267645|0|80505|0|187140|274747
1621|Roof Repair Loan|162708|0|38427|0|124281|274747
1622|MARSHALL & ILSLEY BANK|175833|0|24285|0|151548|274749
1623|Ford Credit|14115|0|7783|0|6332|274751
1624|n/a|0|0|0|0|0|274753
1625|n/a|0|0|0|0|0|274753
1626|n/a|0|0|0|0|0|274753
1627|n/a|0|0|0|0|0|274753
1628|n/a|0|0|0|0|0|274753
1629|n/a|0|0|0|0|0|274753
1630|n/a|0|0|0|0|0|274753
1631|n/a|0|0|0|0|0|274753
1632|n/a|0|0|0|0|0|274753
1633|n/a|0|0|0|0|0|274753
1634|n/a|0|0|0|0|0|274753
1635|Bank Loans|62051|69713|71119|0|60645|274754
1636|GMAC|5337|0|5337|0|0|274755
1654|MICHIGAN LABORERS DISTRICT COUNCIL|0|35000|35000|0|0|274966
1655|NONE|0|0|0|0|0|274971
1656|AMALGAMATED BANK|46578|0|11917|0|34661|275007
1657|LABORWORKS|0|22536|9390|0|13146|275007
1658|FORD MOTORS|0|20177|5044|0|15133|275007
1659|FORD MOTORS|0|19018|3170|0|15848|275007
1660|FORD MOTORS|0|20025|5006|0|15019|275007
1661|FORD MOTORS|0|20745|5186|0|15559|275007
1662|FORD MOTORS|18060|0|5040|0|13020|275007
1663|FORD MOTORS|18060|0|5040|0|13020|275007
1664|FORD MOTORS|0|18989|734|0|18255|275007
1665|NONE|0|0|0|0|0|275069
1669|GMAC|17296|0|3105|14191|0|275082
1670|Central Bank - Line of Credit|28000|10000|2500|0|35500|275127
1671|Central Bank - 1st & 2nd Deed of Trust|150798|0|30064|0|120734|275127
1672|GMAC Auto Loan|24621|0|8953|0|15668|275135
1673|FORD MOTOR CREDIT|1747|0|1747|0|0|275138
1674|FORD MOTOR CREDIT|2183|0|2183|0|0|275138
1675|FORD MOTOR CREDIT|2247|0|2247|0|0|275138
1676|FORD MOTOR CREDIT|0|16748|16748|0|0|275138
1677|COLONIAL BANK|3428|0|3428|0|0|275139
1678|Bank West of Nevada|0|360126|0|0|360126|275143
1679|none|0|0|0|0|0|275148
1680|METROPOLITAN CREDIT UNION|101820|0|88935|0|12885|275215
1682|UNITE HERE INTERNATIONAL UNION|10000|0|10000|0|0|275280
1683|Pitney Bowes-Copier|5606|0|2686|0|2920|275281
1685|Ford Credit Corp|108138|18614|33954|0|92798|275286
1686|FORD MOTOR CREDIT|7002|7500|7770|0|6732|275293
1688|BCTW INTERNATIONAL|905|0|905|0|0|275337
1689|GMAC & CHRYSLER FINANCIAL|63922|41698|34367|0|71253|275363
1690|LOCAL 1600 BUILDING CORP|0|1603|0|0|1603|275363
1691|CAP LEASE (USED TO BUY COPIER)|4195|0|1039|0|3156|275374
1692|UAW INT'L BUILDING CORP.|588398|0|170057|0|418339|275379
1694|Citizen's Bank|107872|0|7182|0|100690|275433
1695|Chrysler Financial|38711|0|9372|0|29339|275433
1696|Dell Computers|0|2675|537|0|2138|275433
1697|EAGLE BANK & TRUST|0|2556539|0|0|2556539|275466
1698|First Union Securities|502711|0|354981|0|147730|275523
1699|TCRC|0|973173|325000|0|648173|275523
1700|GMAC|17779|0|13969|0|3810|275532
1701|ALPA National to 1625 Mass Ave NW Corp|0|430064|263121|0|166943|275535
1702|ALPA National to IPSC|0|527079|273255|0|253824|275535
1703|ALPA National to QDRO|0|4314|4314|0|0|275535
1704|Cherner Lincoln Mercury|24303|0|11356|0|12947|275535
1705|Cherner Lincoln Mercury|26966|0|11768|0|15198|275535
1706|Ford Credit|18762|0|8816|0|9946|275535
1707|Frederick Dodge Honda|16491|0|7702|0|8789|275535
1708|Manassas Chrysler Plymouth|17138|0|8486|0|8652|275535
1709|Sun Trust Bank|48|0|48|0|0|275535
1710|NONE|0|0|0|0|0|275536
1711|M&T BANK|35602|0|19024|0|16578|275540
1712|GMAC|41078|0|41078|0|0|275541
1713|NONE|0|0|0|0|0|275542
1714|REGIONS BANK|13796|0|10116|0|3680|275543
1715|FORD MOTOR CREDIT|0|16805|2733|0|14072|275548
1716|Marsha Schweitzer|142661|0|7150|0|135511|275553
1717|Members|13862|0|200|0|13662|275553
1718|Musicians Services|79353|53000|11666|0|120687|275553
2725|None|0|0|0|0|0|301402
1719|First Hawaiian Bank|49100|0|49100|0|0|275553
1720|FORD CREDIT|15688|0|15688|0|0|275558
1721|FORD CREDIT|0|7503|7503|0|0|275558
1723|CHARTER ONE BANK|38464|0|20000|0|18464|275578
1724|N/P BEACON FCU|15378|0|3225|0|12153|275578
1725|N/P BEACON FCU|15378|0|3225|0|12153|275578
1727|CASH ADVANCE INTERNATIONAL|30000|0|30000|0|0|275591
1728|Postal Credit Union|0|205853|12137|0|193716|275619
1729|Postal Credit Union|0|110000|22240|0|87760|275619
1730|COMMUNITY BANK OF TRACY|122624|877376|1000000|0|0|275683
1731|GMAC Auto Loan|0|17171|5247|0|11924|275718
1732|NONE|0|0|0|0|0|275720
1733|NO LOANS PAYABLE|0|0|0|0|0|275838
1734|UAW LOCAL 652|57023|0|189|0|56834|275851
1735|GMAC FINANCIAL SERVICES|18745|15506|9752|0|24499|275882
1736|Ford Motor Credit Company|21722|0|6127|0|15595|275883
1737|Ford Motor Credit Company|18077|0|5401|0|12676|275883
1738|Ford Motor Credit Company|16198|0|4520|0|11678|275883
1739|UFSOP|0|5500|5500|0|0|275896
1740|auto loans 36 month|28475|0|26323|0|2152|275917
1741|GMAC - Auto Loan|8054|0|3783|0|4271|275920
1742|NONE|0|0|0|0|0|275931
1743|GMAC|9564|0|6226|0|3338|275932
1744|International Assoc of Fire Fighters|0|400000|6667|0|393333|275936
1745|NONE|0|0|0|0|0|275937
1746|LOAN PAYABLE|7400|0|7400|0|0|275975
1747|MORTGAGE ON BUILDING|63086|0|14096|0|48990|276001
1748|AUTO LOAN|15102|0|5034|0|10068|276001
1749|WESTAMERICA|89610|10300|0|0|99910|276008
1750|Harris Bank|11586|0|3095|0|8491|276139
1751|Ford Credit|0|20000|1602|0|18398|276139
1752|NONE|0|0|0|0|0|276152
1753|Universal Auto Group|31880|0|14714|0|17166|276155
1754|JL Motors of New York, Inc.|0|24544|995|0|23549|276155
1755|Bank One|13943|0|4828|0|9115|276160
1756|Marlin Leasing|4970|0|3311|0|1659|276160
1757|GMAC|30364|0|9109|0|21255|276160
1758|COUNTY SAVINGS BANK|0|13900|2500|0|12232|276162
1759|N/A - None|0|0|0|0|0|276164
1760|National Postal Mail Handlers Union|0|50000|0|0|50000|276169
1761|INT'L BROTHERHOOD OF TEAMSTERS|750000|0|0|0|750000|276184
1762|CHRYSLER FINANCIAL|14197|0|470|13727|0|276184
1763|none|0|0|0|0|0|276262
1765|N/A|0|0|0|0|0|276399
1768|Ford Motor Credit Company|161963|98893|104831|0|156025|276449
1769|First Essex Bank|12654|0|12654|0|0|276449
1770|Citizens Bank|29125|0|29125|0|0|276449
1774|FORD MOTOR CREDIT|18348|0|7418|0|10930|276453
1775|DAIMLER-CHRYSLER SVCS|18512|0|6597|0|11915|276453
1780|AMALGAMATED BANK OF CHICAGO|650744|0|39348|0|611396|276502
1781|PNC BANK|57943|0|57943|0|0|276677
1782|FNB BANK|13051|0|3129|0|9922|276677
1783|GUARD SECURITY BANK|14863|0|2897|0|11966|276677
1784|1ST NATIONAL COMMUNITY BANK|12369|0|3903|0|8466|276677
1785|DISTRICT 5 COUNCIL|0|11765|6528|0|5237|276742
1786|CHRYSLER FINANCIAL|400|0|400|0|0|276748
1787|None|0|0|0|0|0|276749
1788|FIRST TENNESSEE BANK|96417|0|4220|0|92197|276755
1789|FIRST TENNESSEE BANK|0|25000|0|0|25000|276755
1791|FORD MOTOR CREDIT CORP|801|0|801|0|0|276766
1792|FORD MOTOR CREDIT CORP|0|83005|12975|0|70030|276766
1794|FNB Dell Computers|0|2700|558|0|2142|276773
1795|First National Bank - Vehicle|10498|0|3884|0|6614|276773
1796|First National Bank - Vehicle|0|17195|1818|0|15377|276773
1797|First National Bank - Vehicle|0|17195|1821|0|15374|276773
1798|UFCW International|4166|0|4166|0|0|276773
1799|Union Savings Bank|3502|0|3502|0|0|276778
1800|WACHOVIA BANK|739654|0|126910|0|612744|276823
1801|Smith Barney|0|280000|32044|0|247956|276943
1802|MORTGAGE PAYABLE|0|625000|3314|0|621686|277132
1803|EQUIPMENT FINANCING|4932|0|1865|0|3067|277182
1804|J.P. Morgan Chase|697432|0|61371|0|636061|277299
1805|M & I BANK|683256|0|32249|0|651007|277305
1806|Ford Credit - 04 Mercury|16196|0|3781|0|12415|277309
1807|Ford Credit - 05 Mercury|0|17001|1261|0|15740|277309
1808|Ford Credit - 04 Ford|0|13001|1664|0|11337|277309
1810|NONE|0|0|0|0|0|277312
1811|GMAC|72100|0|29835|0|42265|277320
1812|Ford Motor Credit|32614|0|22895|0|9719|277320
1813|Ford Motor Credit|0|78753|4312|0|74441|277320
1814|WELLS FARGO|413971|0|31094|0|382877|277321
1817|Ford Motor Credit Corp|19762|0|19762|0|0|277361
1818|GMAC Credit|0|35625|2208|0|33417|277361
1821|Bank One Leasing Corporation|26677|0|26677|0|0|277547
1822|Bank One, Kentucky, NA|688040|0|688040|0|0|277547
1823|NONE|0|0|0|0|0|277553
1824|SEIU|2958000|0|756000|0|2202000|277635
1825|AMERISERV FINANCIAL|13491|19998|16548|0|16941|277663
1826|FORD CREDIT|12328|17455|10513|0|19270|277663
1827|International Union UAW|98715|0|0|21467|77248|277769
1828|Wings Financial - Vehicle#1|23391|0|5417|0|17974|277774
1829|Wings Financial - Vehicle#2|15078|0|3452|0|11626|277774
1830|Wigs Financial - LOC|0|25000|0|0|25000|277774
1831|Capitalized Equipment Lease|55929|0|16725|0|39204|277778
2092|MORTGAGE|99207|0|20525|0|78682|291334
1836|OFFICE EQUIP FINANCE SERV|4853|0|958|0|3895|277798
1837|LINE OF CREDIT|160000|170000|0|0|330000|277839
1838|LONG TERM DEBT|97212|0|17635|0|79577|277839
1839|GENERAL MOTORS CC|29540|0|7090|0|22450|277847
1840|FORD CREDIT|19429|0|19429|0|0|277876
1841|FORD CREDIT|19429|0|19429|0|0|277876
1842|FORD CREDIT|7996|0|7996|0|0|277876
1843|FORD CREDIT|0|35000|35000|0|0|277876
1844|Building Loan|166133|0|13298|0|152835|277978
1845|FIRST KEYSTON BANK|897754|0|0|897754|0|278015
1846|Employee (payroll errors)|3|0|0|0|3|278045
1849|NONE|0|0|0|0|0|278080
1850|FIRST HAWAIIAN BANK|8363|0|8363|0|0|278091
1851|FIRST HAWAIIAN BANK|11006|0|11006|0|0|278091
1852|FIRST HAWAIIAN BANK|146283|0|6717|0|139566|278091
1853|None|0|0|0|0|0|278106
1854|2004 Ford Truck Loan|19833|0|7875|0|11958|278110
1855|Wells Fargo Financial|16965|0|3109|0|13856|278112
1856|Intercompany Loan|51808|0|0|0|51808|278185
1859|National Office|198610|0|0|0|198610|278267
1860|G.M.A.C.|22782|0|10981|0|11801|278271
1861|G.M.A.C.|44336|0|11084|0|33252|278271
1862|BLDG TRADES FCU AUTO LOAN|0|110505|8384|0|102121|278274
1863|BLDG TRADES HOME EQUITY|0|183522|13877|0|169645|278274
1864|UNITE HERE INTL|0|22000|22000|0|0|278276
1865|CHASE,|31606|0|3465|0|28141|278277
1866|USW, INT|0|60000|0|20000|40000|278277
1867|COMERICA BANK|1424588|0|1424588|0|0|278363
1868|NONE|0|0|0|0|0|278369
1869|ENTERPRISE BANK|0|50437|0|0|50437|278470
1870|ENTERPRISE BANK|0|0|1910|0|19013|278470
1871|CHRYSLER FINANCIAL|2792|0|2792|0|0|278470
1872|CHRYLER FINANCIAL|0|0|1750|0|22539|278470
1873|FORD MOTOR CREDIT|6153|0|5987|0|166|278470
1874|Bank of America|113913|8595|6342|0|116166|278477
1875|GMAC Auto|0|15793|0|0|15793|278477
1876|GMAC Auto|0|15793|0|0|15793|278477
1877|ADS Copier|4317|0|4129|0|188|278477
1878|ADS Digital Printer|1431|0|545|0|886|278477
1879|AUTOMOBILE FINANCING|29814|0|6168|0|23646|278506
1880|AUTOMOBILE FINANCING|29088|0|6018|0|23070|278506
1881|AUTOMOBILE FINANCING|29126|0|6026|0|23100|278506
1882|FIRST KEYSTONE BANK|7206|0|7206|0|0|278506
1883|NONE|0|0|0|0|0|278597
1884|Truck Loan|23525|0|5228|0|18297|278606
1885|Truck Loan|40777|0|7091|0|33686|278606
1886|none|0|0|0|0|0|278609
1887|UFCW INTERNATONAL UNION|112808|0|33600|0|79208|278611
1888|FORD MOTOR CREDIT|9663|0|9663|0|0|278859
1889|FORD MOTOR CREDIT|0|17360|17360|0|0|278859
1890|COMMUNITY BANK|2363|0|2363|0|0|279036
1891|Chylser Credit|21474|0|15378|0|6096|279043
1892|GMAC|27279|0|6547|0|20732|279043
1895|Auto Loans|19679|0|19679|0|0|279184
1896|None|0|0|0|0|0|279364
1897|TEAMSTERS LOCAL UNION 480 BUILDING CORP.|100605|0|100605|0|0|279384
1898|NATIONAL CITY BANK|0|10000|2234|0|7766|279408
1899|LOCAL UNION LOANS|1417700|312700|512700|0|1217700|279426
1900|CONSTRUCTION LOAN PAYABLE|113288|0|113288|0|0|279426
1901|XEROX - CAPITAL LEASE|15671|0|9141|0|6530|279427
1902|NONE|0|0|0|0|0|279678
1903|NONE|0|0|0|0|0|279733
1904|AUTOMOBILE FINANCE COMPANY|3892|0|3892|0|0|279782
1905|AUTOMOBILE FINANCE COMPANY|98685|0|55674|0|43011|279782
1906|EQUIPMENT FINANCE COMPANY|54623|0|11500|0|43123|279782
1907|AUTOMOBILE FINANCE COMPANY|0|47649|5607|0|42042|279782
1911|NONE|0|0|0|0|0|279892
1912|FORD MOTOR CREDIT|10758|0|3921|0|6837|280160
1913|Local 880 SEIU|11000|0|0|11000|0|280396
1914|Asso for the Rights of Citizens|8907|0|0|0|8907|280396
1915|Ford Motor Credit|0|38630|3054|0|35576|280428
1916|Ford Motor Credit|0|46870|3705|0|43165|280437
1917|Key Bank|8453|0|8426|0|27|280467
1919|SEIU INTERNATIONAL - LABOR ORGANIZATION|24622|0|24622|0|0|280563
1920|Chase|404387|0|72557|0|331830|280843
1921|FIRST HAWAIIAN BANK|84923|0|41496|0|43427|280989
1922|CENTRAL PACIFIC BANK|1161333|0|106813|0|1054520|280989
1923|Citizen Bank|4754|0|4754|0|0|281322
1924|NONE|0|0|0|0|0|281518
1925|GMAC Auto Loans|63427|0|11107|0|52320|281519
1926|NYC DISTRICT COUNCIL|10000|0|0|0|10000|281524
1927|NONE|0|0|0|0|0|281549
1928|Frontier Bank|112608|0|112608|0|0|281554
1938|WHEELING PGH STEEL CR UN|0|60000|60000|0|0|281605
1939|IEA CASH FLOW TRUST|0|1450000|1450000|0|0|281651
1941|AUTOMOBILE LOAN|6630|0|4907|0|1723|281776
1943|N/P COMMUNITY BANK|2077|0|2077|0|0|281802
1944|LAWSUIT SETTLEMENT PAY|3612|0|3612|0|0|281802
1945|NON-JOB SITE PENSION PAY|72157|0|41232|0|30925|281802
1946|N/P-'03 CHEVY MONTE CARLO|15571|409|4507|0|11473|281802
1947|N/P-'03 CHEVY TRUCK|18303|0|18303|0|0|281802
1948|N/P-'04 GMC TRUCK|21783|0|5080|0|16703|281802
1949|N/P-'05 CHEVY TRUCK|0|27651|3017|0|24634|281802
1950|N/P-'05 CHEVY TRUCK|0|30885|4633|0|26252|281802
1952|NONE|0|0|0|0|0|281910
1953|Ford Credit|5255|0|5255|0|0|281911
1954|Data Management Consultants|0|25044|16508|0|8536|281911
1955|Ford Credit|0|24975|2299|0|22676|281911
1956|FORD MOTOR CREDIT|8421|0|8421|0|0|282169
1959|UNITE HERE International Union|333763|0|12000|0|321763|282265
1960|Credit Line on Building, Quincy|300000|1250000|0|0|1550000|282278
1961|FORD MOTOR CREDIT CORP|25152|0|8877|0|16275|282279
1962|Comerica Line of Credit|7119|40127|6427|0|40819|282281
1963|GMAC  VIN46199|17354|0|4171|0|13183|282452
1964|GMAC  VIN03288|17388|0|4169|0|13219|282452
1965|GMAC  VIN49927|17251|0|4177|0|13074|282452
1966|GMAC  VIN94698|18236|0|4139|0|14097|282452
2029|NONE|0|0|0|0|0|286095
1967|GMAC  VIN35212|17359|0|4166|0|13193|282452
1968|GMAC  VIN47084|17375|0|4164|0|13211|282452
1969|M&T  VIN94975|19516|0|19516|0|0|282452
1970|M&T  VIN66540|0|26527|0|0|26527|282452
1973|M&T BANK|0|75000|7500|0|67500|282458
1974|International Brotherhood of Teamsters|37500|112500|0|0|150000|282460
1975|Teamsters Credit Union|1904|0|1904|0|0|282460
1976|Teamsters Credit Union|5869|0|5869|0|0|282460
1977|Auto Loan|14740|0|14740|0|0|282507
1978|FORD CREDIT|21111|0|7256|0|13855|282513
1979|FORD CREDIT|19715|0|6777|0|12938|282513
1980|GMAC|22100|0|5642|0|16458|282517
1981|TWU OF AMERICA (PARENT)|17500|0|0|0|17500|282518
1982|UNITED NATIONAL BANK|0|5621|0|0|5621|282588
1983|FORD CREDIT|10276|0|3895|0|6381|282693
1984|FORD CREDIT|10276|0|3895|0|6381|282693
1985|FORD CREDIT|13184|0|13184|0|0|282693
1986|FORD CREDIT|0|16479|4274|0|12205|282693
1987|GULF CREDIT UNION|0|14000|5935|0|8065|282802
1990|Union Building Co.-Labor Org.|589991|0|89003|0|500988|283351
1991|GMAC Gray Blazer|8011|0|8011|0|0|283360
1992|GMAC Green Blazer|7627|0|7627|0|0|283360
1993|Huntington National Bank|0|1862767|0|0|1862767|283364
1994|None|0|0|0|0|0|283548
1995|None|0|0|0|0|0|283552
1996|DELMARVA P.S.D. FED. CREDIT UNION|0|5000|5000|0|0|283553
1998|I.B.T.|16972|0|16972|0|0|283564
1999|Graybar Financial Services, LLC|16302|0|5467|0|10835|283564
2000|General Motors Acceptance Corp.|113991|0|34376|0|79615|283564
2001|Chrysler Financial|43569|0|12752|0|30817|283564
2002|AFSCME INTERNATIONAL|3502|0|3502|0|0|283574
2003|NONE|0|0|0|0|0|283579
2005|G.C.I.U. CREDIT UNION|1561|0|1561|0|0|283623
2007|SMALL BUSINESS ADMINISTRATION|63199|0|3255|0|59944|283809
2008|Ford Motor Corporation|22866|22976|27866|0|17976|283960
2009|GMAC|0|51594|10000|0|41594|283960
2010|PRIVATE PLACEMENT BONDS|3949929|0|898521|0|3051408|284121
2011|UTUIA|2302905|0|2302905|0|0|284121
2012|N/A|0|0|0|0|0|285359
2013|FINANCIAL INSTITUTION|1500000|0|0|0|1500000|285427
2014|NONE|0|0|0|0|0|285689
2015|Equipment Lease|16493|0|4377|0|12116|285750
2019|NONE|0|0|0|0|0|285802
2020|GMAC|40379|0|9889|0|30490|285822
2021|Alpine Bank|54297|0|54297|0|0|285985
2022|Bank of Colorado|0|346046|0|0|346046|285985
2023|HERE International|573500|0|12000|0|561500|286010
2025|GMAC|31475|0|19105|4226|8144|286019
2026|GMAC|0|47732|7046|0|40686|286019
2027|WACHOVIA|3942474|1057526|835867|0|4164133|286019
2028|Colonial Bank, Columbus, GA|55743|0|5126|0|50618|286028
2030|BUILDING LOAN|194433|0|8762|0|185671|286099
2031|Teamsters Local 20|425432|0|7009|0|418423|286196
2032|OH Conf. of Teamsters H&W|5413|0|3600|0|1813|286196
2033|International Alliance of Theatrical State Empl|0|25000|0|0|25000|286197
2034|Joint Council #44|11840|0|10125|0|1715|286204
2035|NONE|0|0|0|0|0|286334
2039|BAKERY SALESMAN CREDIT UNION|27181|0|5144|0|22037|286429
2040|FORD CREDIT|9062|0|4943|0|4119|286429
2041|GMAC|14624|0|5318|0|9306|286429
2042|CHRYSLER FINANCIAL|25172|0|4845|0|20327|286429
2043|Laconia Savings Bank|100000|970000|1070000|0|0|286621
2044|UnionWare, Inc.|0|39000|4333|0|34667|286621
2051|NOTES - CHRYSLER|0|14403|0|0|14403|286696
2057|None|0|0|0|0|0|288061
2059|HERGET NATIONAL BANK|18942|0|9546|0|9396|289430
2060|GMAC|25158|0|25158|0|0|289591
2061|GMAC|0|30490|388|0|30102|289591
2065|CHEVY CHASE BANK|0|10000|0|0|10000|289829
2066|PLATINUM PLUS FOR BUSINESS|0|8000|5000|0|3000|289829
2073|Sheetmetal Workers International Association|0|20000|0|0|20000|290122
2068|FORD CREDIT|20310|0|7765|0|12545|290042
2069|GMAC|4256|0|4256|0|0|290042
2070|RFG PROPERTIES|453950|0|22332|0|431618|290042
2074|CHRYSLER FINANCIAL|0|15588|3858|0|11730|290122
2076|NONE|0|0|0|0|0|290200
2078|LIUNA Per Capita Tax|14020|0|6000|0|8020|291020
2081|AFFILIATES LOANS PAYABLES|323922|0|323922|0|0|291064
2082|AMALGAMATED BANK NOTE|420000|886000|475374|0|830626|291064
2083|Jim Miller|0|11600|11600|0|0|291154
2085|Independent Bank|7304|0|3811|0|3493|291177
2086|THE CHRISTIAN TRADE UNION ACV-CSC CONFEDERATION|0|305000|0|0|305000|291198
2087|BANK OF AMERICA|475987|0|475987|0|0|291198
2088|LOCAL # 410|0|60000|0|0|60000|291198
2091|CARPENTERS FRINGE BENEFIT FUND|11133|0|0|11133|0|291324
2817|6.125% due 2,970.00|0|0|0|0|0|301912
2093|MORTGAGE|153868|0|10999|0|142869|291334
2094|AFSCME INTERNATIONAL|2500|0|0|2500|0|291336
2095|CALIFORNIA TRUST & BANK|1109462|0|206086|0|903376|291340
2096|M.B. CREDIT CORP.|39610|0|39610|0|0|291340
2097|FORD MOTOR CREDIT|20610|0|20610|0|0|291387
2098|N/A|0|0|0|0|0|291479
2099|GMAC|0|8316|279|0|8037|291791
2102|GMAC FINANCIAL|27641|0|6479|0|21162|291795
2103|SMITHBARNEY CITIGROUP|900537|48797|0|0|949334|291795
2104|CHYSLER FINANCIAL|15231|0|15231|0|0|291795
2105|FORD CREDIT CORP|0|20924|1129|0|19795|291795
2106|Hancock bank|30899|0|30899|0|0|291797
2118|M & T Bank|100000|35759|5865|0|129894|291801
2120|GMAC|7389|0|5259|0|2130|292066
2121|VALLEY NATIONAL BANK|15766|0|3737|0|12029|292066
2122|UNION STATE BANK|17815|0|6077|0|11738|292066
2123|ENTERPRISE BANK|917395|118662|29185|0|1006872|292433
2124|GMAC - CADILLAC LOAN|0|20189|5295|0|14894|292433
2125|NOTE PAYABLE OFFICER|2997|0|2997|0|0|292433
2126|REAL ESTATE, 8%, DUE 4/2016|83943|0|83943|0|0|292445
2127|PROMISSORY NOTE, 6.5% DUE 7/2025|0|350000|4206|0|345794|292445
2128|None|0|0|0|0|0|292487
2130|Members of UWUALU 369|12375|0|75|4050|8250|292698
2131|Auto Loans - GMAC|74255|0|74255|0|0|292698
2132|Auto Loans - GMAC|0|106670|2685|0|103985|292698
2133|H.E.R.E. International Union|40972|0|6000|0|34972|292756
2134|Fifth Third Bank|19678|0|8884|0|10794|292756
2141|GMAC|42167|0|9200|0|32967|292826
2142|Bank of Utica|0|309000|27782|0|281218|292870
2143|GMAC|50365|0|23011|0|27354|292870
2144|Chrysler Financial Corp.|22334|30829|1532|0|51631|292870
2145|Ford Motor|201396|128832|113315|0|216913|292870
2147|ArVest Bank|394482|0|27108|0|367374|292883
2148|Bank of Pensacola|0|36309|6026|0|30283|292885
2151|Ford Motor Company|25945|0|4907|0|21038|293004
2152|GE Capital|282|0|282|0|0|293015
2153|CWA AFL-CIO|21864|0|7951|0|13913|293015
2154|CWA NATIONAL|445537|0|55376|0|390161|293016
2159|HUDSON UNITED BANK|190000|0|0|0|190000|293199
2160|NATIONAL PMH UNION|278236|155679|102496|0|331419|293199
2161|JEAN CARTHON|0|5500|0|0|5500|293199
2166|GMAC|21421|0|4943|0|16478|293244
2167|GMAC|21644|0|4995|0|16649|293244
2168|GMAC|23629|0|23629|0|0|293244
2169|GMAC|21640|0|4994|0|16646|293244
2170|GMAC|20562|0|4306|0|16256|293244
2171|GMAC|0|28399|473|0|27926|293244
2172|WACHOVIA|0|100000|100000|0|0|293269
2173|US BANK|4835|0|4835|0|0|293271
2174|US BANK|0|37500|18152|0|19348|293271
2175|GMAC|20080|0|16064|0|4016|293304
2176|Benson Securities|27782|0|27782|0|0|293304
2177|Credit Line|0|11434|0|0|11434|293304
2178|Mortgage on Bldg.|947496|0|39973|0|907523|293304
2179|Mortgage on other Prop.|315000|0|2747|0|312253|293304
2180|Guaranty Bank|356|0|356|0|0|293461
2181|Ford Credit|16885|0|3581|13304|0|293461
2182|First National Community Bank|0|0|1919|0|24559|293461
2183|First National Community Bank|0|0|1365|0|17421|293461
2186|ROOFERS INT'L UNION|22886|0|22886|0|0|293487
2187|FIRST COMMUNITY BANK|4377|0|4377|0|0|293487
2188|BARKSDALE FEDERAL CREDIT UNION|45489|7000|34937|0|17552|293502
2189|CHASE MANHATTAN|12299|0|12299|0|0|293502
2190|UFCW INTERNATIONAL|6000|0|6000|0|0|293502
2191|UFCW INTERNATIONAL LOAN|0|17325|8000|0|9325|293502
2192|CHRYSLER FINANCIAL|1|0|1|0|0|293502
2196|NAT'L BASKETBALL PLAYERS|231373|262485|160000|0|333858|293658
2197|Jefferson Bank & Trust|37700|0|4262|0|33438|293692
2198|Jefferson Bank & Trust|22885|0|6001|0|16884|293692
2199|Jefferson Bank & Trust|0|42994|6649|0|36345|293692
2203|BTA FEDERAL CREDIT UNION|9093|0|9093|0|0|293699
2204|BTA FEDERAL CREDIT UNION|11075|0|4474|0|6601|293699
2205|BTA FEDERAL CREDIT UNION|0|22892|1051|0|21841|293699
2206|BTA FEDERAL CREDIT UNION|0|11564|1621|0|9943|293699
2207|GEN MTRS ACCEPTANCE CORP.|0|24830|1768|0|23062|293699
2208|None|0|0|0|0|0|293775
2211|UFCW INTERNATIONAL|19285|0|6000|0|13285|293778
2212|NBC BANK|36709|0|25651|0|11058|293778
2213|NONE|0|0|0|0|0|294028
2214|SEIU|497747|0|70592|0|427155|294064
2215|SEIU|31335|0|0|0|31335|294064
2216|BANK OF AMERICA|28053|0|11426|0|16627|294064
2217|BANK OF AMERICA|0|34857|1547|0|33310|294064
2222|Ford Credit Company|22735|20499|20785|0|22449|294069
2223|Service Employee International Union|661323|0|0|0|661323|294129
2226|PREFERRED HEALTH|20000|0|0|0|20000|294156
2227|BANCO POPULAR-AUTO LOAN|0|15000|955|0|14045|294156
2228|GMAC AUTO NOTES|14500|0|9058|0|5442|294165
2229|AUTO LOANS|297762|0|93110|0|204652|294283
2230|FORD MOTOR CREDIT|25821|0|25821|0|0|294311
2231|Auto Loans|0|43641|10831|0|32810|294583
2234|UNION BUILDING CORP|138191|0|25821|0|112370|294639
2235|Center One Financial Servie|0|21016|2189|0|18827|294757
2236|CREDIT UNION - AUTOMOBILE|5950|0|5950|0|0|294870
2237|CREDIT UNION - AUTOMOBILE|12189|0|3796|0|8393|294870
2238|CREDIT UNION - AUTOMOBILE|14403|0|5135|0|9268|294870
2239|CREDIT UNION - AUTOMOBILE|14651|0|3347|0|11304|294870
2240|GMAC - AUTOMOBILE|0|23056|350|0|22706|294870
2245|DUE TO 102 CREDIT UNION|61422|21000|29660|0|52762|295240
2246|DUE TO  LU 400 JATC|0|2375|0|0|2375|295240
2248|PARKWAY LOAN|425092|20000|160888|0|284204|295290
2253|N/P-MONARCH BANK (VEHICLE)|22519|0|8601|0|13918|295475
2254|COMMERCE BANK|75000|25000|1520|0|98480|295502
2255|GMAC|0|64440|13486|0|50954|295502
2256|SUNTRUST BANK|214923|0|59782|0|155141|295507
2257|none|0|0|0|0|0|295567
2258|IBEW FED CREDIT UNION|0|77897|15495|0|62402|295705
2262|N/A|0|0|0|0|0|296003
2263|AUTO LOANS|0|0|0|0|20431|296009
2266|FORD MOTOR CREDIT|10471|0|10471|0|0|296077
2267|FORD MOTOR CREDIT|8794|0|8794|0|0|296077
2268|NEIGHBORHOOD CREDIT UNION|661609|0|165606|0|496003|296127
2269|USA District 11|45000|0|45000|0|0|296200
2272|NONE|0|0|0|0|0|296204
2273|AMALGAMATED BANK|301130|0|4885|0|296245|296222
2274|Construction Loan Wachovia|560834|355012|108891|0|806955|296253
2275|Auto Ford Credit|0|19078|1887|0|17191|296253
2276|BANCO POPULAR|286667|0|20000|0|266667|296350
2277|H F MORTGAGE|0|175500|2238|0|173262|296350
2278|COOP A&C BARRIO QUEBRADA|0|72000|1162|0|70838|296350
2282|SERVICE EMPLOYEE INT'L UNION|152500|0|0|0|152500|296485
2283|AMALGAMATED BANK|15140|0|3931|0|11209|296485
2284|Ironstone Bank|480675|0|20669|0|460006|296519
2285|None|0|0|0|0|0|296580
2287|SEIU International|35000|0|0|0|35000|296679
2288|SEIU International|650000|0|650000|0|0|296679
2289|DELL COMPUTER|1211|7779|2917|0|6073|296702
2291|CORNERSTONE COMMUNITY BANK|0|64106|1812|0|62294|296751
2292|SEIU|15000|0|15000|0|0|296751
2293|NONE|0|0|0|0|0|296851
2294|BENEFICIAL SAVINGS BANK|8132|0|8132|0|0|296882
2295|BENEFICIAL SAVINGS BANK|20548|0|10431|0|10117|296882
2296|BENEFICIAL SAVINGS BANK|13244|0|6723|0|6521|296882
2297|BENEFICIAL SAVINGS BANK|7901|0|6650|0|1251|296882
2298|BENEFICIAL SAVINGS BANK|0|26907|2608|0|24299|296882
2299|BENEFICIAL SAVINGS BANK|0|25988|0|0|25988|296882
2300|SUNTRUST|0|12190|1439|0|10751|296912
2301|NONE|0|0|0|0|0|296949
2305|AMERICAN FIRST FED CR UN|14462|0|7164|0|7298|297110
2306|DAIMLER CHRYSLER|0|26192|6002|0|20190|297110
2307|DAIMLER CHRYSLER|0|26192|6002|0|20190|297110
2312|Ford Motor|6337|0|1953|0|4384|297134
2318|FORD MOTOR CREDIT|0|23779|3169|0|20610|297377
2319|CITIZENS BANK|0|22461|2950|0|19511|297377
2320|GMAC|9978|0|9978|0|0|297392
2323|NAZARETH NATIONAL BANK|36990|0|36990|0|0|297577
2324|ADVANTA BANK|10594|0|10594|0|0|297577
2325|GMAC - 7 CAR LOANS|0|90711|10650|0|80061|297577
2326|KS STATE  (COPIER FINANCING)|0|0|844|0|9662|297578
2327|UNITED LABOR BANK|476480|0|22478|0|454002|297580
2330|NATL MAILHANDLERS UNION|0|15000|0|0|15000|297810
2335|VACATION FUND|43287|44692|43287|0|44692|297945
2336|PENSION PLAN|2066|237|2066|0|237|297945
2343|UNTE HERE INT'L UNION|28051|0|15964|0|12087|298047
2344|NONE|0|0|0|0|0|298048
2349|DALE E & JANET L RANCK|55438|0|2682|0|52756|298102
2351|USW, INTERNATIONAL|1500|0|0|1500|0|298138
2354|MOSSMANS BUS MACH|433|0|433|0|0|298142
2356|OHIO CONF OF TEAMSTERS|26322|0|26322|0|0|298298
2368|none|0|0|0|0|0|298559
2372|FLEET BANK|27199|0|7217|0|19982|298570
2443|Health and Welfare Fund|4500|0|4500|0|0|298991
2444|Pension Plan|1500|0|1500|0|0|298991
2445|Dell Financial Services|1813|0|1813|0|0|298991
2487|Chrysler Financial|0|29189|2496|0|26693|299210
2516|CITY NATIONAL BANK|5100000|0|1200000|0|3900000|299339
2591|COURTESY CHEVROLET|27485|0|4581|0|22904|299776
2638|PROVIDENT BANK|12490|0|12490|0|0|299892
2653|GE CAPITAL-COPIER LEASE|14415|0|6780|0|7635|299933
2654|DELL COMPUTER|553|0|553|0|0|299933
2655|SATURN OF OAKLAND|62255|0|14218|0|48037|299933
2662|Ford Motor Credit Company|3469|0|3469|0|0|299980
2669|N/A|0|0|0|0|0|300015
2670|VEHICLE LOAN|16393|0|4508|0|11885|300021
2671|VEHICLE LOAN|19614|0|3748|0|15866|300021
2672|VEHICLE LOAN|0|22145|2953|0|19192|300021
2688|LOAN INT'L|96271|0|24000|0|72271|300323
2689|LOAN FROM OFFICER|1500|3000|4500|0|0|300323
2691|None|0|0|0|0|0|300352
2694|HIBERNIA NAT BANK|27976|0|4074|0|23902|300416
2695|HIBERNIA NAT BANK|0|8934|1050|0|7884|300416
2696|Ford Credit|0|14500|520|0|13980|300605
2700|None|0|0|0|0|0|300754
2707|ABC BANK, AUSTIN, TX|25092|0|5317|0|19775|301068
2710|None|0|0|0|0|0|301096
2713|Tri State Bank|45818|0|0|0|45818|301137
2716|CWA INTERNATIONAL|134318|0|4664|0|129654|301216
2717|CWA INTERNATIONAL|9649|0|1127|0|8522|301216
2718|Ford Credit Company|17839|0|5709|0|12130|301217
2724|None|0|0|0|0|0|301399
2726|2005 CHEVROLET 1/2 TON|27557|0|27557|0|0|301403
2727|2004 CHEVROLET|27930|0|27930|0|0|301403
2728|2005 CHEVROLET COLORADO|19421|0|19421|0|0|301403
2729|2005 CHEVROLET MALIBU|0|20688|1533|0|19155|301403
2730|LAND & BUILDING|725947|0|142537|0|583410|301403
2731|WELLS FARGO LEASING|33503|0|6736|0|26767|301404
2800|GMAC|30059|0|9018|0|21041|301422
2801|DAIMLER CHRYSLER|0|39996|7935|0|32061|301422
2810|Mutual Secutities, Inc.|15492|0|4651|0|10841|301764
2811|n/a|0|0|0|0|0|301765
2812|N/A|0|0|0|0|0|301782
2814|MTG FT WASHINGTON PA|643610|0|199058|0|444552|301867
2815|MTG READING|112750|0|68898|0|43852|301867
2816|Sterling Federal Bank|230842|0|19897|0|210945|301912
2818|per mo including interest|0|0|0|0|0|301912
2819|Mortgage on building|0|0|0|0|0|301912
2823|NONE|0|0|0|0|0|302058
2826|RWDSU REALTY CORP|78709|0|78709|0|0|302068
2827|CHASE AUTO FINANCE|5276|0|4837|0|439|302068
2828|CHASE AUTO FINANCE|17760|0|4633|0|13127|302068
2829|FORD MOTOR CREDIT|24301|0|7290|0|17011|302068
2834|G M A C FINANCIAL SERVICES|16035|0|16035|0|0|302261
2836|Ford Motor Credit Corp|479|0|479|0|0|302263
2837|Chase Automotive|10001|0|4186|0|5815|302263
2838|Ford Motor Credit Corp|0|22454|1347|0|21107|302263
2839|Bank Of America|0|23000|1324|0|21676|302263
2840|Automobile Loans|164541|194068|184874|0|173735|302312
2841|International Labor Union|7500|0|6250|0|1250|302315
2856|Automobile loan|3339|0|384|0|2955|302396
2874|CWA NATIONAL|11067|0|0|11067|0|302662
2880|TEAGUE MORTGAGE|16124|0|7072|0|9052|302900
2881|AMALGAMATED BANK OF NEW YORK|9500000|0|0|0|9500000|302940
2887|Xerox Corporation|10565|0|3854|0|6711|303090
2924|EQUIPMENT LEASE-GMAC|7984586|0|1620850|0|6363736|303433
2925|REVOLVING CREDIT LOAN-AMALGAMATED BANK|0|15000000|6000000|0|9000000|303433
2926|260 PARK AVENUE REALTY CORP.|40822015|428000|44000|0|41232385|303433
2927|49 EAST 21 COMPANY, INC.|8431981|0|2000|0|8432489|303433
2958|Due to International|9671|0|9671|0|0|303812
2962|Ford Motor Credit Corporation|35363|0|9367|0|25996|303962
2974|PACIFIC LONGSHOREMEN'S MEMORIAL ASSOCIATION|100000|0|0|0|100000|304171
2995|WEST AMERICA BANK|929098|0|929098|0|0|304573
2996|SONOMA NATIONAL BANK|0|922500|530|0|921970|304573
2997|SEU INTERNATIONAL|69597|0|5785|0|63812|304573
2998|DUMAC PHONE SYSTEM|8332|0|3357|0|4975|304573
2999|None|0|0|0|0|0|304696
3001|APWU NATIONAL HDQTRS|12506|0|6550|0|5956|304983
3014|GMAC|20807|0|6936|0|13871|305067
3015|GMAC|0|34824|2655|0|32169|305067
3016|IBEW LU Building Corporation|24000|0|0|0|24000|305067
3022|NOTE PAYABLE 2004 FORD|4856|0|4856|0|0|305079
3024|NA|0|0|0|0|0|305085
3025|NA|0|0|0|0|0|305085
3026|NA|0|0|0|0|0|305085
3027|NA|0|0|0|0|0|305085
3028|NA|0|0|0|0|0|305085
3029|NA|0|0|0|0|0|305085
3030|NA|0|0|0|0|0|305085
3031|NA|0|0|0|0|0|305085
3032|NA|0|0|0|0|0|305085
3033|NA|0|0|0|0|0|305085
3034|NA|0|0|0|0|0|305085
3035|NONE|0|0|0|0|0|305087
3042|none|0|0|0|0|0|305124
3047|Mah Inst & Mtl Workers Fund|70000|0|0|0|70000|305466
3048|Yvonne Bourne & Frank Smith|0|142000|0|0|142000|305466
3052|FORD CREDIT CORP|27488|0|4618|0|22870|305538
3055|INURANCE|14005|0|14005|0|0|305648
3057|CWA National|14199|0|5353|0|8846|305658
3058|CWA National|0|125000|1392|0|123608|305658
3066|SmithBarney Citicorp|0|1100000|504086|0|595914|306090
3067|Genworth Financial|0|2500000|16898|0|2483102|306090
3071|NONE|0|0|0|0|0|306510
3087|NONE|0|0|0|0|0|306636
3105|Bank of America|0|124567|0|0|124567|306720
3106|BANK LINE OF CREDIT|60375|0|60375|0|0|306752
3136|INT BROTHERHOOD OF TEAMSTERS|1222697|0|442908|0|779789|306968
3137|ALTER MONETA CORPORATION|999311|0|181615|0|817696|306969
3167|Key Bank|0|20804|3124|0|17680|307752
3182|Line of Credit|0|42000|29232|0|12768|308118
3320|BLE&T National Division|8600|0|500|0|8100|309502
3375|FORD MOTOR CREDIT|20542|0|20542|0|0|309689
3376|MARGIN ACCOUNT PAYABLE|95833|0|95833|0|0|309689
3469|DUE TO BUILDING CORP|150865|0|0|0|150865|309920
3541|FNB-OMAHA|34858|0|8440|0|26418|310210
3583|GMAC AUTO LOAN|17921|0|17921|0|0|310526
3587|Peoples National Bank|0|342000|15814|0|326186|310556
3603|UA LOCAL 45|137717|0|2090|0|135627|310751
3687|INTERNATIONAL UNION|9455|0|9455|0|0|311418
3746|NONE|0|0|0|0|0|311724
3786|N/A|0|0|0|0|0|311956
3834|Copier Note|4110|0|1788|0|2322|312131
3835|Wells Fargo - Vehicle Note|0|49408|574|0|48834|312131
3909|N/A|0|0|0|0|0|312822
4009|NONE|0|0|0|0|0|313223
4142|LEASE PAYABLE|3676|0|1926|0|1750|313650
4143|CREDIT CARD DEBT|11914|1048|0|0|12962|313650
4144|LINE OF CREDIT|10051|25000|20305|0|14746|313650
4162|FORD CREDIT AUTO LOAN|1445|0|1445|0|0|313659
4163|FORD CREDIT AUTO LOAN|2944|0|2944|0|0|313659
4164|FORD CREDIT AUTO LOAN|7465|0|6000|0|1465|313659
4165|FORD CREDIT AUTO LOAN|4178|0|3552|0|626|313659
4166|CHASE AUTO FINANCE LOAN|18613|0|4584|0|14029|313659
4167|FORD CREDIT AUTO LOAN|20711|0|4992|0|15719|313659
4168|FORD CREDIT AUTO LOAN|25427|0|6127|0|19300|313659
4169|DUE TO FED OF PUBLIC EMP|40917|667810|0|0|708727|313659
4170|DISTRICT 1, PCD, MEBA|164548|122252|165900|0|120900|313659
4201|GMAC Loan|13900|0|5205|0|8695|313830
4202|Loan for Roof Repairs|0|50000|1466|0|48534|313830
4421|Local Union 107|240|0|0|0|240|314393
4422|Loans payable Trinity Parish|106026|0|106026|0|0|314393
4423|Capital lease Obligations|15161|0|5054|0|10107|314393
4478|Line of Credit|29642|0|29642|0|0|314505
4479|Line of Credit|0|48804|0|0|48804|314505
4531|NONE|0|0|0|0|0|314547
4630|None|0|0|0|0|0|314755
4769|none|0|0|0|0|0|315446
4770|none|0|0|0|0|0|315446
4771|none|0|0|0|0|0|315446
4772|none|0|0|0|0|0|315446
4773|none|0|0|0|0|0|315446
4774|none|0|0|0|0|0|315446
4775|none|0|0|0|0|0|315446
4776|none|0|0|0|0|0|315446
4777|none|0|0|0|0|0|315446
4778|none|0|0|0|0|0|315446
4779|none|0|0|0|0|0|315446
4810|FORD MOTOR CREDIT|20693|0|20693|0|0|315965
4848|No Loans Payable this period|0|0|0|0|0|317061
4862|01/27/2007|0|0|0|0|0|317495
4906|BANK OF AMERICA|281662|0|87086|0|194576|319804
4917|Capital lease - phone equipment|0|19773|0|0|19773|320676
4974|FORD CREDIT|2616|0|2616|0|0|322313
4975|CHASE AUTOMOTIVE FINANCE|13333|0|4000|0|9333|322313
4976|CHASE AUTOMOTIVE FINANCE|13333|0|4000|0|9333|322313
4977|DELL FINANCIAL|0|4851|923|0|3928|322313
5006|FORD MOTOR CREDIT|20092|0|8037|0|12055|323878
5007|FORD MOTOR CREDIT|18962|0|7871|0|11091|323878
5008|FORD MOTOR CREDIT|19608|0|7843|0|11765|323878
5058|Capital Leases|1378|0|1378|0|0|326426
5073|Amalgamated Bank of New York|694445|0|361112|0|333333|326469
5074|CFT Credit Union|7623|0|7623|0|0|326469
5075|United Labor Bank|0|2968500|7537|0|2960963|326469
5076|California Federation of Teachers|0|50000|50000|0|0|326469
5079|Global Imaging Systems|6499|0|3109|0|3390|326600
5084|Wells Fargo Bank, N.A.|3800000|0|31856|0|3768144|327339
5085|SBC Capital Service - 1|93718|0|33284|0|60434|327339
5086|SBC Capital Service - 2|56088|0|19967|0|36121|327339
5089|GMAC|8218|0|8218|0|0|327487
5105|LOCAL # 5|30368|0|0|0|30368|327632
5110|SEIU|53200|0|35000|0|18200|327637
5189|NONE|0|0|0|0|0|329573
5199|Graybar Financial|12323|0|4013|0|8310|329649
5202|ACCOUNTS PAYABLE|1952|0|0|1952|0|329681
5208|Loan Payable|10777|0|0|0|10777|329974
5209|Jeanne D'Arc Credit Union|6458|0|3639|0|2819|330005
5211|USW DISTRICT 12|0|10000|0|0|10000|330010
5213|automobiles|0|53987|3925|0|50062|330026
5215|SEIU International|250000|0|155000|0|95000|330079
5217|UNION BANK AND TRUST|0|75000|5000|0|70000|330150
5225|LOAN FROM INTERNATIONAL|33207|0|33207|0|0|330468
5226|NOT APPLICABLE|0|0|0|0|0|330490
5238|Equipment Lease|5473|0|4071|0|1402|330592
5241|POPULAR LEASING|33095|0|5982|0|27113|330604
5242|POPULAR AUTO|33778|0|7441|0|26337|330604
5280|NONE|0|0|0|0|0|331155
5281|NONE|0|0|0|0|0|331156
5312|1515 Lyell Ave Corp|0|40000|0|0|40000|332208
5313|Chesapeake Leasing|49828|0|28571|0|21257|332211
5342|Wachovia Bank|20125|0|0|0|20125|332549
5343|United Business Machines|0|8120|2729|0|5391|332549
5344|Amercian Nurses Association|193499|32548|10898|0|215149|332549
5363|NONE|0|0|0|0|0|333190
5517|LI Commercial Bank|99251|0|2373|0|96878|334779
5738|Capital Lease Obligation|830|0|493|0|337|336036
5739|Auto Loans|239678|93289|83463|0|249504|336036
5817|NATIONAL CITY BANK|75600|0|1600|0|74000|336750
5821|Seafarers Int'l Union of N.A. -AGLIWD|14034852|1488544|3442|0|15519954|336925
5845|AUTO LEASING POPULAR LEASING|32725|0|7140|0|25585|337107
5846|XEROX COPIER DE LAGE LANDEN|12016|0|4731|0|7285|337107
5847|COOP. CASA DEL TRABAJADOR|0|5000|2465|0|2535|337107
5848|U.F.C.W.|1908|0|1908|0|0|337107
5858|TPA ASSOCIATES SOFTWARE|469|0|469|0|0|337255
5878|Amalgamated Bank|600000|0|600000|0|0|337681
5912|POPULAR LEASING|6737|0|755|5982|0|338045
5913|POPULAR LEASING|0|27500|3705|0|23795|338045
5914|DE LAGE LANDE|19937|0|12883|0|7054|338045
5915|DORAL BANK -MORTGAGE|0|0|9258|0|0|338045
6037|International Association of Fire Fighters|332912|0|46046|0|286866|338856
6207|0|0|0|0|0|0|343201
7943|Amalgamated Bank|70000|6930000|667472|0|6332528|356212
7944|Manufacturers Bank|248750|0|248750|0|0|356212
7945|Service Employees Int'l Union|181855|0|181855|0|0|356212
7946|Board Ford|633609|0|173059|0|460550|356212
7972|ILA Land Trust|0|1300000|0|0|1300000|356761
8008|N/A|0|0|0|0|0|358437
8318|N/A|0|0|0|0|0|366231
8319|N/A|0|0|0|0|0|366231
8320|N/A|0|0|0|0|0|366231
8321|N/A|0|0|0|0|0|366231
8322|N/A|0|0|0|0|0|366231
8323|N/A|0|0|0|0|0|366231
8324|N/A|0|0|0|0|0|366231
8325|N/A|0|0|0|0|0|366231
8326|N/A|0|0|0|0|0|366231
8327|N/A|0|0|0|0|0|366231
8328|N/A|0|0|0|0|0|366231
8362|AUTOMOBILE|398|0|398|0|0|366963
8947|APWU NATIONAL|156000|261780|297917|0|119863|371690
9004|International Longshoreman|6148|0|6148|0|0|372952
9176|UNION BANK|0|5000|625|0|4375|374942
10655|DISTRICT 12 L&E FUND|0|10000|10000|0|0|385679
10854|FORD MOTOR CREDIT|19635|28685|23162|0|25158|394372
10887|OLD SECOND NATIONAL BANK|5122812|0|387625|0|4735187|396712
11819|Gulf Coast Bank & Trust|14034|0|14034|0|0|410588
11820|Lanier|6133|0|2607|0|3526|410588
11824|UMPQUA BANK|80901|0|7853|0|73048|410877
11825|LOCAL UNION 447|9000|0|0|0|9000|410877
12480|NONE|0|0|0|0|0|417003
13608|FORD MOTOR CREDIT|0|60030|6013|0|54017|432159
13658|Notes payable vehicle|31618|0|6139|0|25479|433733
13678|Mickey Cox|4000|0|0|0|4000|433944
15721|GMAC-2002 BUICK CENTURY|11506|0|3520|0|7986|462961
15741|Commerce Bank|2540|0|2174|0|366|463319
15765|GCIU SICK BENEFITS FUND|0|67031|0|0|67031|463948
15766|GCIU EMERGENCY FUND|0|12385|0|0|12385|463948
15767|GCIU LOCAL 261 BLDG CORP|58752|0|4495|0|54257|463948
22803|Amalgamated Bank|6977493|0|998629|0|5978864|556566
22804|Amalgamated Bank|17151|0|17151|0|0|556566
22805|Building loans|128943|0|0|0|128943|556566
