OID|SOURCE|LOANS_OWED_START|LOANS_OBTAINED|CASH_REPAYMENT|NON_CASH_REPAYMENT|LOANS_OWED_END|RPT_ID
2513|RIVERSIDE BANK|12002|0|4615|0|7387|299325
5350|n/a|0|0|0|0|0|332829
1918|NONE|0|0|0|0|0|280561
1929|Avaya-Telephone System Lease|0|34811|0|0|34811|281555
1930|Copier Equipment Lease|0|18472|120|0|18352|281555
1931|Dues Trust Payable|144382|0|59894|0|84488|281555
1932|Lucent technology|2999|0|2999|0|0|281555
2036|Amalgamated Bank|150000|0|60000|0|90000|286393
2037|OPEIU Local 153|50000|0|50000|0|0|286393
2038|PHPA Publication|40000|0|20000|0|20000|286393
2052|GMAC|36797|0|36797|0|0|288025
2077|BLDG. TRADES CREDIT UNION|325|0|325|0|0|290798
2119|PNC-LINE OF CREDIT|15000|35545|0|0|50545|291926
2135|FORD MOTOR CREDIT|81031|24811|15988|16072|73782|292810
2136|BANK OF AMERICA|0|34913|2464|0|32449|292818
2137|U.S. BANK|25000|0|0|0|25000|292819
2138|U.S. BANK|7667|0|0|0|7667|292819
2149|DAIMLERCHRYSLER FINANCIAL|0|7500|0|0|7500|292931
2150|TWU INTERNATIONAL|27000|0|13000|0|14000|292948
2156|Xerox Lease|526010|0|82590|0|443420|293132
2157|CHRYSLER FINANCIAL CO. LLP|30526|0|30526|0|0|293137
2165|CHRYSLER FINANCIAL|0|6000|3000|0|3000|293203
2193|FIFTH THIRD BANK|36747|0|36747|0|0|293582
2194|CITIZENS BANK|0|50000|11682|0|38318|293582
2195|FIFTH THIRD BANK|0|9000|397|0|8603|293582
2209|GMAC|10718|0|1461|0|9257|293776
2210|WESTAMERICA|99910|0|0|0|99910|293776
2224|HERGET BANK|59712|0|10915|0|48797|294134
2225|CHRYSLER FINANCIAL|10087|0|4306|0|5781|294134
2233|UNITED LABOR BANK BLDG|312920|0|24136|0|288784|294588
2241|FORD MOTOR CREDIT CO.|510|21075|5010|0|16575|295016
2242|None|0|0|0|0|0|295061
2243|LABOR MGMT COOP TRUST|0|7391|0|0|7391|295100
2244|NONE|0|0|0|0|0|295102
2247|NONE|0|0|0|0|0|295289
2249|U.A. Loan|52950|0|3600|0|49350|295424
2250|Building Mortgage|1028045|0|15518|0|1012527|295424
2251|WACHOVIA BANK - BLDG|551314|0|94157|0|457157|295427
2252|POWERNET BANK-AUTO|17810|0|5871|0|11939|295427
2259|GCIU SICK BENEFITS FUND|67031|35822|0|67031|35822|295706
2260|GCIU EMERGENCY FUND|12385|27187|0|12385|27187|295706
2261|GCIU LOCAL 261 BLDG CORP|54257|0|0|4917|49340|295706
2264|AVAYA FINANCIAL SERVICES|5389|0|1314|0|4075|296014
2265|BRIGHT BAY LINCOLN MERCURY|32572|0|7727|0|24845|296014
2279|AFFILIATED ORGANIZATION|14553|0|14552|0|1|296363
2280|AFTRA National|14702|0|0|0|14702|296411
2281|Ford Motor Credit|23332|0|23332|0|0|296412
2286|NONE|0|0|0|0|0|296669
2290|Armory Garage|72959|0|35783|0|37176|296714
2302|FIFTH THIRD BANK|0|100000|0|0|100000|297071
2303|FORD CREDIT|29926|0|29926|0|0|297076
2304|GMAC|0|23681|23681|0|0|297082
2308|SERVICE EMPLOYEES INTL AFL/CIO|9439|0|0|0|9439|297111
2309|DAIMLER CHRYSLER|6425|0|6425|0|0|297111
2310|TOSHIBA PHONE SYSTEM|5492|0|2011|0|3481|297116
2311|FORD MOTOR CREDIT|0|10000|1095|0|8905|297129
2313|MORTGAGE ON BUILDING|286065|0|8377|0|277688|297195
2314|West Coast Bank|637892|0|44813|0|593079|297234
2315|IW Credit Union|12896|0|12896|0|0|297239
2316|NONE|0|0|0|0|0|297240
2317|N/A|0|0|0|0|0|297360
2321|AUTO LOAN-FORD CREDIT|14202|0|8370|0|5832|297412
2322|NONE|0|0|0|0|0|297575
2328|None|0|0|0|0|0|297627
2329|AmSouth Bank-Construction|0|250000|250000|0|0|297809
2331|NONE|0|0|0|0|0|297868
2333|GENERAL MOTORS|29237|0|3921|0|25316|297872
2334|NONE|0|0|0|0|0|297916
2339|IBEW LU 278 FCU|0|5906|611|0|5295|298045
2340|IBEW LU 278 FCU|9507|0|3835|0|5672|298045
2341|IBEW LU 278 FCU|4189|0|4189|0|0|298045
2342|IBEW LU 278 FCU|0|12629|5204|0|7425|298045
2345|IRONWORKERS CREDIT UNION|19890|0|11196|0|8694|298050
2346|NONE|0|0|0|0|0|298067
2347|None|0|0|0|0|0|298098
2348|TEXAS FIRST BANK|13500|0|4080|0|9420|298100
2352|VEHICLE LOAN|25359|0|25359|0|0|298141
2353|MORTGAGE LOAN|91423|0|7742|0|83681|298141
2355|None - Not Applicable|0|0|0|0|0|298182
2357|HUNTINGTON NAT'L BANK-AUTO|427|0|427|0|0|298467
2360|NONE|0|0|0|0|0|298502
2361|FORD MOTOR CREDIT|13221|0|2777|0|10444|298527
2362|0|0|0|0|0|0|298530
2363|Fidelity Federal Bank|287606|0|30696|0|256910|298542
2364|Independent Bank|13577|0|1790|11787|0|298547
2365|Roosevelt Williams|0|3000|3000|0|0|298547
2366|NONE|0|0|0|0|0|298550
2367|INTL UNION ALL NOV & PROD.|22500|0|0|0|22500|298552
2369|Chrysler Financial|0|10000|3348|0|6652|298561
2370|NOTES PAYABLE|18153|0|8348|0|9805|298568
2373|GMAC|12347|0|5700|0|6647|298571
2374|NONE|0|0|0|0|0|298578
2376|CHASE AUTO FINANCE|30747|0|30747|0|0|298589
2377|ALTON ROUTE CREDIT UNION|0|29362|3950|0|25412|298589
2378|FIST TENNESSEE BANK|16531|0|4638|0|11893|298630
2379|Nepco Credit Union|28076|15236|15396|0|27916|298670
2380|GMAC CREDIT CORPORATION|137563|35150|26508|0|146205|298672
2381|IUOE_Reserve Fund|53550|0|53550|0|0|298689
2382|NONE|0|0|0|0|0|298718
2383|NONE|0|0|0|0|0|298720
2384|AUTOMOBILE LOAN|13816|0|3604|0|10212|298734
2385|Demand loan|200|0|0|0|200|298753
2386|Donald & Emma Trent|128357|0|37809|0|90548|298755
2387|NONE|0|0|0|0|0|298763
2388|NATIONAL CITY BANK|7938|0|4668|0|3270|298780
2389|FORD MOTOR CREDIT CO.|7540|0|5279|0|2261|298780
2390|KEYBANK|168964|0|21545|0|147419|298780
2391|KEY CORPORATE CAPITAL, INC.|0|0|162|0|5858|298811
2392|(SEE ITEM 69 FOR COLUMN (C)|0|0|0|0|0|298811
2393|EXPLANATION ON LOANS|0|0|0|0|0|298811
2394|OBTAINED.)|0|0|0|0|0|298811
2395|None|0|0|0|0|0|298848
2397|NONE|0|0|0|0|0|298871
2398|NYC DISTRICT COUNCIL|10000|0|0|0|10000|298872
2399|NONE|0|0|0|0|0|298874
2400|OVERPAYMENT OF DUE TO IWBC|3245|0|3245|0|0|298903
2401|NONE|0|0|0|0|0|298906
2402|Ford Motor Credit Corp|5190|15661|3458|0|17393|298909
2403|Security One Credit Union|11554|0|3468|0|8086|298909
2404|NONE|0|0|0|0|0|298912
2406|GMAC|13387|0|2880|0|10507|298915
2407|NONE|0|0|0|0|0|298918
2408|GMAC|22499|0|2477|20022|0|298920
2409|HUNTINGTON NATIONAL BANK|164331|0|17038|0|147293|298929
2410|FORD MOTOR CREDIT -TAURUS|13308|0|5485|0|7823|298929
2411|FORD MOTOR CREDIT- 500|16135|0|5416|0|10719|298929
2412|FORD MOTOR CREDIT- FOCUS|16331|0|6029|0|10302|298929
2413|GMAC-3 BUICK CENTURIES|39935|0|17967|0|21968|298929
2414|AVAYA FINANCIAL SERVICES|128703|0|128703|0|0|298931
2415|SOLARCOM, INC|459663|0|459663|0|0|298931
2416|XEROX AND OTHER LEASES|63142|0|17276|0|45866|298931
2417|LESSOR-PITNEY BOWES POSTAGE MACHINE|0|81280|14472|0|66808|298931
2418|LESSOR-SOLARCOM PRINT SHOP|0|553450|18924|0|534526|298931
2419|LESSOR-SOLARCOM PHASER|0|4988|731|0|4257|298931
2420|LESSOR-SOLARCOM DP-12|0|99500|13149|0|86351|298931
2421|LESSOR-SOLARCOM WCP-90|0|47545|6283|0|41262|298931
2422|LOSSOR-SOLARCOM WCP-128|0|11898|1572|0|10326|298931
2423|LESSOR-SOLARCOM AS400|0|671585|65132|0|606453|298931
2424|LESSOR-SOLARCOM AS400|0|166234|6968|0|159266|298931
2425|None|0|0|0|0|0|298934
2426|NONE|0|0|0|0|0|298936
2427|NONE|0|0|0|0|0|298938
2428|NONE|0|0|0|0|0|298943
2429|FORD CREDIT|7123|0|3945|0|3178|298944
2430|FORD CREDIT|14553|0|3306|0|11247|298944
2431|FORD CREDIT|0|34214|888|0|33326|298944
2432|Ford Motor Credit|32452|58640|36712|0|54380|298945
2433|NONE|0|0|0|0|0|298953
2434|SHEET METAL CREDIT UNION|0|12962|12962|0|0|298958
2435|N/A|0|0|0|0|0|298960
2436|FORD MOTOR CREDIT|67219|0|42878|0|24341|298962
2438|None|0|0|0|0|0|298964
2439|NONE|0|0|0|0|0|298976
2441|AMEX BUSINESS SYSTEMS|4994|0|1466|0|3528|298979
2442|BUILDING E ST LOUIS|33803|0|19768|0|14035|298981
2446|Parish National Bank|12331|0|12331|0|0|298995
2447|Parish National Bank|66350|28217|0|0|94567|298995
2448|None|0|0|0|0|0|298996
2449|NOT APPLICABLE|0|0|0|0|0|298999
2450|NONE|0|0|0|0|0|299008
2451|NONE|0|0|0|0|0|299014
2452|NONE|0|0|0|0|0|299016
2454|PNC BANK|236832|0|79467|0|157365|299019
2455|Eastern Loan|0|11090|405|0|10685|299024
2456|NONE|0|0|0|0|0|299026
2457|NONE|0|0|0|0|0|299027
2458|COPIER LEASE/PURCHASE|4377|0|2189|0|2188|299032
2459|None|0|0|0|0|0|299035
2460|GMAC Financing|21615|0|7006|0|14609|299064
2461|GMAC Financing|6580|0|6580|0|0|299064
2462|Chrysler Credit|0|34657|1330|0|33327|299064
2463|M & T CREDIT CORP|10511|0|5634|0|4877|299065
2464|FORD MOTOR CREDIT|0|11657|2290|0|9367|299066
2466|NORTHERN CALIFORNIA CARPENTES|415548|0|43080|0|372468|299073
2467|Colorado Springs National Bank|210350|0|52719|0|157631|299074
2468|NO. CA. CARPENTERS REGIONAL COUN.|1107069|0|37769|0|1069300|299076
2470|GMAC Financing|7634|0|2531|0|5103|299133
2472|GMAC|191724|0|42198|125015|24511|299152
2473|Commerce Bank Line of Credit|0|65000|6915|0|58085|299169
2474|LASALLE BANK|29356|0|5867|0|23489|299172
2475|GMAC|4698|0|4698|0|0|299183
2476|None|0|0|0|0|0|299184
2477|CHRYSLER FINANCIAL|8564|0|8564|0|0|299185
2478|BROTHERHOOD BANK|609851|0|25225|0|584626|299194
2479|NONE|0|0|0|0|0|299197
2480|N.C.C.R.C|0|2100000|25265|0|2074735|299198
2481|JOINT APPRENTICESHIP TRAINING COMMITTEE|0|4435|4435|0|0|299200
2482|The Bryn Mawr Trust Co.|1560000|0|260000|0|1300000|299201
2484|NONE|0|0|0|0|0|299204
2485|Canon Financial|12185|0|3117|0|9068|299205
2486|WFS FINANCIAL|9649|0|5934|0|3715|299206
2488|BANK OF SPRINGFIELD|0|4000000|2200000|0|1800000|299211
2489|IEA CASH FLOW TRUST|0|2900000|1450000|0|1450000|299211
2490|FIRST COLLINSVILLE BANK|108805|20000|54466|0|74339|299213
2492|NONE|0|0|0|0|0|299233
2494|I B E W BUILDING FUND|0|4248|0|0|4248|299241
2495|NONE|0|0|0|0|0|299243
2496|N/A|0|0|0|0|0|299244
2497|GMAC VEHICLE LOAN|1629|0|1629|0|0|299256
2498|BUILDING LOAN|23554|0|23554|0|0|299256
2499|Key Bank|17680|0|3922|0|13758|299260
2500|Chrysler Financial|2675|0|2675|0|0|299261
2502|Union Savings Bank|633354|106754|20512|0|719596|299265
2503|FORD MOTOR CREDIT|6482|39099|6777|0|38804|299269
2505|SUNTRUST LINES OF CREDIT|16315333|45391786|12514455|0|49192664|299280
2506|COMMERCE LINE OF CREDIT - PYRAMID|0|1370075|0|0|1370075|299292
2507|PREPAID INTEREST - PYRAMID|0|130000|36470|0|93530|299292
2508|NONE|0|0|0|0|0|299307
2510|NONE|0|0|0|0|0|299317
2512|NONE|0|0|0|0|0|299322
2871|GMAC Auto|15793|0|4315|0|11478|302661
2514|GMAC|15197|0|15197|0|0|299326
2515|AUTO LOAN-CHRYLSER|14189|0|14189|0|0|299338
2517|NONE|0|0|0|0|0|299343
2518|NONE|0|0|0|0|0|299348
2519|GMAC|16742|0|13360|0|3382|299356
2520|Ford Motor Credit|7180|0|7180|0|0|299357
2521|Chrysler Financial Corporation|7895|0|3830|0|4065|299357
2522|CHASE AUTOMOTIVE|44886|0|9815|0|35071|299395
2523|NONE|0|0|0|0|0|299396
2524|GMAC - auto loan|4666|0|1762|0|2904|299401
2525|GMAC - auto loan|4666|0|1762|0|2904|299401
2526|GMAC - auto loan|4657|0|1774|0|2883|299401
2527|Ford Motor Credit|11330|0|11330|0|0|299406
2528|PowerNet Credit Union|0|23440|1784|0|21656|299406
2529|NONE|0|0|0|0|0|299407
2534|DETROIT FEDERATION OF TEACHERS|110569|0|56286|0|54283|299415
2535|FIFTH THIRD BANK|229286|0|8683|0|220603|299432
2536|FORD CREDIT|19455|0|8050|0|11405|299432
2537|GMAC|4129|0|1621|0|2508|299432
2538|NONE|0|0|0|0|0|299433
2539|NONE|0|0|0|0|0|299436
2543|NONE|0|0|0|0|0|299442
2544|NONE|0|0|0|0|0|299450
2546|FORD MOTOR CREDIT|1520|0|1520|0|0|299452
2547|N.E.R.C.C.|0|75000|12844|0|62156|299461
2548|WILMINGTON TRUST CO|0|987488|0|0|987488|299469
2549|Canon Financial Services, Inc.|12227|0|3961|0|8266|299512
2550|DELL|2485|0|2485|0|0|299521
2552|BANK OF O'FALLON|0|132000|1620|0|130380|299526
2553|GMAC FINANCIAL|11281|0|4899|0|6382|299527
2554|CHRYSLER FINANCIAL|5406|0|5406|0|0|299527
2555|CHRYSLER FINANCIAL|10265|0|4784|0|5481|299527
2556|NONE|0|0|0|0|0|299530
2557|COMMUNITY BANK|128153|0|7285|0|120868|299550
2558|Ford Motor Credit Co.|21236|0|10618|0|10618|299554
2559|VEHICLE LOAN|11885|0|4918|0|6967|299558
2560|VEHICLE LOAN|15866|0|4026|0|11840|299558
2561|VEHICLE LOAN|19192|0|4429|0|14763|299558
2563|NONE|0|0|0|0|0|299566
2564|SMW Training Fund|0|4735|0|0|4735|299572
2565|LABOR CREDIT UNION|8107|0|8107|0|0|299573
2567|UNITED LABOR BANK NOTE|0|183122|0|0|183122|299585
2568|UNITED LABOR BANK VISA|6802|0|3613|0|3189|299585
2569|OLD NATIONAL BANK|187208|0|94187|0|93021|299591
2572|Chrysler Financial|26693|0|26693|0|0|299593
2573|Ford Credit|63033|31724|42856|0|51901|299596
2574|Marlin Leasing|5288|0|2388|0|2900|299596
2575|AMALGAMATED BANK OF NEW YORK|9500000|0|0|0|9500000|299614
2576|MEMBERS/DISTRICTS|3257|0|3257|0|0|299616
2577|LINE OF CREDIT|330000|0|35000|0|295000|299641
2578|LONG TERM DEBT|79577|0|18847|0|60730|299641
2581|CHRYSLER FINANCIAL|9009|0|4540|0|4469|299660
2582|DEUTSCHE BANK|4500000|0|4500000|0|0|299709
2583|MICROSOFT LEASING|18023|0|6977|0|11046|299709
2584|Notes Payable|73266|0|16368|0|56898|299717
2585|NOT APPLICABLE|0|0|0|0|0|299725
2586|CHRYSLER FINANCIAL|12962|0|12962|0|0|299761
2587|SunTrust Bank|0|36400000|36400000|0|0|299764
2588|Morgan Stanley Bank|0|2000000|2000000|0|0|299764
2589|N/A|0|0|0|0|0|299767
2590|NONE|0|0|0|0|0|299768
2592|GMAC VEHICLE LOAN|7553|0|7553|0|0|299780
2593|NONE|0|0|0|0|0|299782
2594|NONE|0|0|0|0|0|299783
2596|GENERAL MOTORS ACCEPT. CORP.|36677|0|9252|0|27425|299786
2597|N/A|0|0|0|0|0|299789
2599|THE SAVANNAH BANK|75250|0|75250|0|0|299791
2602|CSEA, COUNCIL 400|0|100000|3111|0|96889|299795
2604|IBEW INTERNATIONAL|591700|25000|393000|0|223700|299802
2605|FORD CREDIT|0|16840|4210|0|12630|299802
2606|REGIONS|12282|0|6249|0|6033|299805
2607|Regions|295741|0|2908|0|292833|299805
2608|Regions|927227|0|26302|0|900925|299805
2609|BANK OF NASHVILLE|36100|0|5644|0|30456|299805
2610|Regions|91068|0|62034|0|29034|299805
2611|Regions|28100|0|0|0|28100|299805
2612|GMAC|0|16857|7848|0|9009|299808
2613|FORD MOTOR CREDIT|0|14000|14000|0|0|299809
2614|Auto Loan Ford Motor Credit|9718|0|0|9718|0|299810
2615|NONE|0|0|0|0|0|299811
2616|NORTH FORK BANK|17708|0|17708|0|0|299812
2617|IBEW|0|5400000|0|0|5400000|299816
2618|2004 FORD TRUCK LOAN|11958|0|8339|0|3619|299832
2619|POWERNET CREDIT UNION|26018|33825|5541|0|54302|299834
2623|NONE|0|0|0|0|0|299856
2624|Rochester Carpenters LU85|55915|3995|0|0|59910|299857
2625|Loan Payable Chrysler Financial|0|18462|0|0|18462|299859
2626|None|0|0|0|0|0|299875
2627|SNIDER EQUIPMENT LEASE|12100|0|12100|0|0|299879
2628|BUILDING CONSTRUCTION LOAN|107322|0|46852|0|60470|299879
2629|BUILDING IMPROVEMENT LOAN|26054|0|10529|0|15525|299879
2630|VACATION LOAN PAYABLE|164274|0|12480|0|151794|299879
2631|INTERNATIONAL PER CAPITA LOAN|71135|0|36000|0|35135|299879
2632|None|0|0|0|0|0|299883
2633|Ford Motor Credit|33671|0|7216|0|26455|299886
2634|Ford Motor Credit|33923|0|7213|0|26710|299886
2635|Ford Motor Credit|39838|0|6880|0|32958|299886
2636|FORD MOTOR CREDIT|0|5000|5000|0|0|299888
2637|GMAC|0|52486|0|0|52486|299888
2639|NONE|0|0|0|0|0|299897
2640|M&T Bank|1387482|0|205015|0|1182467|299899
2641|First Trade Union Bank|188435|0|12266|0|176169|299901
2642|Capital Lease Payable|0|20104|682|0|19422|299901
2643|NONE|0|0|0|0|0|299902
2644|NONE|0|0|0|0|0|299904
2645|CHRYSLER CR 2004 CARAVAN|14814|0|5740|0|9074|299907
2646|CHRYSLER CR 2005 VAN|5207|0|5207|0|0|299907
2647|NONE|0|0|0|0|0|299914
2648|Arvest Bank|4327|0|3155|0|1172|299917
2649|N/A|0|0|0|0|0|299917
2650|NONE|0|0|0|0|0|299923
2651|Ron Tonkin|23104|0|8155|0|14949|299932
2652|Intertel|0|35731|5886|0|29845|299932
2656|Construction Loan -Oak Street Bldg|469907|0|42101|0|427806|299935
2657|Bank of America 1st Floor|0|297500|0|0|297500|299948
2658|Bank of America 2nd Floor|0|1352840|0|0|1352840|299948
2659|AMALGAMATED BANK|25800000|0|800000|0|25000000|299967
2660|AMALGAMATED BANK|13000000|0|4300000|0|8700000|299967
2663|Iron Workers LMCT|0|10000|0|0|10000|299985
2664|MORTGAGE|78682|0|20526|0|58156|299991
2665|MORTGAGE|142869|0|11940|0|130929|299991
2666|FORD CREDIT|6257|0|6257|0|0|299999
2667|FORD CREDIT|0|15120|1883|0|13237|299999
2668|UNITED LABOR BANK|0|72385|0|0|72385|300011
2673|FORD CREDIT|8139|0|8139|0|0|300022
2674|CHRYSLER FINANCIAL|20796|0|7745|0|13051|300025
2675|KEY BANK NATIONAL ASSOC|183087|0|8579|0|174508|300051
2676|PNC BANK - MORTGAGE|288149|0|13867|0|274282|300053
2677|Due to International|0|60000|11000|0|49000|300058
2678|NONE|0|0|0|0|0|300062
2679|Building Promissory Notes|390000|0|45000|0|345000|300063
2680|SDFF L145 Dental Acct|35795|44413|0|0|80208|300063
2681|AVAYA FINANCIAL SERVICES|0|274704|41538|0|233166|300064
2682|SEIU 660 CTW, CLC COPE|40000|0|20000|0|20000|300064
2683|NONE|0|0|0|0|0|300071
2684|GMAC Auto Financing|34967|0|7417|27550|0|300085
2685|DUE TO NJ CARPENTERS FUND|0|39991|0|0|39991|300147
2686|AMERICAN FEDERATION OF TEACHERS (AFT)|140126|0|45613|39530|54983|300171
2687|Keybank - 4901E Mayflower Ln|341402|0|47655|0|293747|300173
2690|None|0|0|0|0|0|300351
2692|ALLIANT ENERGY|17115|0|11327|0|5788|300385
2693|CHRYSLER PAYABLE|22681|0|3474|0|19207|300410
2697|Fidelity Federal Bank- Mortgage|168179|0|30367|0|137812|300753
2698|Fidelity Federal Bank - Auto note|6331|0|6331|0|0|300753
2699|Fidelity Federal Bank - Auto note|0|27879|2882|0|24997|300753
2701|ELECTRICAL WORKERS LOCAL 237 INC.|22|0|0|0|22|300971
2702|BANK OF AMERICA CREDIT LINE|90000|0|6000|0|84000|300971
2703|CREDIT CARDS|9813|5893|9813|0|5893|300998
2704|DUE TO GMAC CREDIT CORP|14253|0|5022|0|9231|301007
2705|DUE TO 102 CREDIT UNION|38509|0|31180|0|7329|301007
2706|DUE TO IBEW LU 400 JATC|2375|0|2375|0|0|301007
2708|ABC BANK, AUSTIN, TX|19775|0|6756|0|13019|301069
2709|Bk of Amer Credit Cards (Column C is net increase)|3402|8891|0|0|12293|301092
2711|GMAC-2002 BUICK CENTURY|7986|0|1058|6928|0|301122
2712|GMAC-2005 BUICK LESABRE|0|20977|1707|0|19270|301122
2715|BUILDING LOAN - MAIN STREET|0|105050|0|0|105050|301167
2719|BANCO POPULAR DE PR|266667|604642|268274|0|603035|301284
2720|H F MORTGAGE|173262|0|7033|0|166229|301284
2721|COOP A&C BARRIO QUEBRADA|70838|0|1845|0|68993|301284
2722|BLUILDING TRADES CREDIT UN|7127|0|7127|0|0|301344
2723|BUILDING TRADES CREDIT UN|0|24594|0|0|24594|301344
2732|N/A|0|0|0|0|0|301414
2733|N/A|0|0|0|0|0|301414
2734|N/A|0|0|0|0|0|301414
2735|N/A|0|0|0|0|0|301414
2736|N/A|0|0|0|0|0|301414
2737|N/A|0|0|0|0|0|301414
2738|N/A|0|0|0|0|0|301414
2739|N/A|0|0|0|0|0|301414
2740|N/A|0|0|0|0|0|301414
2741|N/A|0|0|0|0|0|301414
2742|N/A|0|0|0|0|0|301414
2798|GMAC|16720|0|8408|0|8312|301421
2799|Ford|19404|0|3697|0|15707|301421
2802|AUTOMOBILE|0|11291|11291|0|0|301423
2803|AUTOMOBILE|0|12425|227|0|12198|301423
2804|Ford Motor Credit Corp.|22191|0|12215|0|9976|301432
2805|NONE|0|0|0|0|0|301465
2806|None|0|0|0|0|0|301583
2807|CREDIT LINE PAYABLE|179791|8214145|8393936|0|0|301671
2808|GMAC FINANCIAL SERVICES|0|16285|1932|0|14353|301748
2813|FORD MOTOR CREDIT CO.|0|9128|9128|0|0|301783
2820|Ford Motor Credit|0|15092|15092|0|0|301948
2822|NONE|0|0|0|0|0|302022
2824|NOTE PAYABLE AFL-CIO|62802|0|14447|0|48355|302061
2825|LOAN PAYABLE CHASE BANK|328243|1|63185|0|265059|302067
2830|COLONIAL BANK|455028|0|13401|0|441627|302073
2831|Gulf Coast Bank & Trust|14034|0|14034|0|0|302133
2832|Lanier|6133|0|5215|0|918|302133
2833|NOTE PAYABLE - IBEW & UW FCU|17852|0|17852|0|0|302254
2835|NONE|0|0|0|0|0|302262
2843|NONE|0|0|0|0|0|302339
2844|New England Regional Council|143365|0|9018|0|134347|302341
2845|Commonwealth Bank|33841|0|3642|0|30199|302341
2846|Bank of America|0|7150000|5800000|0|1350000|302345
2847|NONE|0|0|0|0|0|302347
2848|Comerica Bank|3854163|0|1250004|0|2604159|302377
2849|Mortgage payable Key Bank - Auburn|1785176|0|26545|0|1758631|302378
2850|Note payable Key Bank - buildout|335198|0|101373|0|233825|302378
2853|XEROX COPIER (1)|16348|0|6152|10196|0|302384
2854|XEROX COPIER (2)|0|39988|4805|0|35183|302384
2857|Loan Payable - General Fund|20771|10000|0|0|30771|302397
2858|Capitalized Equip Lease|14834|0|3814|0|11020|302397
2861|NONE|0|0|0|0|0|302402
2862|FORD MOTOR CREDIT|166|0|166|0|0|302403
2863|CHRYSLER FINANCIAL|22539|0|4539|0|18000|302403
2864|ENTERPRISE BANK|50437|0|35291|0|15146|302403
2865|ENTERPRISE BANK|19013|0|4002|0|15011|302403
2866|SMITH MOORE|0|18894|0|0|18894|302403
2867|CWA NATIONAL OFFICE|14600|0|0|0|14600|302493
2868|TRANSFER OF NOTE FROM CWA FROM LOCAL 4039|0|166058|3911|0|162147|302642
2869|Bank of Albuquerque|116166|0|14170|0|101996|302661
2870|GMAC Auto|15793|0|4315|0|11478|302661
3201|FORD MOTOR CREDIT|19983|0|4907|0|15076|308378
2872|ADS Digital Printer|886|0|886|0|0|302661
2873|ADS Copier|188|0|188|0|0|302661
2875|Reliable Financial Corp.|15478|0|3907|0|11571|302739
2876|Reliable Financial Corp.|15974|0|2943|13031|0|302739
2877|Ford Motor Credit Co.|20000|0|2482|0|17518|302739
2878|None|0|0|0|0|0|302810
2879|NONE|0|0|0|0|0|302811
2882|SOUTHSIDE BANK|3811|0|3811|0|0|302970
2883|SOUTHSIDE BANK|7449|0|3637|0|3812|302970
2884|COMMERCE BANK|0|194228|13212|0|181016|302982
2885|NAT'L BASKETBALL PLAYERS|333858|304454|162000|0|476312|303014
2886|COMMERCE BANK|12983|0|4625|0|8358|303017
2888|Legal (Int'l)|10800|0|4800|0|6000|303118
2889|Line of Credit|4685|0|2692|0|1993|303118
2890|Pension (Int'l)|3700|0|3700|0|0|303118
2891|SOUTH SIDE BANK|12572|0|12572|0|0|303127
2892|Advanced Dues from National|800|177600|178000|0|400|303128
2893|CWA National|8846|0|5783|0|3063|303139
2894|CWA National|123608|0|8736|0|114872|303139
2895|FIRST TRUST BANK OF ILLINOIS|27870|0|6799|0|21071|303144
2904|Ford Credit Company|6083|0|1656|0|4427|303187
2905|CWA National|214011|0|32182|0|181829|303213
2906|BANK OF AMERICA - VISA|9555|0|9555|0|0|303260
2907|JOHN HOLT, PRESIDENT (N)|0|15000|15000|0|0|303260
2908|CWA NATIONAL|200000|0|4366|0|195634|303343
2910|CITIZENS BANK|2500000|0|83336|0|2416664|303349
2911|FORD CREDIT|13380|0|4788|0|8592|303350
2912|FORD CREDIT|16623|0|5394|0|11229|303350
2913|Certificates payable|3350|0|0|0|3350|303383
2915|CWA National|0|399000|8709|0|390291|303387
2916|COMM WORKERS OF AMERICA|1036139|0|14807|0|1021332|303389
2917|Note Payable- CWA National Office|187256|0|187256|0|0|303402
2918|NONE|0|0|0|0|0|303405
3183|NONE.|0|0|0|0|0|308119
2928|CHRYSLER FINANCIAL|22001|0|2566|19435|0|303437
2929|COMM WORKERS OF AMERICA|236082|0|4530|0|231552|303439
2934|NATIONAL CWA|356477|0|0|26457|330020|303466
2935|CWA|0|46000|7183|0|38817|303505
2936|CWA INTERNATIONAL UNION|66324|0|7547|0|58777|303507
2937|CALIFORNIA LEASING|12229|0|12229|0|0|303507
2938|NONE|0|0|0|0|0|303508
2939|AUTO LOAN|23309|0|23309|0|0|303564
2940|Macatawa Bank|0|175000|0|0|175000|303589
2941|COLONIAL BANK|50618|0|1901|0|48717|303591
2942|PILEDRIVERS LOCAL 2520|12000|0|12000|0|0|303596
2944|Wells Fargo Financial|13856|0|3274|0|10582|303629
2945|Pitney Bowes|12965|0|5762|0|7203|303630
2946|Ikon|20394|0|4899|0|15495|303630
2947|Great America Leasing|9514|0|2173|0|7341|303630
2949|Note payable- CWA International|10876|0|1559|0|9317|303638
2951|XEROX COPIER|8042|0|3353|0|4689|303648
2952|International CWA|230049|0|7055|0|222994|303680
2953|CWA National|59575|0|1344|0|58231|303700
2954|CWA AFLCIO|13913|0|8427|0|5486|303744
2955|NONE|0|0|0|0|0|303793
2956|DELL CAPITAL LEASE|462|0|462|0|0|303804
2957|LIFE CREDIT UNION|75143|154325|68351|0|161117|303806
2959|NONE|0|0|0|0|0|303831
2960|PROMISSORY NOTE 5.79% DUE 12/9/2014|151027|0|12672|0|138355|303838
2961|PROMISSORY NOTE 7.25% DUE 10/14/02006|0|20000|0|0|20000|303838
2965|CWA INTERNATIONAL|129654|8522|5037|0|133139|304002
2966|CWA INTERNATIONAL|8522|0|8522|0|0|304002
2967|Global Imaging Systems|3390|0|895|0|2495|304003
2968|NONE|0|0|0|0|0|304151
2970|IKON Copier Lease|19098|0|10146|8952|0|304164
2971|W F Computer System Lease|16794|0|6490|0|10304|304164
2973|CWA International|16720|0|12377|0|4343|304168
2975|C.W.A. AFL- CIO NAT'L UNION|294722|0|41146|0|253576|304174
2976|BUILDING TRADES FCU|159020|30000|24560|0|164460|304174
2977|BUILDING TRADES FCU|23158|0|2957|0|20201|304174
2978|BUILDING TRADES FCU|23149|0|2958|0|20191|304174
2979|BUILDING TRADES FCU|24390|0|3102|0|21288|304174
2980|BUILDING TRADES FCU|24601|0|3128|0|21473|304174
2981|BUILDING TRADES FCU|24601|0|3128|0|21473|304174
2982|BUILDING TRADES FCU|24391|0|3103|0|21288|304174
2983|BUILDING TRADES FCU|21431|0|2664|0|18767|304174
2984|BUILDING TRADES FCU|25261|0|3108|0|22153|304174
2985|FORD CREDIT|11358|0|11358|0|0|304174
2986|FORD CREDIT (106828)|11899|0|11899|0|0|304315
2987|FORD CREDIT (117287)|12399|0|12399|0|0|304315
2988|FORD CREDIT ($339.26)|0|20356|1017|0|19339|304315
2989|FORD CREDIT ($314.64)|0|18878|944|0|17934|304315
2990|NONE|0|0|0|0|0|304365
2991|FORD CREDIT CORPORATION|11709|0|11709|0|0|304537
2992|GENERAL MOTORS ACCEPTANCE|31997|0|7519|0|24478|304537
2993|GENERAL MOTORS ACCEPTANCE|0|30500|3203|0|27297|304537
2994|GENERAL MOTORS ACCEPTANCE|0|34800|3613|0|31187|304537
3000|OPEIU Pension Fund|21800|0|8400|0|13400|304801
3002|Bank of Pensacola|30283|0|3540|0|26743|304984
3007|Michael Bergman|20000|0|439|0|19561|304989
3008|Torren Colcord|3000|0|3000|0|0|304989
3009|Dell Computer|0|1674|0|0|1674|304989
3013|NOES - CHRYSLER|14403|0|14403|0|0|305026
3017|FORD MOTOR CREDIT|8603|0|8603|0|0|305072
3018|FORD MOTOR CREDIT|0|10492|10492|0|0|305072
3019|None|0|0|0|0|0|305075
3041|SOVEREIGN BANK|167419|0|167419|0|0|305122
3043|None|0|0|0|0|0|305294
3044|Snider Leasing - computer equip|61842|0|13802|0|48040|305315
3045|Boston Private Bank and Trust|1550000|450000|0|0|2000000|305443
3046|Service Employees Int'l Union|0|2100456|504000|0|1596456|305443
3051|CWA NATIONAL|305259|0|300538|0|4721|305534
3053|GMAC|30379|0|3969|0|26410|305637
3054|BANK AUTO LOAN|9627|0|4814|0|4813|305644
3056|NONE|0|0|0|0|0|305653
3059|GREAT WESTERN BANK|177002|0|4286|0|172716|305659
3060|OTHER FUNDS|0|14360|0|0|14360|305838
3061|BANK ERRORS|4108|14104|0|0|18212|305838
3062|OWED TO IMPREST|0|46949|0|0|46949|305838
3063|NONE|0|0|0|0|0|305969
3065|CWA INTERNATIONAL|57000|0|8685|0|48315|305999
3068|NATIONAL CITY BANK|7766|0|3033|0|4733|306460
3069|GMAC|30102|0|5560|0|24542|306478
3070|NONE|0|0|0|0|0|306494
3079|NONE|0|0|0|0|0|306610
3080|ENTERPRISE BANK|1006872|52731|17098|0|1042505|306626
3081|CADILLAC LOAN|14894|0|14894|0|0|306626
3082|BUICK RANIER LOAN|0|21731|21731|0|0|306626
3083|BUICK RANIER LOAN|0|20003|20003|0|0|306626
3084|FORD EXPLORER LOAN|0|23272|23272|0|0|306626
3085|ENTERPRISES BANK AUTO|0|61023|5000|0|56023|306626
3086|NONE|0|0|0|0|0|306629
3088|IB BOILERMAKERS BANK|0|84088|0|0|84088|306676
3089|Ford Motor Credit|17976|0|17976|0|0|306690
3090|GMAC|41594|0|41594|0|0|306690
3093|none|0|0|0|0|0|306711
3094|none|0|0|0|0|0|306711
3095|none|0|0|0|0|0|306711
3096|none|0|0|0|0|0|306711
3097|none|0|0|0|0|0|306711
3098|none|0|0|0|0|0|306711
3099|none|0|0|0|0|0|306711
3100|none|0|0|0|0|0|306711
3101|none|0|0|0|0|0|306711
3102|none|0|0|0|0|0|306711
3103|none|0|0|0|0|0|306711
3104|Auto Loans|9565|85016|26356|0|68225|306714
3107|NONE|0|0|0|0|0|306827
3108|Citizens Bank|160000|0|40000|0|120000|306835
3109|Citizens Bank|101928|0|5408|0|96520|306835
3110|GMAC|4445|0|4445|0|0|306835
3111|GMAC|7838|0|7838|0|0|306835
3112|JP Morgan Chase Bank|0|27197|0|0|27197|306835
3113|GMAC|6325|0|6325|0|0|306835
3114|GMAC|13703|0|6276|0|7427|306835
3115|Chase Auto Financing|11434|0|4843|0|6591|306835
3116|Ford Credit|6445|0|6445|0|0|306835
3117|GMAC|13703|0|6276|0|7427|306835
3118|GMAC|0|16494|3467|0|13027|306835
3119|Bank of America|0|16217|2089|0|14128|306835
3132|FORD MOTOR CREDIT|0|28592|28592|0|0|306900
3133|NONE|0|0|0|0|0|306908
3134|Chrysler Financial|17205|0|4101|0|13104|306967
3135|North Fork Bank|23156|0|4173|0|18983|306967
3138|FORD MOTOR CREDIT|64074|0|14742|0|49332|307023
3140|NONE|0|0|0|0|0|307051
3141|AUTO LOAN-VNB|2980|0|2980|0|0|307114
3142|AUTO LOAN-CHASE|4310|0|3042|0|1268|307114
3143|AUTO LOAN-CHASE|11991|0|4797|0|7194|307114
3144|FLEET BANK|19982|0|945|0|19037|307155
3145|VEHICLE LOAN GMAC|10372|0|10372|0|0|307451
3146|NONE|0|0|0|0|0|307509
3147|General Motors Acceptance Corporation|71126|0|16141|0|54985|307510
3148|Ford Motor Credit|27853|0|5879|0|21974|307510
3149|UNION BUILDING CORPORATION|249211|0|43516|0|205695|307627
3150|International Brotherhood of Teamsters|100000|0|0|0|100000|307642
3151|MICHIGAN TITLE INSURANCE AGENCY|0|240028|9917|0|230111|307643
3152|United Bank, Inc.|5621|12145|3489|0|14277|307646
3153|AUTO LOAN-CHRYSLER FIN'L|3932|0|3932|0|0|307657
3154|AUTO LOAN-CHRYSLER FIN'L|6767|0|2082|0|4685|307657
3155|AUTO LOAN-CHRYSLER FIN'L|6215|0|4286|0|1929|307657
3156|AUTO LOAN-CHRYSLER FIN'L|22590|0|5758|0|16832|307657
3157|AUTO LOAN-CHRYSLER FIN'L|0|25000|417|0|24583|307657
3158|BANK OF AMERICA|8832|0|4516|0|4316|307660
3159|GMAC|5483|0|5483|0|0|307660
3160|GMAC AUTO LOANS|78711|22997|28625|9312|63771|307708
3161|FORD CREDIT|9300|0|7971|0|1329|307708
3162|DATAMAX|6215|0|2486|0|3729|307737
3163|Int'l Brotherhood of Teamsters|114084|0|48226|0|65858|307739
3164|Smart Office Systems|0|0|0|0|3074|307739
3165|Case Construction Company|0|0|110000|0|31200|307739
3168|NONE|0|0|0|0|0|307753
3169|FORD MOTOR CREDIT|14072|0|4038|0|10034|307755
3170|AUTOMOTIVE FEDERAL CREDIT UINON|31047|0|31047|0|0|307838
3171|NONE|0|0|0|0|0|307914
3172|GMAC|31020|0|0|31020|0|308003
3173|FORD MOTOR CREDIT CO|94658|0|9539|85119|0|308003
3174|NORTHEASTERN ENG CU|15824|0|3158|0|12666|308003
3175|BANK OF AMERICA|0|25000|3229|0|21771|308064
3176|NONE|0|0|0|0|0|308106
3177|SunTrust|10751|0|5996|0|4755|308107
3178|NONE|0|0|0|0|0|308108
3179|NONE|0|0|0|0|0|308110
3180|AMALGAMATED BANK OF NY|62187|0|25270|0|36917|308114
3181|Dell Financial Services|0|2584|1334|0|1250|308117
3184|NONE|0|0|0|0|0|308120
3185|GMAC|0|47317|0|0|47317|308186
3186|TRUSTMARK NATIONAL BANK|13158|0|4853|0|8305|308240
3187|IAMAW GRAND LODGE|10850|0|1500|0|9350|308241
3188|GMAC|36229|0|5671|0|30558|308244
3189|GMAC|30854|0|3662|0|27192|308244
3190|GMAC Auto loans|52320|0|10661|0|41659|308245
3191|NONE|0|0|0|0|0|308246
3192|NONE|0|0|0|0|0|308252
3193|None|0|0|0|0|0|308253
3194|Greylock Federal Credit Union|120923|0|4283|0|116640|308255
3195|NONE|0|0|0|0|0|308283
3196|WSFS BANK|17311|0|11623|0|5688|308307
3199|FORD MOTOR CREDIT|7328|0|4628|0|2700|308378
3200|IBEW MEMBERS & CREDIT UNION|16954|0|16954|0|0|308378
3602|NONE|0|0|0|0|0|310749
3202|CHAKES, INC.|0|14590|7914|0|6676|308378
3203|NONE|0|0|0|0|0|308402
3204|None|0|0|0|0|0|308403
3205|Building Mortgage|1409006|0|382080|0|1026926|308407
3207|MARLIN LEASING|23710|0|5716|0|17994|308413
3208|Ford Motor Credit|3985|0|3985|0|0|308425
3209|None|0|0|0|0|0|308444
3210|GMAC|18392|0|11900|0|6492|308458
3211|INTERNATIONAL UNION - UAW|400417|0|0|103419|296998|308470
3212|NONE|0|0|0|0|0|308471
3213|GMAC|2130|0|2130|0|0|308501
3214|VALLEY NATIONAL BANK|12029|0|4336|0|7693|308501
3215|UNION STATE BANK|11738|0|11738|0|0|308501
3216|FORD CREDIT|0|21656|1934|0|19722|308501
3217|UNION STATE BANK|0|100000|0|0|100000|308501
3218|MERCANTILE NATL BK- BUS. LNS|143441|0|143441|0|0|308509
3219|CHASE BANK|0|250000|123161|0|126839|308509
3220|NONE|0|0|0|0|0|308510
3221|NONE|0|0|0|0|0|308562
3222|CWA|32569|0|28034|4535|0|308567
3223|None|0|0|0|0|0|308624
3224|UNITE H.E.R.E. Int'l Assoc.|131107|0|18000|0|113107|308633
3225|Ford Motor Credit|14690|0|10369|0|4321|308708
3226|Fifth Thrid Bank|0|45000|0|0|45000|308708
3227|Ford Motor Credit Corporation|8005|0|8005|0|0|308711
3228|Ford Motor Credit Corp.|7479|0|4724|0|2755|308712
3229|Ford Motor Credit Corp.|21213|0|7955|0|13258|308712
3230|Ford Motor Credit Corp.|23509|0|8796|0|14713|308712
3231|Ford Motor Credit Corp.|0|28907|2891|0|26016|308712
3240|Ford Motor|4384|0|4384|0|0|308715
3257|Capital Lease Obligation|25168|0|10940|0|14228|308720
3258|Teamsters Local 20|418423|0|7116|0|411307|308756
3259|OH Conf. of Teamsters H&W|1813|0|1813|0|0|308756
3260|Commerce Bank|32588|0|5278|0|27310|308758
3261|Joint Council #44|1715|0|1715|0|0|308759
3262|NONE|0|0|0|0|0|308798
3263|Intertel Telephone Lease|13091|22270|7639|0|27722|308878
3264|Dell Financial Services|7672|0|5317|0|2355|308878
3269|OPEIU (PARENT)|76667|0|20000|0|56667|308901
3270|BUILD. TRADES CREDIT UNION|0|0|0|0|23778|308901
3271|BUILD. TRADES CREDIT UNION|0|0|0|0|19674|308901
3278|NONE|0|0|0|0|0|308912
3283|NATIONAL CITY MORTGAGE|234200|0|12978|0|221222|308994
3284|NATIONAL CITY LOAN|0|49574|0|0|49574|308994
3285|NONE|0|0|0|0|0|309009
3286|DECA CREDIT UNION|0|27950|2447|0|25503|309011
3287|AUTO LOAN|9154|0|3937|0|5217|309106
3288|AUTO LOAN|0|16661|2228|0|14433|309106
3293|UNION BUILDING CORP|74355|0|22834|0|51521|309126
3294|NONE|0|0|0|0|0|309138
3295|GMAC|33512|0|14362|0|19150|309147
3296|Mortgage on Building|593997|0|15113|578884|0|309201
3297|BUINESS PARTNERS LLC|2917730|0|129996|0|2787734|309209
3298|Petter Business System|889|0|889|0|0|309215
3299|US BANK|91167|0|52238|0|38929|309237
3300|Fibre Federal Credit Union|13251|0|13251|0|0|309245
3309|FORD MOTOR CREDIT|30051|0|6686|0|23365|309253
3310|GMAC|34018|0|5624|28394|0|309253
3311|XEROX CORPORATION|1424|0|1424|0|0|309313
3312|Desert Energy Fed. Credit Union|14470|0|14470|0|0|309327
3313|UNITE HERE INT'L UNION|12087|0|12087|0|0|309337
3314|AMALGAMATED BANK|1152673|0|35146|0|1117527|309338
3315|National City Bank|2000000|0|0|0|2000000|309341
3316|NO LOANS PAYABLE|0|0|0|0|0|309350
3317|HOME SAVINGS & LOAN|35753|0|20749|0|15004|309440
3318|FORD MOTOR CREDIT|0|33333|33333|0|0|309489
3319|FORD MOTOR CREDIT|0|33465|33465|0|0|309489
3321|FORD MOTOR CREDIT CO.|27812|0|7255|0|20557|309509
3322|FORD MOTOR CREDIT CO.|13505|0|4238|0|9267|309509
3323|FORD MOTOR CREDIT CO.|14163|0|3447|0|10716|309509
3324|NONE|0|0|0|0|0|309512
3325|Michigan Teamsters Joint Council No. 43|2850|0|1800|0|1050|309513
3331|GREAT AMERICAN LEASING CORP.|0|7870|928|0|6942|309522
3332|TCW&H LOCAL 585 FCU|0|4240|1235|0|3005|309524
3333|NONE|0|0|0|0|0|309525
3337|CLOTHING WORKERS CENTER|933469|0|20107|0|913362|309552
3338|GMAC|32967|0|32967|0|0|309556
3339|GMAC|0|63990|5432|0|58558|309556
3342|CAPITAL LEASE - COMPUTERS|3530|0|1461|0|2069|309576
3343|Ford Motor Credit|12323|0|12323|0|0|309578
3344|GMAC|20434|0|20434|0|0|309578
3345|GMAC|0|26452|1409|0|25043|309578
3346|Chrysler Financial|0|33155|3868|0|29287|309578
3347|NONE|0|0|0|0|0|309580
3348|Ford Motor Credit Corporation|6837|0|3711|0|3126|309581
3351|NONE|0|0|0|0|0|309588
3352|NONE|0|0|0|0|0|309589
3354|Mutual Securities, Inc.|10841|0|6776|0|4065|309593
3358|CHASE AUTO FINANCE|27056|0|8810|0|18246|309602
3359|BB&T|353631|0|20107|0|333524|309608
3360|FORD MOTOR CREDIT|1965|7097|3879|0|5183|309608
3361|None|0|0|0|0|0|309610
3362|None|0|0|0|0|0|309612
3363|Unite HERE Int'l Union|163744|0|0|163744|0|309613
3365|NONE|0|0|0|0|0|309620
3366|NONE|0|0|0|0|0|309622
3368|General Motors Credit Co|22450|0|7090|0|15360|309625
3373|Intercompany Loan|51808|0|0|0|51808|309669
3374|NE TEAMSTERS FCU|53247|40340|16856|0|76731|309672
3379|NONE|0|0|0|0|0|309691
3380|BANK|707621|0|707621|0|0|309692
3382|GMAC|9257|0|9257|0|0|309696
3383|WESTAMERICA|99910|0|99910|0|0|309696
3384|1515 LYELL AVE CORP|25000|20000|0|45000|0|309701
3385|District 7 Strike Fund|49996|0|0|0|49996|309706
3386|Auto Loans payable|268691|0|85189|15179|168323|309713
3387|none|0|0|0|0|0|309714
3388|Ford Motor Credit Company|0|29241|805|0|28436|309717
3391|NONE|0|0|0|0|0|309721
3393|Automobiles|11487|145139|21918|0|134708|309723
3394|Computers|10549|0|3315|0|7234|309723
3397|GMAC|30490|0|9889|0|20601|309728
3405|GMAC|13871|0|6357|0|7514|309740
3406|GMAC|32169|0|6551|0|25618|309740
3407|IBEW LU Building Corporation|24000|0|0|0|24000|309740
3408|NOTE PAYABLE-FORD CREDIT|6931|0|1600|0|5331|309743
5015|IST NATL COMMUNITY BANK|8466|0|8466|0|0|324194
5016|GUARD SECURITY BANK|11966|0|3060|0|8906|324194
5017|FNB BANK|9922|0|3953|0|5969|324194
5021|SMALL BUSINESS ADMIN.|59944|0|3389|0|56555|324923
3416|UNION BANK OF ELGIN|457820|0|16730|0|441090|309821
3417|UNITE HERE INT''L UNION|5875|0|5875|0|0|309828
3418|NOTE PAYABLE FINANCIAL INST|16046|0|4710|0|11336|309832
3419|NOTE PAYABLE FINANCIAL INST|25852|0|8540|0|17312|309832
5022|UnionWare, Inc.|34667|0|13000|0|21667|324955
3420|Chylser Credit|6096|0|6096|0|0|309859
3421|GMAC|20732|0|6547|0|14185|309859
3456|Ford Motor Credit|127828|0|40970|0|86858|309912
3467|GMAC|415616|0|70811|61949|282856|309918
3470|None|0|0|0|0|0|309921
3475|Ford Motor Company|54025|79704|49192|0|84537|309943
3476|Building Remodel Loan|135000|115000|3314|246686|0|309943
3477|FORD MOTOR CREDIT|30332|0|8685|0|21647|309976
3478|GMAC|31644|0|6575|0|25069|309976
5023|FORD MOTOR CREDIT|25158|0|5178|0|19980|325181
3482|QUEEN CITY FED'L SAVINGS|231879|0|7270|0|224609|309997
3483|Universal Auto Group|17166|0|14714|0|2452|310004
3484|JL Motors of New York, Inc.|23549|0|3890|0|19659|310004
3485|Teamsters Credit Union|2021|0|2021|0|0|310006
3486|AT&T Capital Services, Inc.|0|0|2036|0|3675|310006
5024|CAPITAL LEASE - PHONE EQUIP.|19773|1350|3391|0|17732|325256
5025|CWA NATIONAL|0|300000|0|8162|291838|325301
5026|CHRYSLER FINANCIAL|0|15238|905|0|14333|325301
5027|NA|0|0|0|0|0|325448
5028|NA|0|0|0|0|0|325448
3493|Union Building Co.-Labor Org.|500988|0|95026|0|405962|310039
3494|WESTERN SECURITY BANK|0|20600|2247|0|18353|310044
3495|DOLPHIN CAPITAL CORPORATION|0|7475|333|0|7142|310044
3496|IBT|49682|0|20183|0|29499|310046
3497|Commerce Bank|98480|0|7000|0|91480|310054
3498|GMAC|50954|0|13485|0|37469|310054
3499|PROMISSORY NOTE, 6.5% DUE 7/1/2025|345794|0|9037|0|336757|310057
3506|AUTOMOBILE LOAN|5562|0|5562|0|0|310067
3507|AUTOMOBILE LOAN|14761|0|7249|0|7512|310067
3508|AUTOMOBILE LOANS|53017|0|14459|0|38558|310067
3509|AUTOMOBILE LOAN|0|29557|375|0|29182|310067
3510|NONE|0|0|0|0|0|310074
3511|NONE|0|0|0|0|0|310075
3512|NONE|0|0|0|0|0|310075
3513|NONE|0|0|0|0|0|310075
3514|NONE|0|0|0|0|0|310075
3515|NONE|0|0|0|0|0|310075
3516|NONE|0|0|0|0|0|310075
3517|NONE|0|0|0|0|0|310075
3518|NONE|0|0|0|0|0|310075
3519|NONE|0|0|0|0|0|310075
3520|NONE|0|0|0|0|0|310075
3521|NONE|0|0|0|0|0|310075
3524|None|0|0|0|0|0|310081
3525|NONE|0|0|0|0|0|310082
3532|NONE|0|0|0|0|0|310136
3534|UNITE HERE INTL. LOAN|486800|0|90000|0|396800|310139
3546|SEIU INTERNATIONAL UNION|21500|0|21500|0|0|310214
3547|NONE|0|0|0|0|0|310215
3548|OHIO TEAMSTERS CREDIT UNION|114900|0|21853|0|93047|310223
3549|NONE|0|0|0|0|0|310228
3550|Teamsters Credit Union|0|0|6350|0|103962|310242
3551|Teamsters Credit Union|0|0|971|0|33786|310242
3552|Ford Motor Credit|0|0|467|34501|0|310242
3553|Ford Motor Credit|0|0|2988|0|41832|310242
3554|Ford Motor Credit|0|0|2960|0|41440|310242
5029|NA|0|0|0|0|0|325448
3555|UAW LOCAL 652|56834|0|56834|0|0|310249
3556|Ford Credit Co.|14443|0|4888|0|9555|310264
3557|FORD MOTOR CREDIT|302886|49376|245928|0|106334|310267
3558|Huntington National Bank|1267885|0|1267885|0|0|310271
3559|NONE|0|0|0|0|0|310283
3560|NOTE PAYABLE BANK|61699|0|20061|0|41638|310284
3562|FIRST AMERICAN BANK|98904|0|59623|0|39281|310288
3563|Chase Bank|2193333|0|275603|0|1917730|310293
3564|NONE|0|0|0|0|0|310296
3565|Car Loan|8218|0|5062|0|3156|310298
3566|Ford/GMAC/Mellon|203700|0|148308|0|55392|310320
3567|LOANS PAYABLE - NATIONAL CITY|451316|0|48817|0|402499|310333
3568|International Union - UAW|77248|0|0|43375|33873|310361
3570|GMAC & CHRYSLER FINANCIAL|71253|0|24591|0|46662|310375
3571|LOCAL 1600 BUILDING CORP|1603|0|1603|0|0|310375
3572|Washington Mutual Bank|185671|0|9329|0|176342|310385
3573|FMCC|20198|0|4394|0|15804|310388
3574|AMALGAMATED BANK|20329|0|20329|0|0|310443
3575|Vehicle Loan - US Bank|15585|0|2891|0|12694|310459
3576|Line of Credit - US Bank|9783|12802|0|0|22585|310459
3577|GMAC|29122|0|29122|0|0|310472
3578|MORTGAGE ON BUILDING|48990|0|15106|0|33884|310497
3579|AUTO LOAN|10068|0|5034|0|5034|310497
3580|Wells Fargo Leasing|26767|0|7307|0|19460|310516
3582|NONE|0|0|0|0|0|310521
3584|Ford Motor Credit Company|156025|92763|73306|25198|150284|310529
3585|Peoples National Bank|326186|0|26456|0|299730|310546
3586|NONE|0|0|0|0|0|310551
3588|GMAC|19455|0|9727|0|9728|310561
3589|MTG FT WASHINGTON PA|444552|0|209821|0|234730|310579
3590|MTG READING PA|43852|0|14556|0|29295|310579
3591|NONE|0|0|0|0|0|310580
3593|General Motors Acceptance Corp|9721|0|9721|0|0|310604
3594|Bank Loan|12872|0|5300|0|7572|310614
3595|NEIGHBORHOOD CREDIT UNION|496003|0|20019|0|475984|310622
3596|FORD MOTOR CREDIT|52743|0|11946|40797|0|310638
3597|Sun Trust Bank|2800000|0|0|0|2800000|310674
3598|GMAC|24295|0|24295|0|0|310695
3600|SKY BANK|3017|0|3017|0|0|310725
3601|SKY BANK|10430|0|4471|0|5959|310725
3873|OLD SECOND NAT'L BANK|126924|0|0|126924|0|312534
3604|FORD CREDIT|4119|0|4119|0|0|310760
3605|GMAC|9306|0|5318|0|3988|310760
3606|CHRYSLER FINANCIAL|20327|0|4802|0|15525|310760
3607|CHASE BANK|22037|47|4510|0|17574|310760
3608|IA LOCAL 45|135627|0|2263|0|133364|310764
3609|TEAMSTERS JOINT COUNCIL 41|12016|0|12016|0|0|310890
3610|PER CAPITA LOAN TO INTL'|0|137044|9000|0|128044|310898
3611|CREDIT LINE - FIRST COMMERCIAL|0|29782|0|0|29782|310898
3612|DUE TO RWDSU|100000|0|36000|0|64000|310898
3613|FORD MOTOR CREDIT|17378|0|7486|0|9892|310898
3614|NONE|0|0|0|0|0|310901
3615|COMERICA BANK|3492597|0|257122|0|3235475|310929
3616|COMERICA BANK|1129500|0|54000|0|1075500|310929
3617|COMERICA BANK|1538745|0|93756|0|1444989|310929
3640|N/A|0|0|0|0|0|310986
3641|National City Bank|0|18795|0|0|18795|310996
3642|M South Bank|8055|0|8055|0|0|310999
3643|Buick Loan|0|16438|1484|0|14954|311001
3649|AUTOMOBILE FINANCING CO|43011|0|33546|0|9465|311030
3650|EQUIPMENT FINANCING CO|43123|0|15029|0|28094|311030
3651|AUTOMOBILE FINANCING CO|42042|0|15249|0|26793|311030
3652|AUTOMOBILE FINANCING CO|0|28890|7223|0|21667|311030
3653|None|0|0|0|0|0|311034
3654|BLE International|10000|0|0|0|10000|311039
3655|Signature Bank|10624|0|4555|0|6069|311041
3656|Beacon FCU|12153|0|12153|0|0|311065
3657|Beacon FCU|12153|0|7278|0|4875|311065
3658|Charter One|18464|0|10000|0|8464|311065
3659|Chase Automobile Finance|13763|0|4842|0|8921|311070
3660|Chase Automobile Finance|12169|0|4281|0|7888|311070
3661|General Motors Acceptance Corp|22969|0|6264|0|16705|311070
3662|NONE|0|0|0|0|0|311073
3664|Wheeling Pgh Steel FCU|0|60000|60000|0|0|311084
3665|FORD MOTOR CORP.|34105|0|14609|0|19496|311106
3666|Ford Motor Credit|7197|0|7197|0|0|311144
3667|Ford Motor Credit|3925|0|3925|0|0|311144
3668|Ford Motor Credit|9995|0|9202|0|793|311144
3669|Ford Motor Credit|18639|0|8185|0|10454|311144
3670|NONE|0|0|0|0|0|311149
3671|NONE|0|0|0|0|0|311164
3672|ETTLESON CADILLAC-BUICK INC.|0|19170|0|0|19170|311167
3673|ETTLESON CADILLAC-BUICK INC.|0|17667|0|0|17667|311167
3674|GMAC|123920|106727|108924|0|121723|311170
3675|GMAC|0|29103|3253|0|25850|311178
3676|GMAC|0|17667|198|0|17469|311178
3677|NP-GMAC|6845|0|6845|0|0|311178
3678|Smith Barney Line of Credit|221325|0|177203|0|44122|311180
3679|GMAC|0|24400|0|0|24400|311182
3680|AFSCME LOCAL 189|62993|0|26328|36665|0|311191
3681|AFSCME LOCAL 88|47222|0|16666|0|30556|311191
3682|AFSCME LOCAL 189|56667|0|20000|0|36667|311191
3683|AFSCME LOCAL 328|56667|0|20000|0|36667|311191
3684|AFSCME LOCAL 1724|18889|0|6667|0|12222|311191
3685|AFSCME LOCAL 3336|10000|0|3333|0|6667|311191
3686|LINE OF CREDIT|162934|1947815|1924523|0|186226|311191
3688|H,R & C,E &B,U - LOCAL 6|54878|0|0|54878|0|311420
3689|Citizen's Bank|100690|0|7329|0|93361|311422
3690|Chrysler Financial|29339|0|7524|0|21815|311422
3691|Dell Computers|2138|0|1798|0|340|311422
3694|FORD MOTOR CREDIT CORP.|3507|0|3507|0|0|311433
3695|SUFFOLK COUNTY NAT'L BANK|22768|0|10149|0|12619|311433
3696|SUFFOLK COUNTY NAT'L BANK|23206|0|9261|0|13945|311433
3697|FORD MOTOR CREDIT|13721|0|7841|0|5880|311435
3698|CHRYSLER FINANCIAL|12042|0|8028|0|4014|311435
3699|GMAC|11386|0|5653|0|5733|311435
3700|CHRYSLER FINANCIAL|16250|0|7800|0|8450|311435
3701|FORD MOTOR CREDIT|20845|0|8626|0|12219|311435
3702|FORD MOTOR CREDIT|19450|0|8049|0|11401|311435
3703|CHRYSLER FINANCIAL|17678|0|7047|0|10631|311435
3704|GMAC|34816|0|8327|0|26489|311435
3705|FORD MOTOR CREDIT|20844|0|7356|0|13488|311435
3706|FORD MOTOR CREDIT|19080|0|7520|0|11560|311435
3707|GMAC|31929|0|8484|0|23445|311435
3708|CHRYSLER FINANCIAL|31305|0|6453|0|24852|311435
3709|Chase|28141|17085|4649|0|42725|311446
3710|USW, INT|40000|0|0|40000|0|311446
3711|UNION BUILDING CORP.|418339|0|181836|0|236503|311455
3712|NONE|0|0|0|0|0|311468
3713|PLUMBERS & FITTERS FCU|42818|0|13502|0|29316|311470
3714|Auto Loans|32810|54900|10300|0|77410|311474
3715|Susquehanna Patriot bank|0|70000|9328|0|60672|311478
3716|DELL COMPUTER|6073|0|2872|0|3201|311483
3717|CAPITAL LEASE - TELEPHONE|0|8399|926|0|7473|311483
3718|1ST SECURITY BANK OF WA|0|276000|1319|0|274681|311489
3719|AUTOMOBILE LOAN|17058|0|4760|0|12298|311519
3720|AUTOMOBILE LOAN|16954|0|4264|12690|0|311519
3721|AUTOMOBILE LOAN|19971|0|3347|0|16624|311519
3722|AUTOMOBILE LOAN|0|30676|655|0|30021|311519
3723|NONE|0|0|0|0|0|311522
3724|Mortgage Payable|180574|460000|185590|0|454984|311527
3725|Auto Loans|15466|39161|54627|0|0|311527
3726|A.G. Edwards & Sons, Inc.|0|78183|44901|0|33282|311530
3727|CHRYSLER FINANCIAL|11308|0|6785|0|4523|311533
3728|Laborers' Int'l Union of N.A.|100000|0|0|0|100000|311550
3730|NONE|0|0|0|0|0|311573
3731|Auto loans|249504|0|84963|0|164541|311578
3732|Capital Lease Obligation|337|0|337|0|0|311578
3733|DE LAGE LANDEN|3378|0|1599|0|1779|311596
3734|DETROIT EDISON CREDIT UNION|840059|0|16205|0|823854|311622
3735|Teamsters Credit Union|0|100000|100000|0|0|311660
3736|GMAC CREDIT|69221|0|26437|0|42784|311664
3737|CHRYSLER CREDIT|115359|0|36756|0|78603|311664
3738|COMMERCE COMMERCIAL|33687|0|7683|0|26004|311664
3739|FORD MTR CREDIT|84095|0|28935|0|55160|311664
3741|Ford Credit|44195|0|44195|0|0|311696
3742|INTL BROTHERHOOD OF TEAMSTERS|250134|0|43386|0|206748|311700
3743|IBT|110000|0|0|0|110000|311717
3744|FORD MOTOR COMPANY|0|0|5050|0|45455|311717
3745|OLD SECOND NATIONAL BANK|2147683|0|133022|0|2014661|311719
3747|SBC CAPITAL SERVICES|15835|0|10306|0|5529|311741
3748|Vehicle Loan|10985|0|5070|0|5915|311742
3749|CHASE|4010|0|4010|0|0|311744
3750|CHASE AUTOMOTIVE FINANCE|20610|0|10509|0|10101|311748
3751|FORD CREDIT|8887|0|4705|0|4182|311748
3752|AUTO LOAN - SABLE|12605|0|4146|0|8459|311749
3753|AUTO LOAN - JEEP|17916|0|5245|0|12671|311749
3754|GMAC|0|16511|1376|0|15135|311753
3755|GMAC AUTO LOAN|0|17500|2009|0|15491|311754
3756|FORD CREDIT|19056|0|4370|0|14686|311757
3757|FORD CREDIT|25718|0|5081|0|20637|311757
3758|GMAC|51374|0|10087|0|41287|311757
3759|M&T BANK|11000|0|11000|0|0|311771
3760|SOVEREIGN BANK|10270|0|4583|0|5687|311773
3761|SOVEREIGN BANK|12645|0|5644|0|7001|311773
3762|SOVEREIGN BANK|14182|0|6329|0|7853|311773
3763|SOVEREIGN BANK|16601|0|4962|0|11639|311773
3764|SOVEREIGN BANK|14078|0|4208|0|9870|311773
3765|FORD MOTOR CREDIT|25248|0|25248|0|0|311773
3766|CHRYSLER FINANCIAL|0|23957|2192|0|21765|311773
3767|Suntrust Bank|0|375000|0|0|375000|311783
3768|automobiles|50062|0|16677|0|33385|311792
3769|Chase Automotive Finance|5815|0|4630|0|1185|311841
3770|Ford Credit|21107|0|4327|0|16780|311841
3771|Bank Of America|21676|0|4163|0|17513|311841
3772|Ford Credit|0|20983|1215|0|19768|311841
3773|OPCMIA INT'L. UNION|0|100000|0|0|100000|311859
3774|Landmark Bank|60645|0|60645|0|0|311861
3775|Ford Motor Credit|0|83447|4635|0|78812|311861
3776|NONE|0|0|0|0|0|311868
3777|FORD MOTOR CREDIT|0|27102|0|0|27102|311872
3780|NONE|0|0|0|0|0|311908
3781|MORTGAGE 7252 ROOSEVELT BLVD|330973|0|35284|0|295689|311910
3782|Colonial Bank|7381|0|7381|0|0|311927
3783|SBA LOAN|95352|0|4239|0|91113|311949
3784|PREMIUM INSURANCE FINANCE|0|12618|12618|0|0|311949
3785|NONE|0|0|0|0|0|311953
3787|N/P MORTGAGE|328122|0|328122|0|0|311962
3788|N/P MORTGAGE|0|425000|1529|0|423471|311962
3789|N/P VEHICLE LOANS|15533|0|15533|0|0|311962
3790|N/P DELL|3360|0|520|0|2840|311962
3791|WELLS FARGO|382877|0|32947|0|349930|311971
3794|Ameriserv Financial|16941|0|4786|0|12155|312000
3795|Ford Credit|19270|7000|28506|0|9185|312000
3796|NOTES PAYABLE - AUTOS|59829|0|21240|0|38589|312003
3797|NOTES PAYABLE - HARTFORD|1395|4158|4161|0|1392|312003
3798|J.P. Morgan Chase|636061|0|64718|0|571343|312012
3803|Wells Fargo Bank|15023|27638|7228|0|35433|312025
3804|First City Bank|12444|0|5254|0|7190|312025
3805|First City Bank|11409|0|11409|0|0|312025
3806|First City Bank|11038|0|4660|0|6378|312025
3807|First City Bank|11038|0|4660|0|6378|312025
3808|First City Bank|16671|0|7039|0|9632|312025
3809|First City Bank|13320|0|5199|0|8121|312025
3810|Wachovia Bank|873814|0|54731|0|819083|312053
3811|Ford Credit|17191|0|5597|0|11594|312053
3812|AUTO LOAN|7242|0|3936|0|3306|312057
3813|ILLINOIS NATIONAL BANK|787316|409388|17721|0|1178983|312067
3814|ILLINOIS NATIONAL BANK-DEC CONSTRUCTION BILLING|183746|0|183746|0|0|312067
3815|12/31/05 INTEREST ADDED TO LOAN|3295|0|3295|0|0|312067
3816|Prof Football Ref Assn Chariti|0|2730|0|0|2730|312079
3817|Amazon.com Business Card|0|24000|1747|0|22253|312080
3818|SERVICE EMPLOYEES INTERNATIONAL UNION|152500|0|0|0|152500|312120
3819|AMALGAMATED BANK|11209|0|4589|0|6620|312120
3820|US Bancorp|7652|0|1904|0|5748|312122
3821|First Interstate Bank|18420|0|18420|0|0|312122
3822|GMAC|0|16878|1615|0|15263|312122
3823|Ford Credit|0|25519|2127|0|23392|312122
3824|SEIU INTERNATIONAL- CAPITAL|726500|0|60000|0|666500|312125
3825|AMALGAMATED BANK|458904|0|7875|0|451029|312125
3826|AMALGAMATED BANK (UNSECURED)|14995|0|14995|0|0|312125
3827|ILLINOIS FACILITIES FUND|164149|0|8915|0|155234|312125
3828|AMALGAMATED BANK|109653|0|0|0|109653|312125
3829|DELL|19984|17668|18146|0|19506|312125
3830|AMALGAMATED BANK|296245|0|4040|0|292205|312127
3833|GEN'L MOTORS ACCEPT. CORP.|36550|0|831|35719|0|312130
3836|NONE|0|0|0|0|0|312137
3837|NONE|0|0|0|0|0|312265
3838|GMAC|21041|0|9017|0|12024|312274
3839|DAIMLER CHRYSLER|32061|0|7427|0|24634|312274
3840|LOCAL 25 IB OF T|0|12000|2540|0|9460|312274
3841|Automobile|0|16090|1161|0|14929|312289
3842|First Financial Bank|46311|0|46311|0|0|312291
3843|NONE|0|0|0|0|0|312292
3844|OHIO TEAMSTERS C.U.|4576|0|4576|0|0|312299
3845|LOCAL 92 CREDIT UNION|38555|0|12600|0|25955|312299
3846|Ford Credit|0|10006|10006|0|0|312311
3847|FORD CREDIT COMPANY|360357|0|117189|0|243168|312324
3848|First Financial Bank|5928|0|5928|0|0|312379
3849|Automobile Loan|1723|0|1723|0|0|312385
3850|FORD MOTOR CORP.|52351|58112|47534|0|62929|312388
3853|Diamler Chrysler Truck FInancial|0|10000|10000|0|0|312401
3854|GMAC|0|14211|14211|0|0|312401
3856|NONE|0|0|0|0|0|312429
3857|NONE|0|0|0|0|0|312457
3858|FBN DELL COMPUTERS|2142|0|1400|0|742|312462
3859|FIRST NATIONAL BANK - VEHICLE|6614|0|4128|0|2486|312462
3860|FIRST NATIONAL BANK - VEHICLE|15377|0|4063|0|11314|312462
3861|FIRST NATIONAL BANK - VEHICLE|15374|0|4079|0|11295|312462
3862|CITIZENS BANK|20610|0|4435|0|16175|312473
3863|FORD MOTOR CREDIT CORP|19511|0|3797|0|15714|312473
3864|Key Bank|345922|0|23952|0|321970|312479
3865|Key Bank/Capital One Auto Finance|18536|0|18536|0|0|312479
3867|ACCO PRINCETON FCU|3884|18020|7220|0|14684|312508
3868|NONE|0|0|0|0|0|312514
3869|GMAC AUTO NOTES|5442|20889|9058|0|17273|312516
3870|GMAC|16458|0|5173|0|11285|312520
3872|Key Bank|27|0|27|0|0|312531
4132|Small Business Administration|22823|0|1215|0|21608|313615
3874|FORD MOTOR CREDIT CORP|16275|108248|21283|0|103240|312538
3876|General Motors Acce[tance Corp|0|15442|3277|0|12165|312556
3877|NONE|0|0|0|0|0|312567
3879|Dell Financial|939|0|686|0|253|312580
3880|Harris Bank|8491|0|2896|0|5595|312607
3881|Ford Credit|18398|0|3436|0|14962|312607
3882|USW INTERNATIONAL|0|50000|6255|0|43745|312611
3883|Truck Loan|18297|0|5228|0|13069|312623
3884|Truck Loan|33686|0|7092|0|26594|312623
3885|Suntrust Bank - Mortgage|2674619|2786075|133022|0|5327671|312639
3886|NONE|0|0|0|0|0|312673
3887|OPEIU International|69000|0|18000|0|51000|312675
3888|FIRST BANK|414447|0|37017|0|377430|312708
3889|Seafarers Int'l Union of N.A. - AGLIWD|535426|171934|100350|0|607010|312715
3890|FINANCIAL INSTITUTION|1500000|0|1500000|0|0|312719
3891|Seafarers Int'l Union of N.A. - AGLIWD|330957|24272|331038|0|24191|312721
3893|GMAC|45105|0|45105|0|0|312731
3894|None|0|0|0|0|0|312735
3896|NONE|0|0|0|0|0|312750
3897|None|0|0|0|0|0|312787
3898|DUE TO BACONEF PROPERTIES|170000|0|0|0|170000|312795
3899|GMAC - Auto Loan|4271|0|2471|1800|0|312800
3900|Hometown Bank|172954|56321|9859|0|219416|312802
3901|NE TEAMSTERS FCU|11828|0|4570|0|7258|312808
3902|FORD CREDIT|11472|0|4206|0|7266|312808
3903|International Brotherhood of Teamsters|150000|0|0|0|150000|312814
3904|International Brotherhood of Teamsters|0|95000|1547|0|93453|312814
3905|CHASE AUTO FINANCE|439|0|439|0|0|312821
3906|CHASE AUTO FINANCE|13127|0|4749|0|8378|312821
3907|FORD  MOTOR CREDIT|17011|0|2432|14579|0|312821
3908|CHRYSLER CREDIT|0|33578|3865|0|29713|312821
3911|CANON FINANCIAL SERVICES|5482|0|1299|0|4183|312824
3916|CHASE MANHATTAN|20446|0|7107|0|13339|312835
3918|NONE|0|0|0|0|0|312840
3919|Ford Motor Credit|43165|0|9094|0|34071|312845
3920|Bank of the West|1400000|0|1400000|0|0|312847
3921|Ford Motor Credit|35576|0|7496|0|28080|312849
3922|NONE|0|0|0|0|0|312851
3923|BENEFICIAL SAVINGS BANK|10117|0|10117|0|0|312854
3924|BENEFICIAL SAVINGS BANK|6521|0|6521|0|0|312854
3925|BENEFICIAL SAVINGS BANK|1251|0|1251|0|0|312854
3926|BENEFICIAL SAVINGS BANK|24299|0|9254|0|15045|312854
3927|BENEFICIAL SAVINGS BANK|25988|0|7984|0|18004|312854
3928|BENEFICIAL SAVINGS BANK|0|22105|3895|0|18210|312854
3929|FORD MOTOR CREDIT|0|36156|0|0|36156|312854
3931|Merrill Lynch|0|41818|15606|0|26212|312857
3932|Merrill Lynch|0|616000|125000|0|491000|312857
3935|SEIU International Union|0|200000|0|0|200000|312864
3936|SMITH BARNEY|247956|0|61980|0|185976|312866
3937|GMAC|27604|0|12965|0|14639|312871
3942|AMALGAMATED BANK|34661|0|13001|0|21660|312879
3943|LABORWORKS|13146|0|13146|0|0|312879
3944|FORD MOTORS|15133|0|5044|0|10089|312879
3945|FORD MOTORS|15848|0|4754|0|11094|312879
3946|FORD MOTORS|15019|0|5006|0|10013|312879
3947|FORD MOTORS|15559|0|5186|0|10373|312879
3948|FORD MOTORS|13020|0|5040|0|7980|312879
3949|FORD MOTORS|13020|0|5040|0|7980|312879
3950|FORD MOTORS|18255|0|4502|0|13753|312879
3951|FORD MOTORS|0|19374|794|0|18580|312879
3952|FORD MOTORS|0|13965|2868|0|11097|312879
3953|CHEV CADALLAC|0|70089|8433|0|61656|312879
3955|GMAC|9558|0|5214|0|4344|312917
3956|DAIMLER CHRYSLER FINANCIAL|0|7500|7500|0|0|312932
3957|GMAC FLEXIBLE FINANCE PLAN|0|51105|51105|0|0|312932
3958|FORD MOTOR CREDIT|0|115455|9621|0|105834|312957
3959|NONE|0|0|0|0|0|312971
3960|The International|0|477105|0|0|477105|312976
3961|NONE|0|0|0|0|0|312982
3962|Ford Motor Credit|716|0|716|0|0|312983
3963|Ford Motor Credit|17397|0|7409|0|9988|312983
3964|Ford Motor Credit|19128|0|5010|0|14118|312983
3965|Ford Motor Credit|12683|0|5102|0|7581|312983
3966|Ford Motor Credit|0|28853|5610|0|23243|312983
3967|SUNTRUST|4846689|0|543946|0|4302743|312996
3968|GMAC-9277|21145|0|5656|0|15489|312998
3969|GMAC-9724|20595|0|5509|0|15086|312998
3970|GMAC-9611|18763|0|5019|0|13744|312998
3971|GMAC-5008|0|19391|0|0|19391|312998
3972|GMAC-9954|0|20871|2777|0|18094|312998
3973|GMAC-6067|0|22231|2958|0|19273|312998
3974|GMAC-3938|0|21085|2806|0|18279|312998
3975|XEROX|5246|0|5246|0|0|312998
3976|Bank One|9115|0|5099|0|4016|313002
3977|Marlin leasing|1659|0|1659|0|0|313002
3978|GMAC|21255|0|9109|0|12146|313002
3979|INT'L BROTHERHOOD OF TEAMS|750000|0|0|0|750000|313042
3980|OFFICE EQUIP FINANCE SERV|3895|0|947|0|2948|313048
3982|FORD MOTOR CREDIT|73636|0|40598|0|33038|313078
3983|SOVEREIGN BANK|16564|0|4579|0|11985|313082
3984|HERE IU LOAN|52711|0|1800|0|50911|313087
3985|Xerox|18890|0|3092|0|15798|313122
3986|NONE|0|0|0|0|0|313156
3987|GMAC|28271|0|1244|0|27027|313158
3988|NONE|0|0|0|0|0|313161
3999|SHEET METAL WORKERS INTERNATIONAL|20000|0|0|20000|0|313189
4000|CHRYSLER FINANCIAL|11730|0|5184|0|6546|313189
4002|N/A - None|0|0|0|0|0|313198
4003|DUPACO COMM CREDIT UNION|0|8000|4688|0|3312|313201
4005|FORD CREDIT CORP|10196|0|10196|0|0|313220
4006|LANKFORD BUICK|17564|0|4429|0|13135|313220
4007|CHASE AUTO FINANCE|0|29388|4572|0|24816|313220
4008|CHASE AUTO FINANCE|0|29388|4572|0|24816|313220
4010|JP MORGAN CHASE BANK NA|26515|0|6355|0|20160|313228
4011|EDWARD JONES|0|50000|14829|0|35171|313228
4012|N/A|0|0|0|0|0|313229
4013|NONE|0|0|0|0|0|313230
4014|NONE|0|0|0|0|0|313243
4015|FORD CREDIT|23178|0|9047|0|14131|313254
4016|FORD CREDIT|11170|0|4340|0|6830|313254
4017|GMAC|12253|0|4743|0|7510|313254
4018|First National Community Bank|17421|0|3400|0|14021|313265
4019|First National Community Bank|24559|0|4800|0|19759|313265
4020|BANK LINE OF CREDIT|0|54995|15030|0|39965|313266
4021|GMAC - AUTO LOAN|0|40575|2900|0|37675|313267
4022|Chase / JP Morgan|331830|0|68204|0|263626|313268
4023|CHRYSLER FINANCIAL|7658|0|5675|0|1983|313273
4024|Texan Ford|11664|0|8217|0|3447|313277
4025|US Bank|15588|19065|22119|0|12534|313281
4026|NONE|0|0|0|0|0|313284
4029|Quad City Bank & Trust|55456|0|7692|0|47764|313291
4032|US Bank|1339956|0|45679|0|1294277|313304
4033|NONE|0|0|0|0|0|313306
4034|NOTE PAYABLE - CREDIT UNION MARQUIS|14535|0|2843|0|11692|313308
4035|NOTE PAYABLE - CREDIT UNION FORD|0|12600|1174|0|11426|313308
4036|PITNEY BOWES COPIER|2920|0|2920|0|0|313309
4037|MINOLTA KONICA COPIER|0|10100|1074|0|9026|313309
4038|UFCW INTERNATIONAL LOAN|41975|0|41975|0|0|313315
4039|NOTES PAYABLE - AUTOS|93695|60340|58351|0|95684|313315
4040|GMAC FINANCIAL SERVICES|24499|0|10614|0|13885|313317
4041|NONE|0|0|0|0|0|313320
4042|Gulf Credit Union|8065|13000|13584|0|7481|313321
4043|UNION BUILDING CORP|112370|0|27736|0|84634|313331
4044|FORD MOTOR CREDIT CORP|6732|0|2197|0|4535|313334
4045|Inland Empire Trades CU|5844|0|4683|0|1161|313335
4046|Inland Empire Trades CU|17362|0|3489|0|13873|313335
4048|NONE|0|0|0|0|0|313342
4049|F&M Bank & Trust|10228|0|4783|0|5445|313343
4050|AUTOMOBILE  NOTE PAYABLE|0|0|1575|0|10469|313355
4051|NONE|0|0|0|0|0|313361
4052|Ford Motor Credit|6038|0|6038|0|0|313375
4053|GTR FCU|0|50000|50000|0|0|313377
4054|Credit Cards/Other (Net)|1651|7174|1651|0|7174|313380
4055|Chrysler Financial|26870|0|4320|22550|0|313382
4056|Chrysler Financial|18320|0|4475|0|13845|313382
4057|Auto insurance|0|8005|4002|0|4003|313384
4059|GMAC|16478|0|4943|0|11535|313391
4060|GMAC|16649|0|4995|0|11654|313391
4061|GMAC|16646|0|4994|0|11652|313391
4062|GMAC|16256|0|4520|0|11736|313391
4063|GMAC|27926|0|5680|0|22246|313391
4064|GMAC|0|25230|1752|0|23478|313391
4065|DAIMLER CHRYSLER SERVICES|79885|0|38474|0|41411|313392
4068|NONE|0|0|0|0|0|313416
4069|GMAC|28829|0|6532|0|22297|313419
4070|Ohio Teamsters Credit Union|5056|0|4631|0|425|313420
4072|Dale E & Janet L Ranck|52756|0|52756|0|0|313436
4073|WELLS FARGO BANK NA|461477|0|22512|0|438965|313437
4074|AUTO LOANS|204652|46178|207830|0|43000|313443
4075|NONE|0|0|0|0|0|313447
4078|EAGLE BANK & TRUST BUILDING NOTE PAYABLE|2556539|0|93341|0|2463198|313455
4079|AVAYA FINANCIAL SERVICES|0|74330|6194|0|68136|313459
4080|FORD MOTOR CREDIT|110904|0|93695|0|17209|313462
4081|HERGET NATIONAL BANK|9396|0|9396|0|0|313463
4082|NONE|0|0|0|0|0|313464
4083|Amalgamated Bank of Chicago|1950000|1150000|3100000|0|0|313475
4084|UNITE HERE - New York, NY|230203|500000|518000|0|212203|313475
4085|Fifth Third Bank|0|0|6001|0|856|313475
4086|U.F.C.W. International Union|0|110848|55424|0|55424|313476
4087|GMAC Auto Loan|15668|0|8953|0|6715|313477
4088|IATSE International|27500|0|18000|0|9500|313480
4089|GMAC AUTO LOAN PAYABLE|13898|0|2316|0|11582|313482
4090|No Loans Payable This Period|0|0|0|0|0|313483
4094|Collatereral|1210868|0|97790|0|1113078|313498
4096|FIRST TENNESSEE BANK|92197|0|4447|0|87750|313512
4097|FIRST TENNESSEE BANK|25000|0|25000|0|0|313512
4098|LOCAL UNIONS|0|10000|0|0|10000|313512
4100|SEIU INTERNATIONAL|12500|0|12500|0|0|313518
4101|UNION BANK & TRUST|17000|0|0|0|17000|313518
4102|AVAYA FINANCIAL SERVICES|4725|0|2148|0|2577|313518
4103|UNION BANK & TRUST|31469|0|10643|0|20826|313518
4104|ORGANIZING ADVANCE IBT|0|25000|0|0|25000|313524
4108|Capital Lease - Imagistics|8295|0|2682|0|5613|313546
4109|Note Payable - Credit Union|14016|0|6813|0|7203|313546
4110|Sterling Federal Bank|210945|0|21038|0|189907|313559
4111|6.125% due $2,970.00|0|0|0|0|0|313559
4112|per mo. including interest|0|0|0|0|0|313559
4113|Mortgage on building0|0|0|0|0|0|313559
4114|MTG N/P DUE LOCAL 4 DEFENSE|716678|0|19110|697568|0|313560
4115|MTG N/P CENTURY BANK|745785|0|13815|0|731970|313560
4116|CENTURY BANK LINE OF CREDIT|0|15000|15000|0|0|313560
4117|Wells Fargo Bank Credit Line|62523|0|62523|0|0|313563
4118|Pitney Bowes Credit Corp|0|65874|22127|0|43747|313564
4119|1ST MIDWEST BANK LINE OF CREDIT|0|1025735|0|0|1025735|313577
4121|M&T BANK|16578|0|16578|0|0|313591
4122|NONE|0|0|0|0|0|313596
4124|AZ FEDERAL CREDIT UNION|0|70000|9149|0|60851|313603
4125|GMAC|3338|0|3338|0|0|313606
4126|NONE|0|0|0|0|0|313607
4127|PT-FCU-01 CHEV PICKUP|3171|0|3171|0|0|313608
4128|PT-FCU-02 BONNEVILLE|5339|0|5339|0|0|313608
4129|Edward Jones Broker|0|300000|0|0|300000|313611
4130|LaSalle Bank|28712|0|11141|0|17571|313612
4131|NONE|0|0|0|0|0|313614
4133|G.M.A.C.|21761|0|10241|0|11520|313618
4134|Ford Motor Company|26148|0|4739|0|21409|313623
4135|Doral Bank|0|40000|11131|0|28869|313625
4136|BANK OF COLORADO|346046|0|12653|0|333393|313627
4137|NONE|0|0|0|0|0|313639
4138|Auto Lease - Daimler Chysler Fin'l|0|23548|3278|0|20270|313644
4139|AVAYA FINANCIAL SERVICES|6414|0|6414|0|0|313645
4140|Capitalized equipment lease|39204|0|22166|0|17038|313646
4141|BANCO POPULAR DE PR|1411361|0|35550|0|1375811|313649
4145|AMERICAN FIRST CR UN|7298|0|6190|0|1108|313652
4146|DAIMLER CHRYSLER|20190|0|6002|0|14188|313652
4147|DAIMLER CHRYSLER|20190|0|6002|0|14188|313652
4148|FORD|0|20131|3792|0|16339|313652
4149|FORD|0|21738|835|0|20903|313652
4150|FORD|0|21369|2048|0|19321|313652
4151|FORD|0|22409|860|0|21549|313652
4152|FORD|0|21238|816|0|20422|313652
4153|FORD|0|21369|1891|0|19478|313652
4154|FORD|0|20049|1921|0|18128|313652
4155|Sky Bank Credit Line|0|15701|15701|0|0|313653
4159|Ford Motor Company|39949|31593|19786|0|51756|313655
4160|EMPLOYEE(employee errors)|3|0|0|0|3|313656
4161|NATIONAL MAILHANDLERS UNION|15000|0|15000|0|0|313658
4171|Westamerica Bank|0|100000|100000|0|0|313663
4172|BANK OF THE WEST|0|32985|0|0|32985|313669
4173|HERE International Union|0|20297|16000|0|4297|313673
4174|NONE|0|0|0|0|0|313676
4175|HERE Int'l Loan|144972|0|36000|0|108972|313679
4176|Cap. Lease Phone System|8081|42076|8081|0|42076|313679
4177|Cap. Lease Dell Server|8704|0|3641|0|5063|313679
4178|Cap Lease-Security System|0|18459|6731|0|11728|313679
4179|Chase auto finance|3953|0|3317|0|636|313680
4180|GMAC Auto Loan|13618|0|3687|0|9931|313684
4181|SAN DIEGO CREDIT UNION|15228|0|6278|0|8950|313690
4182|FRANKLIN CAPITAL CORP|53|0|53|0|0|313690
4199|N/A|0|0|0|0|0|313819
4183|SAN DIEGO CREDIT UNION|0|14635|14635|0|0|313690
4184|CORNERSTONE COMMUNITY BANK|62294|26546|24855|0|63985|313702
4185|None|0|0|0|0|0|313703
4186|United Labor Bank|1421060|0|217356|0|1203704|313708
4187|Marsha Schweitzer|135511|0|135511|0|0|313711
4188|Members|13662|0|820|0|12842|313711
4189|Musicians Services|120687|0|18837|0|101850|313711
4190|MAH Building Corp|0|172912|121902|0|51010|313711
4191|NONE|0|0|0|0|0|313712
4194|NONE|0|0|0|0|0|313784
4195|None|0|0|0|0|0|313786
4196|UFCW INTERNATIONAL|13285|0|13285|0|0|313807
4197|NBC BANK|11058|0|11058|0|0|313807
4198|UFCW INTERNATIONAL|0|54440|6000|0|48440|313807
4200|NONE|0|0|0|0|0|313829
4203|GMAC LOAN|8695|0|1715|0|0|313851
4204|LOAN FOR ROOF REPAIRS|48534|0|9069|0|39465|313851
4205|CENTRAL BANK|0|0|1658|0|18997|313851
4206|DELL FINANCING|0|0|800|0|771|313851
4207|N/P - Ford Motor Credit|0|29220|3988|0|25232|313861
4208|MORTGAGE|395000|0|0|0|395000|313870
4209|AUTO NOTES|315144|74197|123148|0|266193|313870
4210|AMALGAMATED BANK OF NEW YORK|90743|0|90743|0|0|313874
4211|BANK OF AMERICA CR CARD|8381|0|3649|0|4732|313881
4212|FORD MOTOR CREDIT|0|23807|1190|0|22617|313881
4213|FORD MOTOR CREDIT|0|23506|1175|0|22331|313881
4214|Line of Credit - Comeria Bank|40819|2507|15596|0|27730|313894
4217|Ford Credit Corp|155817|0|12263|0|143554|313913
4221|SEIU INTERNATIONAL|0|281077|0|0|281077|313921
4230|NONE|0|0|0|0|0|313947
4235|FORD MOTOR CREDIT|11319|0|5229|0|6090|313963
4241|LOAN FOR AUTOS.|0|148833|25995|0|122838|313987
4246|American Nurses Foundation|1000000|0|1000000|0|0|313997
4252|Twu International|20000|0|0|0|20000|314010
4266|None|0|0|0|0|0|314063
4276|REGIONS BANK|3680|0|3623|0|57|314087
4279|Auto loans|56000|0|19662|0|36338|314098
4281|MNPIPE TRADES ASSOC.|96242|0|30000|0|66242|314105
4296|Huntington National Bank|1862767|737233|33526|0|2566474|314179
4302|XEROX COPIER LEASE|26775|0|8455|0|18320|314196
4311|UNION FIDELITY CREDIT UNION|9978|0|6315|0|3663|314218
4312|UNION FIDELITY CREDIT UNION|10347|0|4678|0|5669|314218
4313|IUPAT AFL-CIO|345131|12935|6000|0|352066|314218
4314|GMAC AUTO LOAN|0|13243|310|0|12933|314223
4315|GMAC AUTO LOAN|0|13846|940|0|12906|314223
4316|GMAC AUTO LOAN|0|16344|16344|0|0|314223
4318|Auto liabilities|105567|75113|69450|0|111230|314225
4323|UFSPO|0|9000|9000|0|0|314233
4324|NYSFOP|0|4000|4000|0|0|314233
4327|First Union Securities|147730|362506|0|0|510236|314244
4328|TCRC|648173|35470|0|0|683643|314244
4339|NONE|0|0|0|0|0|314261
4340|GMAC Credit|33417|0|4768|0|28649|314263
4346|First City Bank|250881|0|92498|0|158383|314278
4347|Wachovia Bank|154203|0|13367|0|140836|314278
4350|NONE|0|0|0|0|0|314286
4352|Ford Credit|6381|0|4457|0|1924|314291
4353|Ford Credit|6381|0|4457|0|1924|314291
4354|Ford Credit|12205|0|5404|0|6801|314291
4355|GMAC|0|33005|4126|0|28879|314291
4359|National PMH Union|331419|60000|154109|0|237310|314296
4360|TD Banknorth|190000|0|190000|0|0|314296
4361|Jean Carthon|5500|9000|8500|0|6000|314296
4377|FORD MOTOR CREDIT|32853|0|32853|0|0|314329
4378|CATERPILLAR FINANCIAL SERVICE|40214|0|40214|0|0|314329
4379|CATERPILLAR FINANCIAL SERVICES|0|105902|52951|0|52951|314329
4387|TWU OF AMERICA (PARENT)|17500|0|0|17500|0|314342
4395|FORD MOTOR CREDIT CORP|18970|0|18970|0|0|314355
4396|NONE|0|0|0|0|0|314356
4400|Building Loan|152835|0|14186|0|138649|314361
4402|Vehicle loans|72203|0|17755|0|54448|314363
4403|Computer equipment lease|72240|0|26224|0|46016|314363
4409|ELECTRICAL WORKERS CREDIT UNION|0|21345|676|0|20669|314371
4410|ELECTRICAL WORKERS PROPERT COMPANY|0|49500|49500|0|0|314371
4411|Potal Credit Union|193716|0|4820|0|188896|314372
4412|Postal Credit Union|87760|120000|23210|0|184550|314372
4415|OPEIU INTERNATIONAL UNION|0|78000|12000|0|66000|314380
4416|FORD MOTOR COMPANY|64220|0|24658|17728|21834|314381
4417|AUTO LOANS|2152|101220|7301|0|96071|314383
4418|MARSHALL & ILSLEY BANK|151548|0|151548|0|0|314384
4419|NISSAN MOTOR ACCEPTANCE|34882|0|6351|0|28531|314385
4424|NONE|0|0|0|0|0|314400
4425|Sun Trust Bank|9205|0|6886|0|2319|314411
4427|Iowa State Bank|2000|293918|0|0|295918|314414
4428|Ford Motor Credit|0|23800|6611|0|17189|314415
4429|Ford Motor Credit|0|14345|414|0|13931|314415
4432|BUILDING LOAN, UNITED LABOR|529461|0|12858|0|516603|314419
4434|TCU CREDIT UNION - AUTO|4979|0|4979|0|0|314421
4437|COPPERMARK BANK|35842|0|8263|0|27579|314424
4439|NONE|0|0|0|0|0|314427
4442|EMPLOYER BOND DEPOSITS|22172|25850|0|7023|40999|314434
4445|NONE|0|0|0|0|0|314444
4447|Equipment Lease|12116|0|4769|0|7347|314449
4448|CITY OF CLEVELAND OH|104777|0|2728|0|102049|314453
4450|NONE|0|0|0|0|0|314459
4457|DWHCC|51000|0|0|0|51000|314473
4458|AFSCME|102190|0|102190|0|0|314473
4459|NUHHCE|323741|0|323741|0|0|314473
4460|NEOPOST|0|98530|38227|0|60303|314473
4461|CITIBANK|0|53204|21947|0|31257|314473
4472|BARKSDALE FEDERAL CREDIT UNION|17552|0|12448|0|5104|314496
4473|UFCW INTENATIONAL LOAN|9325|0|9325|0|0|314496
4475|FIRST NATIONAL OF MWC|561816|0|67678|0|494138|314498
4476|NONE|0|0|0|0|0|314499
4477|NONE|0|0|0|0|0|314500
4480|LOCAL 342 FCU|18935|0|6034|0|12901|314529
4481|LOCAL 342 FCU|5822|0|5822|0|0|314529
4482|LOCAL 342 FCU|19245|0|5478|0|13767|314529
4483|LOCAL 342 FCU|17648|0|5810|0|11838|314529
4484|LOCAL 342 FCU|0|19550|5066|0|14484|314529
4485|LOCAL 342 FCU|0|18500|964|0|17536|314529
4486|LOCAL 342 FCU|0|38900|2237|0|36663|314529
4487|Mortgage Payable|0|0|15163|0|0|314529
4497|UNITED LABOR BANK|454002|0|22720|0|431282|314536
4540|GMAC|81918|0|34050|47869|0|314554
4541|none|0|0|0|0|0|314557
4550|AMALGAMATED BANK OF CHICAGO|642159|0|9122|0|633037|314562
4553|1ST NATL COMMUNITY BANK|12759|0|12759|0|0|314568
4554|Old National Bank - Mortgage|92592|0|3768|0|88824|314577
4555|Automobile Loans|38079|33895|9187|0|62787|314577
4556|None|0|0|0|0|0|314579
4569|DISCOVERY BANK-MORTGAGE|379518|0|13361|0|366157|314592
4570|AUTOMOBILE FINANCING|23646|0|6683|0|16963|314593
4571|AUTOMOBILE FINANCING|23070|0|6520|0|16550|314593
4572|AUTOMOBILE FINANCING|23100|0|6528|0|16572|314593
4573|none|0|0|0|0|0|314601
4575|GMAC|133328|0|133328|0|0|314617
4576|LOCAL UNION 19 CREDIT UNION|75345|0|75345|0|0|314622
4577|Auto loans|109467|0|48875|0|60592|314625
4579|FORD CREDIT|12545|0|6571|0|5974|314637
4580|FORD CREDIT|0|27567|1723|0|25844|314637
4581|RFG PROPERTIES|431618|0|24065|0|407553|314637
4583|NONE|0|0|0|0|0|314641
4584|Key bank|13692|0|13537|0|8|314644
4587|SERVICE EMP INTL UNION LOAN  BUILDING IMPROVEMENTS|23750|0|15000|0|8750|314651
4589|Asso for the Rights of Citizens|8907|0|0|0|8907|314658
4590|Citizens Consulting Inc|0|14214|0|0|14214|314658
4591|Liberty Steamfitters Prot. Assc.|1000|0|0|0|1000|314662
4592|Enterprise fleet services|172865|0|42883|0|129982|314666
4593|CAP LEASE (USED TO BUY COPIER)|3156|0|1061|0|2095|314667
4594|National Office|198610|0|30000|0|168610|314671
4595|Auto loans|113878|101296|54223|0|160951|314679
4596|Bank of America|66500000|25100000|280861|0|91319139|314684
4597|EQUIPMENT FINANCING|3067|0|2182|0|885|314685
4598|none|0|0|0|0|0|314687
4601|Xerox (See Item 69 explanation)|169002|0|24233|0|144769|314690
4603|US Bancorp|1033|0|1033|0|0|314695
4609|FORD CREDIT - AUTOMOBILE|4656|0|4656|0|0|314714
4611|Service Employee Internation Union|661323|0|0|0|661323|314724
4612|Fifth Third Bank|988772|0|24207|0|964565|314727
4615|Op. Eng. #3 FCU Loan #142|23656|0|5414|0|18242|314731
4616|Op. Eng. #3 FCU Loan #143|21874|0|4146|0|17728|314731
4617|Op. Eng. #3 FCU Loan #144|21874|0|4145|0|17729|314731
4618|Op. Eng. #3 FCU Loan #145|27569|0|3713|0|23856|314731
4619|SBC Capital Lease Payable|4367|0|3722|0|645|314731
4620|Repayments made on mortgage|0|0|10432|0|0|314731
4947|BTA FEDERAL CREDIT UNION|6601|0|5174|0|1427|321845
4836|0|0|0|0|0|0|316574
4623|IBEW Local Union #295|6400|0|2400|0|4000|314742
4624|Pulaski Bank & Trust|3085|0|3085|0|0|314742
4625|SMITH BARNEY|0|50202|0|0|50202|314743
4626|ALTER MONETA CORPORATION|817696|0|195892|0|621804|314745
4631|FORD CREDIT CORP|22870|0|5498|0|17372|314756
4678|ENTERPRISE BANK|15011|0|1245|0|13766|314811
4679|CHRYSLER FINANCIAL|18000|0|1010|0|16990|314811
4680|ENTERPRISE BANK (LOC)|15146|60751|114|0|75783|314811
4681|SMITH, MOORE & CO.|18894|0|18894|0|0|314811
4689|none|0|0|0|0|0|314827
4691|None|0|0|0|0|0|314830
4692|Commerce Bank|95500|0|7950|0|87550|314831
4694|NON-JOB SITE PENSION PAYABLE|30925|0|30925|0|0|314837
4695|N/P - '03 MONTE CARLO|11473|0|11473|0|0|314837
4696|N/P-'04 GMC TRUCK|16703|0|16703|0|0|314837
4697|N/P-'05 CHEVY TRUCK|24634|0|5302|0|19332|314837
4698|N/P-'05 CHEVY TRUCK|26252|0|6177|0|20075|314837
4699|N/P - '07 CHEVY TAHOE|0|34136|5751|0|28385|314837
4700|N/P - '06 TRAILBLAZER|0|24108|617|0|23491|314837
4702|None|0|0|0|0|0|314839
4703|METROPOLITAN CREDIT UNION|12885|0|13501|0|16079|314842
4704|AMALGAMATED - SACRAMENTO REFI|1200000|0|13833|0|1186167|314845
4705|AMALGAMATED - SAN JOSE REFI|600000|0|6323|0|593677|314845
4706|Graybar Financial|8310|0|4376|0|3934|314848
4707|UA LOCAL 467 PENSION TRUST|0|1500000|0|0|1500000|314860
4708|BANK OF AMERICA|0|60000|49788|0|10212|314861
4710|USW DISTRICT 12|10000|0|0|0|10000|314866
4711|FIRST HAWAIIAN BANK|43427|0|43427|0|0|314868
4712|CENTRAL PACIFIC BANK|1054520|0|113489|0|941031|314868
4713|FORD MOTOR CREDIT CORP|70030|0|20295|0|49735|314870
4714|P9 Pension Plan & Trust|33884|0|0|0|33884|314878
4715|Commercial State Bank Wausa Nebraska|858533|0|858533|0|0|314990
4716|M & I BANK|651007|0|32771|0|618236|315031
4717|GMAC - Auto Loan|187140|0|80506|0|106634|315059
4718|Amalgamated - Roof Loan|124281|0|57361|0|66920|315059
4719|IOWA ST BANK & TRUST|0|20000|20000|0|0|315076
4720|VEHICLE LOANS|40310|0|5967|0|34343|315081
4721|None|0|0|0|0|0|315085
4727|BLDG TRADES FCU AUTO LOAN|102121|0|16038|0|86083|315095
4728|BLDG TRADES HOME EQUITY|169645|0|18659|0|150986|315095
4732|ILA BOAT LOAN|11833|0|11833|0|0|315111
4733|ILA LOAN|0|250000|0|0|250000|315111
4737|Wachovia Bank|0|10000000|0|0|10000000|315121
4740|Ford Motor Credit|0|14859|4540|0|10319|315125
4741|TEAGUE MORTGAGE|9052|0|7299|0|1753|315130
4742|NONE|0|0|0|0|0|315166
4743|KEY BANK MORTGAGE|1104250|0|329250|0|775000|315167
4746|FORD MOTOR CREDIT CO|10930|0|10930|0|0|315174
4747|DAIMLER CHRSLER SVCS|11915|0|11915|0|0|315174
4748|International Union UAW|47130|0|0|25342|21788|315200
4749|International Assoc of Fire Fighters|393333|0|393333|0|0|315202
4750|TEAMSTERS JOINT COUNCIL 32|0|500|500|0|0|315204
4752|NONE|0|0|0|0|0|315220
4753|gmac|0|26189|0|0|26189|315226
4754|NONE|0|0|0|0|0|315230
4756|HERE International|561500|0|12000|0|549500|315264
4757|None|0|0|0|0|0|315268
4758|Graybar Financial Services, LLC|10835|0|5308|0|5527|315273
4759|Chrysler Financial|30817|0|12752|0|18065|315273
4760|General Motors Acceptance Corp.|79615|0|55434|0|24181|315273
4761|SEIU INTERNATIONAL|35000|0|0|0|35000|315280
4762|AMALGAMATED BANK NOTE|830626|0|221500|0|609126|315289
4763|ADVANTA BANK CORP|0|16000|2390|0|13610|315295
4764|FORD MOTOR COMPANY|54262|47630|52162|0|49730|315303
4765|GMAC|3810|0|3810|0|0|315309
4766|Jefferson Bank & Trust|33438|0|4158|0|29280|315317
4767|Jefferson Bank & Trust|16884|0|6000|0|10884|315317
4768|Jefferson Bank & Trust|36345|32006|15107|0|53244|315317
4780|Tri State Bank|45818|0|7867|0|37951|315620
4781|GMAC|11962|0|4368|0|7594|315669
4782|GMAC|11638|0|4251|0|7387|315669
4783|GMAC|11638|0|4251|0|7387|315669
4784|GMAC|11638|0|4251|0|7387|315669
4785|GMAC|11638|0|4251|0|7387|315669
4786|GMAC|11638|0|4251|0|7387|315669
4787|GMAC|9909|0|3387|0|6522|315669
4788|Local Union Loans|1217700|0|312700|0|905000|315680
4789|KS State (copier)|9662|0|9662|0|0|315689
4797|Auto loans|203464|37529|90727|0|150266|315699
4798|Jeanne D'Arc Credit Union|2819|0|2819|0|0|315768
4800|GMAC|42265|0|39670|0|2595|315946
4801|Ford Motor Credit|9719|0|9719|0|0|315946
4802|Ford Motor Credit|74441|0|18012|0|56429|315946
4803|Daimler Chyrsler|0|14287|1729|0|12558|315946
4804|NETFCU|0|17779|473|0|17306|315946
4805|Bank of Utica|281218|0|70026|0|211192|315949
4806|GMAC|27354|0|4832|0|22522|315949
4807|Chrysler Financial Corp.|51631|0|25073|0|26558|315949
4808|Ford Motor Credit|216913|122642|153958|0|185597|315949
4809|SUNTRUST CONSUMER LOAN|17616|0|2121|0|15495|315957
4811|Line of Credit|12768|20000|0|0|32768|315970
4812|Kansas Nurses Foundation|0|10000|0|0|10000|315970
4815|Auomobile|17974|0|17974|0|0|315993
4816|Xerox Corporation|6711|0|4919|0|2371|316118
4817|SMITH BARNEY LINE OF CREDIT NEW BUILDING CONST|0|5367000|0|0|5367000|316137
4818|INT BROTHERHOOD OF TEAMSTERS|779789|0|245744|0|534045|316145
4821|NONE|0|0|0|0|0|316167
4822|BANK OF EDWARDSVILLE|6196|318276|0|0|324472|316173
4823|HIBERNIA NAT BANK|23902|0|7411|0|16491|316420
4824|HIBERNIA NAT BANK|7884|0|1814|0|6070|316420
4825|The Christian Trade Union|305000|0|223663|0|81337|316439
4826|Local #410|60000|0|0|0|60000|316439
4827|XEROX - CAPITAL LEASE|6530|0|6530|0|0|316459
4832|Chrysler Financial|30006|0|8907|0|21099|316481
4833|Carbone Chrysler|0|20000|1629|0|18371|316481
4834|UAW  International Union|236492|0|21454|148375|66663|316484
4837|INTERNATIONAL UNION, UAW|117158|0|0|117158|0|316575
4838|NONE|0|0|0|0|0|316621
4839|Line of Credit-The Savannah Bank|0|150000|0|0|150000|316655
4840|GMAC|4016|0|4016|0|0|316663
4841|CREDIT LINE|11434|0|0|0|11434|316663
4842|MORTGAGE ON BLDNG|907523|0|39204|0|868319|316663
4843|MORTGAGE ON OTHER PROP|312253|0|5770|0|306483|316663
4844|COMPASS BANK - VEHICLE|0|45687|11728|0|33959|316663
4846|USW International Union|0|440000|0|98000|342000|316907
4847|0|0|0|0|0|0|316977
4849|GMAC|28930|0|9148|0|19782|317213
4852|NONE|0|0|0|0|0|317216
4853|Fifth Third Bank|47080|0|9442|0|37638|317220
4854|United Labor Bank|2005000|0|250000|0|1755000|317224
4855|United Labor Bank|250000|0|0|0|250000|317224
4856|Bank of Nevada|360126|1761350|13409|0|2108067|317225
4857|Ford Credit - 2004 Mercury|12415|0|4015|0|8400|317444
4858|Ford Credit - 2004 Ford|11337|0|3025|0|8312|317444
4859|Ford Credit - 2005 Mercury|15740|0|3943|0|11797|317444
4860|Chrysler Credit - 2006 Jeep|0|0|933|16683|0|317444
4861|Chrysler Credit - 2005 Ford|0|0|586|0|16371|317444
4863|Center One Financial Service|18827|0|5254|0|13573|317497
4865|Boone County National Bank|8523|41253|2756|22576|24444|317505
4866|Ford Credit|6332|0|6332|0|0|317610
4868|GMAC Auto Loan|11924|0|5724|0|6200|317619
4869|None|0|0|0|0|0|317628
4870|Chrysler Financial (1)|8547|0|4794|0|3753|317629
4871|Chrysler Financial (2)|9122|0|5117|0|4005|317629
4872|G.M.A.C.|26633|0|6183|0|20450|317629
4873|Valley National Bank|0|0|1783|0|24442|317629
4874|American Express Bank, FSB|24073|0|24073|0|0|317629
4875|Dell Financial Services|280|0|280|0|0|317629
4877|UFCW IU - PCT LOAN|1318710|0|240000|0|1078710|317936
4878|UFCW IU - OPERATING LOAN|288000|0|120000|0|168000|317936
4880|Fod Credit|9656|0|4756|0|4900|318230
4881|FIRST HAWAIIAN BANK|139566|0|7113|0|132453|318268
4882|NONE|0|0|0|0|0|318447
4883|PRIVATE PLACEMENT BONDS|3051408|0|3051408|0|0|318596
4884|Minnesota Pipe Trades|21992|0|18602|3390|0|318828
4885|NONE|0|0|0|0|0|318832
4886|SOUTH CENTRAL BANK|43000|376810|0|0|419810|318971
4887|NONE|0|0|0|0|0|318973
4888|Chrysler Financial|11029|0|4601|0|6428|318975
4889|Bank of America|16447|0|9389|0|7058|318975
4890|NATIONAL POSTAL MAIL HANDLERS UNION|50000|0|0|13556|44654|319231
4891|Ford Motor Credit|5192|0|5192|0|0|319234
4892|Ford Motor Credit|5865|0|3862|0|2003|319234
4893|Ford Motor Credit|5865|0|3862|0|2003|319234
4894|Ford Motor Credit|5865|0|3862|0|2003|319234
4895|Ford Motor Credit|6534|0|4302|0|2232|319234
4896|Ford Motor Credit|5866|0|3862|0|2004|319234
4897|Ford Motor Credit|6534|0|4302|0|2232|319234
4898|Ford Motor Credit|6715|0|6715|0|0|319234
4899|Ford Motor Credit|2967|0|2967|0|0|319234
4900|Ford Motor Credit|14746|0|11477|0|3269|319234
4901|Ford Motor Credit|10521|0|3915|0|6606|319234
4902|Ford Motor Credit|0|15391|0|0|15391|319234
4903|UFCW International|0|425000|2000|0|423000|319234
4904|VEHICLE LOANS|31216|19555|19369|0|31402|319741
4905|NA|0|0|0|0|0|319742
4907|BANK OF AMERICA|79687|0|5046|0|74641|319860
4908|BANK OF AMERICA|0|24663|3542|0|21121|319860
4909|BANK OF AMERICA|114889|0|9554|0|105335|319860
4910|SEIU Advance Payable|26500|0|0|0|26500|319877
4911|Ford Motor Credit|17065|0|9559|0|7506|320278
4914|CWA NATIONAL|390161|0|58185|0|331976|320670
4916|International Labor Union|1250|0|0|0|1250|320672
4918|NA|0|0|0|0|0|320697
4919|Data Managment Consultants|8536|0|8536|0|0|320899
4920|Ford Credit|22676|0|5790|0|16886|320899
4921|HP Computers|0|40048|9277|0|30771|320899
4923|None|0|0|0|0|0|320932
4924|ITERNATIONAL UNION, UAW|0|10000|0|10000|0|321121
4925|Int'l Alliance of Theatrical stage Employees|25000|0|6000|0|19000|321138
4926|N/A|0|0|0|0|0|321140
4927|GMAC|11801|0|11801|0|0|321141
4928|GMAC|33252|0|10161|23091|0|321141
4929|GMAC|0|0|0|0|51584|321141
4930|GMAC|13993|0|8700|0|5293|321332
4931|M & T BANK|67500|0|15000|0|52500|321469
4936|NONE|0|0|0|0|0|321841
4937|GMAC VIN46199|13183|0|13183|0|0|321842
4938|GMAC VIN03288|13219|0|13219|0|0|321842
4939|GMAC VIN49927|13074|0|13074|0|0|321842
4940|GMAC VIN94698|14097|0|14097|0|0|321842
4941|GMAC VIN35212|13193|0|13193|0|0|321842
4942|GMAC VIN47084|13211|0|13211|0|0|321842
4943|M&T VIN66540|26527|0|5260|0|21267|321842
4944|M&T VIN45954|0|14997|1520|0|13477|321842
4945|M&T LINE OF CREDIT|0|137319|137319|0|0|321842
4946|NATIONAL APWU|5956|0|5956|0|0|321844
6639|DUE TO FED PUB EMP NET|708727|227150|0|0|935877|346890
4948|BTA FEDERAL CREDIT UNION|21841|0|4372|0|17469|321845
4949|BTA FEDERAL CREDIT UNION|9943|0|3760|0|6183|321845
4950|GEN MTRS ACCEPTANCE CORP.|23062|0|3185|0|19877|321845
4973|Ironstone Bank|460006|0|21952|0|438054|321946
4978|CHASE AUTOMOTIVE FINANCE|9333|0|4000|0|5333|322328
4979|CHASE AUTOMOTIVE FINANCE|9333|0|4000|0|5333|322328
4980|DELL FINANCIAL|3928|0|1374|0|2554|322328
4981|USW, INTERNATIONAL|0|220000|0|146196|73804|322729
4982|CITY NATIONAL BANK|3900000|0|1200000|0|2700000|322738
4983|FORD CREDIT COMPANY|12130|0|5808|0|6322|322744
4984|CHRYSLER FINANCIAL|0|8103|2506|0|5597|322744
4985|PROMISSORY NOTE, DUE 5/2007|46496|0|14500|0|31996|322946
4986|CREDIT LINE|3051|0|3051|0|0|322946
4998|UFCW INTERNATIONAL UNION|79208|0|33600|0|45608|323546
5030|NA|0|0|0|0|0|325448
5031|NA|0|0|0|0|0|325448
5032|NA|0|0|0|0|0|325448
5002|Citizens Bank|35631|40098|7628|0|68101|323563
5003|Office&Professional Employees Intl|20700|0|18400|2300|0|323565
5004|Office&Professional Employees Intl|98400|0|18115|0|80285|323565
5005|UCNB|37895|61486|27249|0|72132|323565
5033|NA|0|0|0|0|0|325448
5034|NA|0|0|0|0|0|325448
5035|NA|0|0|0|0|0|325448
5036|NA|0|0|0|0|0|325448
5037|NA|0|0|0|0|0|325448
5038|COLUMBIA STATE BANK|16352|0|9225|0|7127|325649
5014|BERKSHIRE SAVINGS BANK|14569|0|12017|0|2552|323918
5039|FORD CREDIT|5640|0|5640|0|0|325650
5040|ArVest Bank|367374|0|31631|0|335743|325934
5041|FIRST INDIANA BANK|200000|0|6725|0|193275|325935
5042|Members of UWUALU 369|8250|0|525|0|7725|326064
5043|Auto Loans GMAC|103985|0|19999|0|83986|326064
5044|Auto Loan GMAC|0|37075|3873|0|33202|326064
5045|NONE|0|0|0|0|0|326065
5046|VACATION FUND|44692|60107|44692|0|60107|326068
5047|PENSION PLAN|237|0|237|0|0|326068
5051|GMAC|16103|0|4120|0|11983|326180
5053|FNB-OMAHA|26418|50679|5620|0|71477|326183
5054|BL&T National Division|8100|0|0|0|8100|326191
5055|N/A|0|0|0|0|0|326193
5056|None|0|0|0|0|0|326250
5060|Bank of America|16277|0|3713|0|12564|326429
5061|none|0|0|0|0|0|326433
5063|AUTOMOBILES|19348|0|19348|0|0|326435
5064|AUTOMOBILES|0|23325|11633|0|11692|326435
5066|GMAC|8037|0|8037|0|0|326456
5077|PACIFIC LONGSHOREMEN'S MEMORIAL  ASSOCIATION|100000|0|100000|0|0|326495
5078|GMAC|5176|0|559|4617|0|326497
5080|KEY BANK - CREDIT CARD|12405|12253|11500|0|13158|327167
5081|AMERICAN EXPRESS - DELTA|13241|10415|10800|0|12856|327167
5082|AMERICAN EXPRESS|673|2352|3013|0|12|327167
5083|DUE TO SEIU|95000|0|20000|0|75000|327272
5087|NONE|0|0|0|0|0|327472
5088|NONE|0|0|0|0|0|327475
5091|GE CAPITAL-COPIER LEASE|7635|0|6489|0|1146|327568
5092|SATURN OF OAKLAND-AUTOS|48037|0|15080|0|32957|327568
5095|CENTRAL BANK - LOC|35500|14000|49499|0|1|327571
5096|CENTRAL BANK - 1ST DEED OF TRUST|120734|0|14603|0|106131|327571
5099|POPULAR LEASING|20641|0|0|0|20641|327613
5100|POPULAR AUTO|18476|0|0|0|18476|327613
5111|SEIU|2202000|0|910000|0|1292000|327640
5114|LOCAL #532 BUILDING CORP|0|24976|0|0|24976|327671
5115|LOCAL #532 JOURNEYMAN FUND|0|125195|0|0|125195|327671
5117|Ford Motor Credit|14428|0|13306|0|1122|327693
5118|Ford Motor Credit|15118|0|6746|0|8372|327693
5119|Ford Motor Credit|14933|0|6952|0|7981|327693
5120|Ford Motor Credit|15049|0|7006|0|8043|327693
5121|Daimler Chrysler Financial|0|41529|644|0|40885|327693
5127|GMAC|8144|0|8144|0|0|327695
5128|GMAC|40686|0|8905|0|31781|327695
5129|Wachovia|4164133|0|523137|0|3640996|327695
5150|None|2955|0|2955|0|0|327800
5151|BAC LOCAL #5|30368|0|0|30368|0|327895
5158|Parkway loan|284204|35000|170989|0|148215|328067
5159|Chrysler Financial|18202|0|6276|0|11926|328074
5172|None|0|0|0|0|0|329510
5198|Commerce Bank|366|0|366|0|0|329630
5200|WACHOVIA BANK|612744|0|27490|0|585254|329658
5201|NONE|0|0|0|0|0|329680
5204|TYLER LOCAL LOAN|0|12000|3000|0|9000|329687
5205|CALIFORNIA TRUST & BANK|903376|0|903376|0|0|329693
5206|FIRST BANK & TRUST|0|4500000|70724|0|4429276|329693
5207|VEHICLE LOANS|0|44358|7113|0|37245|329693
5210|BAK OF AMERICA|19542|0|4130|0|15412|330007
5212|Loan Payable|10777|0|0|0|10777|330011
5214|Ford Motor Credit Company|22449|23986|16201|3570|33804|330064
5216|COPIER LEASE BUYOUT|17331|0|9633|0|7698|330148
5219|Mid-America Bank|79181|550533|6132|623582|0|330156
5220|Best Buy|1319|0|1319|0|0|330156
5221|0|0|0|0|0|0|330283
5227|NONE|0|0|0|0|0|330504
5239|Equipment Lease|1402|0|1402|0|0|330593
5254|DCS TRUCK FINANCE|18507|0|6817|0|11690|330646
5255|DCS TRUCK FINANCE|18106|0|3689|0|14417|330646
5256|DCS TRUCK FINANCE|19972|0|3583|0|16389|330646
5257|DCS TRUCK FINANCE|33263|0|6170|0|27093|330646
5258|FORD MOTOR CREDIT|0|22853|0|0|22853|330646
5259|CITIZENS BANK|396999|0|12544|0|384455|330646
5265|Bank of America|124567|0|2897|0|121670|330685
5266|LIUNA Per Capita Tax|8020|0|6000|0|2020|330686
5267|Wells Fargo Bank, N.A.|3768144|0|50628|0|3717516|330687
5268|SBC Capital Service - 1|60434|0|13862|0|46572|330687
5269|SBC Capital Services - 2|36121|0|8511|0|27610|330687
5277|DUE TO BUILDING CORP|150865|0|0|0|150865|330702
5279|MAIN SOURCE BANK|143290|0|6008|0|137282|330889
5284|GMAC|21542|0|9468|0|12074|331158
5287|GCIU BUILDING CORPORATION|75000|0|0|0|75000|331324
5288|LINE OF CREDIT-WACHOVIA BANK|0|25000|0|0|25000|331375
5297|NONE|0|0|0|0|0|331974
5298|Loans and Notes Payable|3079016|701683|70046|0|3710653|331975
5302|IBEW FED CREDIT UNION|62402|0|18914|0|43488|332081
5337|F&M Bank, Galesburg, IL|17271|0|3174|0|14097|332279
5347|SUNTRUST BANK|155141|0|65357|0|89784|332717
5351|Regions Bank - Truck Loan|0|15102|264|0|14838|332850
5352|SONOMA NATIONAL BANK|921970|0|6413|0|915557|332858
5353|SEIU INTERNATIONAL|63812|0|6265|0|57547|332858
5354|DUMAC PHONE SYSTEM|4975|0|3675|0|1300|332858
5357|AUTO LOANS|15676|0|7629|0|8047|333040
5362|NONE|0|0|0|0|0|333185
5365|COURTESY CHEVROLET|22904|0|4581|0|18323|333207
5367|UNON SAVINGS BANK|174640|152440|193790|0|133290|333245
5368|CREDIT UNION - AUTOMOBILE|8393|0|8393|0|0|333247
5369|CREDIT UNION - AUTOMOBILE|9268|0|9268|0|0|333247
5370|CREDIT UNION - AUTOMOBILE|11304|0|3379|0|7925|333247
5371|GMAC - AUTOMOBILE|22706|0|4281|0|18425|333247
5372|GMAC - AUTOMOBILE|0|23317|306|0|23011|333247
5381|UA LOCAL 355|0|250000|65734|0|184266|333329
5397|CHRYSLER FINANCIAL|9851|0|2110|0|7741|333845
5494|TRUCK NOTE-BANK OF AMERICA|14626|0|4243|0|10383|334630
6127|FORD MOTOR CREDIT|0|34425|6810|0|27615|340144
5690|AFSCME INTERNATIONAL|37618|0|25076|0|12542|335439
5691|BANK OF AMERICA|1338689|0|70254|0|1268435|335439
5692|MILESTONE ASSOCIATES|104213|0|14354|0|89859|335439
5732|LOAN FROM UA|5576|0|3900|0|1676|335755
5736|Loan International|72271|0|24000|0|48271|335991
5842|AUTO LEASING POPULAR AUTO|31915|0|7140|0|24775|337106
5781|HUNTINGTON BANK|150227|0|16144|0|134083|336317
5787|FORD CREDIT|13980|0|3190|0|10790|336339
5805|ALPA NATIONAL TO 1625 MASS AVE NW CORP|166943|814512|581702|0|399752|336447
5806|ALPA NATIONAL TO IPSC|253824|301964|0|211998|343790|336447
5807|CHERNER LINCLN MERCURY|15198|0|15198|0|0|336447
5808|CHERNER LINCOLN MERCURY|12947|0|12947|0|0|336447
5809|FORD CREDIT|9946|0|9946|0|0|336447
5810|FREDERICK DODGE HONDA|8789|0|8096|0|693|336447
5811|MANASSAS CHRYSLER PLYMOUTH|8652|0|8652|0|0|336447
5822|Seafarers Int'l Union of N.A,AGLIWD|15519954|484730|0|6865|15997819|336929
5823|NATIONAL CITY BANK|74000|0|1138|0|72862|336963
5826|2005 CHEVROLET MALIBU|19155|0|3812|0|15343|337012
5827|LAND & BUILDING|583410|0|154490|0|428920|337012
5828|2005 CHEVROLET MALIBU|0|17256|2000|0|15256|337012
5843|DE LANGE LANDEN FIN COPIER|7285|0|5077|0|2208|337106
5844|COOP. CASA TRABAJADORES|2535|5000|5168|0|2367|337106
5855|NONE|0|0|0|0|0|337246
5856|NAPA VALLEY BANK|0|59150|59150|0|0|337247
5857|Automobile|173735|0|30965|0|142770|337254
5864|Smith Barney Citigroup|949334|71804|0|0|1021138|337345
5865|GMAC FINANCIAL|21162|0|6943|0|14219|337345
5866|FORD CREDIT CORP|19795|0|3595|0|16200|337345
5919|Ford Motor Credit|2600|0|2600|0|0|338168
5920|Chrysler Motor Credit|0|23252|1096|0|22156|338168
5959|Line of Credit-Sovereign Bank|0|298034|0|0|298034|338337
5975|International Association of Fire Fighters EDF|286866|0|42504|0|244362|338389
5978|EQUIPMENT LEASE - GMAC|6363736|0|1746167|0|4617569|338393
5979|REVOLVING CREDIT LOAN - AMALGAMATED BANK|9000000|32000000|31000000|0|10000000|338393
5980|260 PARK AVENUE REALTY CORP.|41232385|0|18654|0|41236442|338393
5981|49 EAST 21 COMPANY, INC.|8432489|538|0|0|8435526|338393
5982|Capitalized lease payable|19319|0|4074|0|15245|338394
5983|United Labor Bank equity line|408772|0|8772|0|400000|338394
6015|MORTGAGE PAYABLE|621686|0|14685|0|607001|338571
6018|NONE|0|0|0|0|0|338635
6028|Amalgamated Bank of NY|1020800|0|1020800|0|0|338809
6029|Amalgamated Bank of NY|194440|0|194440|0|0|338809
6105|UNION BANK & TRUST LINE OF CREDIT|70000|0|70000|0|0|339701
6106|n/a|0|0|0|0|0|339829
6122|FORD MOTOR CREDIT|12055|0|12055|0|0|340144
6123|FORD MOTOR CREDIT|11091|0|11091|0|0|340144
6124|FORD MOTOR CREDIT|11765|0|11765|0|0|340144
6125|FORD MOTOR CREDIT|0|44943|6089|0|38854|340144
6126|FORD MOTOR CREDIT|0|35976|7117|0|28859|340144
6134|FORD CREDIT|13855|0|7917|0|5938|340282
6135|FORD CREDIT|12938|0|7393|0|5545|340282
6150|N/ - Vehicle (Monarch Bank)|13918|0|13918|0|0|341362
6151|N/P - 2007 Ford (Monarch Bank)|0|19842|0|0|19842|341362
6152|N/P - 2005 Buicks (Monarch Bank)|0|29367|4261|0|25106|341362
6169|Xerox Capital Services, LLC|26961|0|3901|0|23060|341823
6170|Popular Auto Inc.|0|25690|7343|0|18347|341823
6211|ILA NY|0|18000|2971|0|15029|343205
6272|WELLS FARGO LINE OF CREDIT|0|50000|50000|0|0|343979
6344|Unite HERE International Union|321763|0|11000|0|310763|345698
6412|PLUMBERS FCU #19|14964|0|14964|0|0|346333
6413|PLUMBERS FCU #348|6640|0|6640|0|0|346333
8365|Cuentas a pagar Fideicomiso|288223|0|70000|0|218223|367203
8366|Cuentas a Pagar USA (CWA)|58360|0|58360|0|0|367203
6628|FORD CREDIT AUTO LOAN|1465|0|1038|0|427|346890
6629|FORD CREDIT AUTO LOAN|626|0|615|0|11|346890
6630|CHASE AUTO FINANCE LOAN|14029|0|3949|0|10080|346890
6631|FORD AUTO CREDIT|15719|0|5272|0|10447|346890
6632|FORD CREDIT AUTO LOAN|19300|0|6475|0|12825|346890
6633|FORD CREDIT AUTO LOAN|0|19467|3374|0|16093|346890
6634|FORD CREDIT AUTO LOAN|0|19287|2949|0|16338|346890
6635|FORD CREDIT AUTO LOAN|0|19580|2672|0|16908|346890
6636|FORD CREDIT AUTO LOAN|0|20264|4021|0|16243|346890
6637|FORD CREDIT AUTO LOAN|0|17125|1830|0|15295|346890
6638|DISTRICT 1, PCD, MEBA|120900|0|120900|0|0|346890
6974|INTERNATIONAL-SEIU|0|300000|0|0|300000|348608
6975|INTERNATIONAL-PER CAPITA|0|303007|0|0|303007|348608
7462|First National Bank of Santa Fe|0|365000|0|0|365000|350827
7806|NONE|0|0|0|0|0|351872
7848|Bank of America|92245|0|4198|0|88047|353302
7904|WELLS FARGO - VEHICLE NOTE|48834|0|8716|0|40118|355431
7905|COPIER NOTE|2322|0|2322|0|0|355431
7934|Local 107|240|0|240|0|0|356043
7935|Capital Lease Obligation|10107|0|5477|0|4630|356043
7936|Daimler Chrysler|0|28637|375|0|28262|356043
7937|Amalgamated Bank|6332528|0|904354|0|5428174|356047
7938|Board Ford|460550|0|146713|0|313837|356047
7941|VARIOUS BANKS|8519838|0|166293|0|8353545|356184
7942|FEDERAL CREDIT UNION|26628|0|24811|0|1817|356184
7990|N/A|0|0|0|0|0|357753
7991|N/A|0|0|0|0|0|357753
7992|N/A|0|0|0|0|0|357753
7993|N/A|0|0|0|0|0|357753
7994|N/A|0|0|0|0|0|357753
7995|N/A|0|0|0|0|0|357753
7996|N/A|0|0|0|0|0|357753
7997|N/A|0|0|0|0|0|357753
7998|N/A|0|0|0|0|0|357753
7999|N/A|0|0|0|0|0|357753
8000|N/A|0|0|0|0|0|357753
8003|AUTO LOAN|32757|0|7604|0|25153|358085
8009|N/A|0|0|0|0|0|358438
8132|MACH INST & MTL WKRS FUND|70000|0|0|0|70000|361553
8133|YVONNE BOURNE & FRANK SMITH|142000|0|0|0|142000|361553
8188|SEIU|427155|0|230440|0|196715|362545
8189|SEIU|31335|0|0|0|31335|362545
8190|BANK OF AMERICA|16627|0|12298|0|4329|362545
8191|BANK OF AMERICA|33310|0|10363|0|22947|362545
8263|M & T BANK|129894|0|6332|0|123562|363958
8898|GMAC|310690|0|55124|96969|158597|370538
8899|FORD MOTOR CREDIT|22694|0|22694|0|0|370538
8900|CHASE AUTOMOTIVE FINANCE|25904|0|9846|0|16058|370538
8901|CHRYSLER FINANCIAL|58206|0|13488|0|44718|370538
8902|NISSAN MOTOR ACCEPTANCE|36539|0|0|6840|29699|370538
8930|FIRST FINANCIAL|41079|0|41079|0|0|371091
8948|APWU NATIONAL|119863|130890|250753|0|0|371691
8980|Bank of America|266659|0|66528|0|200131|372406
8986|Bank of the Cascades|1968911|0|1968911|0|0|372444
9177|UNION BANK|4375|0|4375|0|0|374944
9685|FORD MOTOR COMPANY|21038|0|5314|0|15724|381126
10876|NUHHCE|0|172482|0|0|172482|395689
10880|OLD SECOND NATIONAL BANK|4735187|0|413992|0|4321195|395698
10926|THE SAVANNAH BANK|0|400000|9293|0|390707|399761
11826|UMPQUA BANK|73048|0|4476|0|68572|410890
11827|LOCAL UNION 447|9000|0|0|0|9000|410890
11982|Ford Motor Credit Corporation|25996|0|12049|13947|0|413679
11983|Ford Motor Credit Corporation|0|0|0|0|32593|413679
13609|FORD MOTOR CREDIT|54017|0|18750|0|35267|432161
13659|Installment note payable|25479|0|6471|0|19008|433800
14123|Mickey Cox|4000|0|500|0|3500|438537
14140|Not Applicable|0|0|0|0|0|438704
15104|UMB Bank|33483|0|33483|0|0|450298
15105|UMB Bank|0|150000|7862|0|142138|450298
15106|Great American Leasing|5695|0|4475|0|1220|450298
18086|CHEVY CHASE BANK|10000|30000|30000|0|10000|496561
18087|PLATINUM PLUS FOR BUSINESS|3000|0|3000|0|0|496561
21137|Council 79 - Building Corp|114850||3819||111031|533500
22801|Amalgamated Bank|5978864|0|1610364|0|4368500|556565
22802|Building Loans|128943|0|7126|0|121817|556565
