OID|SOURCE|LOANS_OWED_START|LOANS_OBTAINED|CASH_REPAYMENT|NON_CASH_REPAYMENT|LOANS_OWED_END|RPT_ID
8582|NONE|0|0|0|0|0|368395
9190|Ford Motor Credit - Vehicle|19595|0|5641|0|13954|375764
6307|Apprenticeship Trust|3294|0|3294|0|0|344693
8363|NONE|0|0|0|0|0|366995
8367|SHEET METAL CREDIT UNION|68008|0|47850|0|20158|367283
8368|Texas First Bank|3730|0|3730|0|0|367300
8369|XEROX CORPORATION|0|10299|0|0|10299|367322
8373|MORTGAGE LOAN|75875|0|18704|0|57171|367379
8374|GMAC Financing|7408|0|1227|6181|0|367416
8375|Chrysler Credit|27848|0|6499|0|21349|367416
8376|GMAC Financing|0|28794|5329|0|23465|367416
8422|CHASE|19732|0|2964|0|16768|367456
8423|FORD|11772|0|4187|0|7585|367456
8424|J.P. MORGAN|0|29466|257|0|29209|367456
8429|RIVERSIDE BANK|0|20000|3666|0|16334|367472
8430|HUNTINGTON NATIONAL BANK|14991|0|3579|0|11412|367474
8431|HUNTINGTON NATIONAL BANK|15269|0|3647|0|11622|367474
8432|KEY BANK|123787|0|25893|0|97894|367474
8434|NOTES PAYABLE|1386|13750|1386|0|13750|367511
8441|Donald & Emma Trent|49192|0|45236|0|3956|367627
8443|NONE|0|0|0|0|0|367632
8444|NONE|0|0|0|0|0|367671
8445|EASTERN BANK|6331|0|6331|0|0|367679
8446|IWDCIFM|76000|0|76000|0|0|367679
8447|Suntrust Bank|78950|0|14056|0|64894|367689
8453|None - Not Applicable|0|0|0|0|0|367771
8454|Daimler Chrysler Truck Financial|54754|0|11136|0|43618|367787
8455|AMALGAMATED BANK|0|6386868|0|0|6386868|367794
8456|NONE|0|0|0|0|0|367829
8457|Brotherfhhold Bank & Trust|39068|0|39068|0|0|367836
8458|Boilermakers Local #175|159070|0|0|0|159070|367836
8459|NONE|0|0|0|0|0|367852
9191|Ford Motor Credit - Vehicle|31390|0|6608|0|24782|375764
9192|Old National Bank - Mortage|84788|0|4304|0|80484|375764
9193|CREDIT CARD|0|3039|0|0|3039|375766
9194|NONE|0|0|0|0|0|375856
9195|Greylock Federal Credit Union|112686|0|112686|0|0|375912
9196|WESTERN SECURITY BANK|12845|0|3458|0|9387|375914
9197|DOLPHIN CAPITAL CORPORATION|4961|0|2536|0|2425|375914
9198|WESTERN SECURITY BANK|16533|0|3886|0|12647|375914
9199|WESTERN SECURITY BANK|0|15225|818|0|14407|375914
9200|CHASE|43588|0|2994|0|40594|375971
9201|Automobiles|4379|0|4379|0|0|376128
8471|NONE|0|0|0|0|0|367887
9202|SMITH BARNEY-AGAINST CD'S|0|51147|0|0|51147|376493
9203|AUTO LOAN-M & T CREDIT|26868|0|5559|0|21309|376517
8481|New England Regional Council|125591|0|10116|0|115475|367901
8482|Commonwealth Bank|24620|0|24620|0|0|367901
8485|Colorado Springs National Bank|95688|0|66797|0|28891|367918
8486|Ford Motor Credit|27269|0|8844|0|18425|367932
8487|XEROX AND OTHER LEASES|27990|0|18500|0|9490|367958
8488|LESSOR-PITNEY BOSES (POSTAGE)|49235|0|18052|0|31183|367958
8489|LESSOR-SOLARCOM (PRINT SHOP)|439010|0|99322|0|339688|367958
8490|LESSOR-SOLARCOM (PHASER)|3356|0|972|0|2384|367958
8491|LESSOR-SOLARCOM (DP-12)|68502|0|19280|0|49222|367958
8492|LESSOR-SOLARCOM (WCP-90)|32733|0|9213|0|23520|367958
8493|LESSOR-SOLARCOM (WCP-128)|8191|0|2305|0|5886|367958
8494|LESSOR-SOLARCOM (AS400)|438623|0|166439|0|272184|367958
8495|LESSOR-SOLARCOM (AS400)|118434|0|40495|0|77939|367958
8496|LESSOR-SOLARCOM (COPIER)|25375|0|5480|0|19895|367958
8497|LESSOR-SOLARCOM (DA 950 MAILING)|0|35060|6823|0|28237|367958
8498|SOLARCOM (IFSD)|0|4300|1490|0|2810|367958
8499|SOLARCOM (BINDING MACHINE)|0|31257|10618|0|20639|367958
8500|SOLARCOM (PRINT SHOP)|0|9993|3660|0|6333|367958
8501|No. CA Carpenters Regional Council|0|1350000|4460|0|1345540|367966
8502|HUNTINGTON BANK|130386|0|18106|0|112280|367981
8503|FORD MOTOR CREDIT-TAURUS|1999|0|1999|0|0|367981
8504|FORD MOTOR CREDIT-500|5631|0|5631|0|0|367981
8505|FORD MOTOR CREDIT-FOCUS|4160|0|4160|0|0|367981
8506|FORD MOTOR-FUSION|15039|0|7241|0|7798|367981
8507|GMAC- 3 BUICK CENTURIES|3250|0|3250|0|0|367981
8508|None|0|0|0|0|0|367986
8509|None|0|0|0|0|0|367994
8510|NONE|0|0|0|0|0|368004
8511|NONE|0|0|0|0|0|368048
8512|IBEW LU 278 FCU B|1688|0|1688|0|0|368052
8513|IBEW LU 278 FCU E|6967|0|6967|0|0|368052
8514|IBEW LU 278 FCU F|6866|0|6866|0|0|368052
8515|IBEW LU 278 FCU  G|3643|0|3643|0|0|368052
8516|IBEW LU 278 FCU B|0|3941|328|0|3613|368052
8517|IBEW LU 278 FCU  C|0|10121|4175|0|5946|368052
8518|UNION SAVINGS BANK|14624|0|3612|0|11012|368062
8519|PowerNet Credit Union|17621|0|4271|0|13350|368127
8523|CSEA, Council 400|77914|0|19519|0|58395|368186
8524|NO CALIFORNIA CARPENTERS REGIONAL COUNCIL|327408|0|47130|0|280278|368196
8525|Sovereign Bank|18022|0|3246|0|14776|368198
8526|None|0|0|0|0|0|368199
8528|NONE|0|0|0|0|0|368201
8529|NONE|0|0|0|0|0|368202
8530|NONE|0|0|0|0|0|368204
8531|UNITED LABOR BANK NOTE|186710|0|2542|0|184168|368205
8532|UNITED LABOR CREDIT CARD|0|14582|6464|0|8118|368205
8533|IRONWORKERS INTL.|0|5552|0|0|5552|368205
8534|IRONWORKERS INTL.PER CAP|0|45000|0|0|45000|368205
8535|NONE|0|0|0|0|0|368206
8536|NONE|0|0|0|0|0|368207
8537|NOTE FROM NCCRC|2039696|0|36648|0|2003048|368208
8538|NONE|0|0|0|0|0|368209
8539|NONE|0|0|0|0|0|368210
8540|NONE|0|0|0|0|0|368212
8541|NONE|0|0|0|0|0|368213
8542|Due to International|37000|0|12000|0|25000|368217
8543|NO. CA. CARPENTERS REGION|3029201|0|142572|0|2886629|368218
8544|MORTGAGE ON BUILDING|268735|0|9522|0|259213|368223
8545|NONE|0|0|0|0|0|368227
8546|NONE|0|0|0|0|0|368229
8547|NONE|0|0|0|0|0|368231
8548|NONE|0|0|0|0|0|368232
9204|AUTO LOAN-CHASE|0|24174|806|0|23368|376517
8117|Avaya Phone|33041|0|9041|0|24000|360852
8118|Copier|14187|0|4635|0|9552|360852
8078|General Motors Acceptance Corp.|7087|0|7087|0|0|359469
8081|NONE|0|0|0|0|0|359478
8088|CENTRAL TRADES LABOR COUNCIL|0|262|0|0|262|359872
8121|FORD MOTOR CREDIT|7129|0|7129|0|0|360952
8151|PNC Bank Line of Credit|19564|35523|4570|0|50517|361746
8152|N.E. District Council H&W Fund|0|45500|2000|0|43500|361746
8175|CHRYSLER FINANCIAL|4766|0|2511|0|2255|362390
8200|FORD MOTOR CORP.|141180|36671|19617|22390|135844|362850
8202|TWU INTERNATIONAL|2000|0|2000|0|0|362991
8203|Credit Line Payable|0|3111522|3111522|0|0|362992
8207|BANK OF AMERICA|26094|0|26094|0|0|363013
8217|COMERICA LOCKWOOD|756130|0|38894|0|717236|363108
8218|Xerox Lease|334340|0|144487|0|189853|363130
8227|COLORADO BUSINESS BANK|0|235674|109858|0|125816|363171
8228|NONE|0|0|0|0|0|363172
8229|US Bank|0|16100|2494|0|13606|363254
8230|CHRYSLER-2006 TOWN & COUNTRY|17095|0|5004|0|12091|363277
8231|CITIZENS - 2007 CHEVY IMPALA|16511|0|3670|0|12841|363277
8232|BK OF AMERICA-2005 CARAVAN|14913|0|4837|0|10076|363277
8233|FORD CREDIT - 2007 EXPLORER|0|26547|1659|0|24888|363277
8236|CITIZENS BANK|26775|0|21885|0|4890|363291
8244|FORD MOTOR CREDIT|12395|0|12395|0|0|363369
8251|UNITED LABOR BANK|284839|0|7061|0|277778|363467
8260|LABOR MGMT COOP TRUST|7391|0|0|0|7391|363781
8265|U. S. BANK|25000|0|0|0|25000|363961
8266|U. S. BANK|7667|0|0|0|7667|363961
8267|GMAC-2005 BUICK LESABRE|16215|0|3595|0|12620|363966
8268|INDIANA MEMBERS CU|0|25000|462|0|24538|363966
8288|HERGET BANK|87475|95436|59736|0|123175|364031
8289|CHRYSLER FINANCIAL|1165|0|1165|0|0|364031
8295|VEHICLE LOANS|31891|61000|46644|2191|44056|364064
8298|International Union SPFPA|0|10023|6791|0|3232|364098
8299|RBC CENTURA BANK|63310|0|371|62939|0|364103
8300|RBC CENTURA BANK|29027|0|5880|0|23147|364103
8301|FORD CREDIT|28848|0|7276|0|21572|364103
8302|FORD MOTOR CREDIT CORP|42948|0|8151|0|34797|364123
8305|WACHOVIA BANK - BLDG.|385971|0|61232|0|324739|364230
8306|POWERNET BANK - AUTO|5819|0|5819|0|0|364230
8307|POWERNET - AUTO|0|34947|5020|0|29927|364230
8315|NONE|0|0|0|0|0|364774
8549|NONE|0|0|0|0|0|368235
8317|Xerox Capital Services, LLC|17266|0|5829|0|11437|366230
8330|NONE|0|0|0|0|0|366264
8331|REBBEC PONTIAC/BUICK|0|16579|16579|0|0|366265
8333|Reliable Financial Corp.|6821|4750|4027|0|7544|366345
8334|Ford Motor Credit Co.|14472|0|5540|0|8932|366345
8335|Reliable Financial Corp.|22513|0|2210|0|20303|366345
8336|Power Net Credit Union|0|57392|0|0|57392|366383
8337|Credential Leasing Corp|0|10921|1819|0|9102|366383
8338|BSFS Equipment Leasing|0|16458|914|0|15544|366383
8339|NONE|0|0|0|0|0|366410
8343|TOSHIBA PHONE SYSTEM|1027|0|1027|0|0|366457
8344|AVAYA FINANCIAL SERVICES|2228|0|2041|0|187|366460
8345|Fifth Third Bank|98500|0|6000|0|92500|366471
8346|Pacific NW IW Federal Credit Union|12878|16919|15075|0|14722|366505
8347|WEST COAST BANK|545246|0|50169|0|495077|366512
8348|NONE|0|0|0|0|0|366513
8349|NONE|0|0|0|0|0|366514
8350|SunTrust Line of Credit|46761660|0|2720004|0|44041656|366515
8351|N/A|0|0|0|0|0|366520
8352|SERVICE EMPLOYEES' INTERNATIONAL UNION|9439|0|1573|0|7866|366523
8359|N/A|0|0|0|0|0|366601
8360|FORD MOTOR CREDIT|7136|0|7136|0|0|366604
8550|NONE|0|0|0|0|0|368239
8552|BANK OF AMERICA|1193861|0|78968|0|1114893|368259
8553|MILESTONE ASSOC|75068|0|15240|0|59828|368259
8554|NONE|0|0|0|0|0|368261
8555|INTL UNION ALL NOV & PROD.|22500|0|0|0|22500|368262
8556|M&T CREDIT SERVICES|16125|0|16125|0|0|368270
8557|FORD MOTOR CREDIT|14921|0|12154|0|2767|368288
8558|Powernet-Credit Union|8611|0|8611|0|0|368297
8559|GMAC CREDIT CORPORATION|296327|59774|129826|0|226275|368298
8560|ANGLE BROS. CONTRACTING|0|10000|0|0|10000|368298
8561|NONE|0|0|0|0|0|368305
8562|NONE|0|0|0|0|0|368306
8563|NONE|0|0|0|0|0|368310
8564|NONE|0|0|0|0|0|368315
8565|TELEPHONE SYSTEM|0|14578|3507|0|11071|368316
8567|NONE|0|0|0|0|0|368319
8568|NONE|0|0|0|0|0|368332
8569|N/A|0|0|0|0|0|368334
8570|NONE|0|0|0|0|0|368347
8571|POPULAR AUTO|17635|0|6545|0|11090|368361
8572|COOP A/C CASA DEL TRABAJADOR|37430|0|8475|0|28955|368361
8573|COOP A/C CASA DEL TRABAJADOR|1780|0|1780|0|0|368361
8574|DE LAGE FINANCIAL|18280|0|5101|0|13179|368361
8575|VEGA COOP - MORTGAGE|0|611375|774|0|610601|368361
8576|NONE|0|0|0|0|0|368362
8577|NONE|0|0|0|0|0|368365
8578|NONE|0|0|0|0|0|368372
8579|NONE|0|0|0|0|0|368382
8580|UA Loan|45750|0|3600|0|42150|368393
8581|Building Mortgage|977561|0|44710|0|932851|368393
8959|NONE|0|0|0|0|0|372102
8583|NONE|0|0|0|0|0|368398
8584|VEHICLE - FIFTH THIRD BANK|18590|0|18590|0|0|368412
8585|FORD MOTOR CREDIT CO|16997|0|4245|0|12752|368437
8586|DELL FINANCIAL|1137|0|1137|0|0|368437
8587|NONE|0|0|0|0|0|368475
8588|None|0|0|0|0|0|368483
8589|None|0|0|0|0|0|368486
8590|COMMUNITY BANK|113076|0|3347|0|109729|368487
8591|GMAC|17937|0|17937|0|0|368496
8598|M&T Bank|965515|0|229810|0|735705|368514
8599|NONE|0|0|0|0|0|368515
8600|AMEX BUSINESS SYSTEMS|1818|0|1818|0|0|368516
8602|None|0|0|0|0|0|368523
8603|NONE|0|0|0|0|0|368526
8604|NONE|0|0|0|0|0|368528
8606|United Leasing|0|30000|3735|0|26265|368562
8607|Bank of O'Fallon|126376|0|3029|0|123347|368567
8608|Bank of O'Fallon|19879|0|2144|0|17735|368567
8613|NONE|0|0|0|0|0|368574
8616|None|0|0|0|0|0|368579
8619|AFT Loan (7/07)|46692|0|15564|0|31128|368582
8622|U.S. EXPRESS LEASING|70969|0|13312|0|57657|368586
9690|N/A|0|0|0|0|0|381311
8639|NONE|0|0|0|0|0|368611
8642|NONE|0|0|0|0|0|368614
8645|COPIERLEASE/PURCHASE|4346|0|1932|0|2414|368617
8646|NOTE PAYABLE|46559|0|8691|0|37868|368617
8647|FIRSTBANK SOUTHWEST|0|49954|0|0|49954|368623
8648|FIRSTBANK SOUTHWEST|0|23516|8836|0|14680|368623
8649|AMARILLO NATIONAL BANK|14771|0|14771|0|0|368623
8650|AMARILLO NATIONAL BANK|14931|0|14931|0|0|368623
8663|Brotherhood Bank|10442|0|10442|0|0|368645
8664|BK OF AMERICA CREDIT CARDS|8980|2234|0|0|11214|368653
8665|TRANSIT EXCHANGE PROGRAM|13528|0|13528|0|0|368653
8666|CHILD & ELDER CARE PROGRAM|35000|0|334|0|34666|368653
8667|BENEFITS ADMIN PROGRAM|4500|0|0|0|4500|368653
8668|GMAC|41231|0|9760|0|31471|368664
8669|None|0|0|0|0|0|368667
8670|None|0|0|0|0|0|368668
8671|NONE|0|0|0|0|0|368669
8672|Ford Motor Credit|52645|34518|25762|0|61401|368670
8683|FIFTH THIRD BANK|211244|0|211244|0|0|368676
8684|FORD|3355|0|3355|0|0|368676
8685|NONE|0|0|0|0|0|368678
8686|COMMERCE LINE OF CREDIT|1000000|0|150000|0|850000|368679
8689|NONE|0|0|0|0|0|368688
8690|Boilermaker Bank & Trust Co.|100000|0|2800|0|97200|368701
8691|Pitney Bowes|1441|0|1441|0|0|368718
8692|Ikon|10595|0|4899|0|5696|368718
8693|Great America Leasing|5168|0|2172|0|2996|368718
8694|GMAC|7541|0|3055|0|4486|368720
8695|Automobile|20801|0|8136|0|12665|368731
8696|Automobile Loan|6608|0|3604|0|3004|368733
8697|GMAC|26346|0|14891|0|11455|368736
8698|None|0|0|0|0|0|368739
8699|NONE|0|0|0|0|0|368746
8700|UA Local 355|101691|0|87647|0|14044|368747
8702|Line of Credit - Smith Barney|0|57214|0|0|57214|368768
8703|THE BRYN MAWR TRUST CO.|1040000|0|260000|0|780000|368802
8704|CREDIT CARD BALANCES|14493|12153|14493|0|12153|368814
8705|UNCLAIMED VACATION FUND CHECKS|8794|0|348|0|8446|368814
8706|N/A|0|0|0|0|0|368827
8707|CHRYSLER FINANCIAL|94073|0|14589|0|79484|368845
8708|TRUCK NOTE-BANK OF AMERICA|5908|0|5908|0|0|368852
8709|TRUCK NOTE-CHASE BANK|0|18288|2294|0|15994|368852
8710|First National Bank|0|250000|2801|0|247199|368859
8711|FORD CREDIT UNION|22315|0|7107|0|15208|368867
8717|NONE|0|0|0|0|0|368886
8718|NONE|0|0|0|0|0|368889
8719|Brien Motors|48999|20056|9484|0|59571|368890
8720|Electrical Workers 237 Inc.|22|0|0|22|0|368909
8721|Bank of America Line of Credit|84000|0|0|0|84000|368909
8722|NONE|0|0|0|0|0|368912
8723|UNON SAVINGS BANK|104568|0|104568|0|0|368922
8724|Rochester Carpenters Local 85|198915|99000|0|0|297915|368925
8725|Local #340 Impact Fund|0|12223|9508|0|2715|368933
8726|NONE|0|0|0|0|0|368934
8727|Loan Payable Chrysler Financial|14274|0|14274|0|0|368938
8728|Loan Payable Chrysler Financial|19252|0|3399|0|15853|368938
8729|Ford Credit|25081|0|6020|0|19061|368948
8730|Minnequa Works Fed Credit Union|28726|26646|25298|0|30074|368949
8731|S&T Bank Line of Credit|0|15324|7190|0|8134|368950
8732|Wachovia Margin Account|23411|50593|655|0|73349|368950
8733|GMAC Financing|111252|0|22251|0|89001|368950
8734|Line of Credit|350000|2245000|2330000|0|265000|369032
8735|Ohio Nurses Foundation|0|168744|168744|0|0|369032
8736|Long Term Debt|158330|0|60390|0|97940|369032
8737|NONE|0|0|0|0|0|369039
8738|Sun Trust Bank|0|75572|5000|0|70572|369041
8739|First Citizens Bank|0|45000|0|0|45000|369041
8740|GMAC FINANCIAL SERVICES|10403|0|4157|0|6246|369042
8741|JEFFREY J. BENAVIDEZ|11000|0|11000|0|0|369042
8744|GMAC|22356|0|2748|19608|0|369045
8745|Wachovia|3090658|0|578562|0|2512096|369045
8746|NONE|0|0|0|0|0|369051
8747|IUOE_Reserve Fund|197718|0|197718|0|0|369060
8748|Local 324 Bldg Corp|23549|23550|6823|40276|0|369060
8749|IUOE_General Fund|35276|0|0|35276|0|369060
8750|IUOE_Strike Fund|2546600|872860|0|0|3419460|369060
8751|Commerce Bank Line of Credit|73033|0|40086|0|32947|369071
8752|Automobile Loans|42918|0|3992|0|38926|369103
8753|LASALLE BANK|38724|82809|3533|0|118000|369105
8754|AMALGAMATED BANK|23200000|0|1650000|0|21550000|369107
8755|AMALGAMATED BANK|3800000|0|3600000|0|200000|369107
8756|Bank of Nashville|23189|0|9184|0|14005|369118
8757|Regions|68401|0|68401|0|0|369118
8758|Regions|870258|0|30154|0|840104|369118
8759|Regions|285245|0|41435|0|243810|369118
8760|F&M Bank|272888|0|42850|0|230038|369118
8761|Regions|0|49084|20000|0|29084|369118
8780|Canon Financial|5668|20250|6667|0|19251|369140
8781|FORD CREDIT|27681|0|6237|0|21444|369142
8782|FORD CREDIT|36236|0|6267|0|29969|369142
8783|FORD CREDIT|10489|0|2961|0|7528|369144
8784|BUILDING CONSTRUCTION LOAN|10693|0|10693|0|0|369146
8785|BUILDING IMPROVEMENT LOAN|4228|0|4228|0|0|369146
8786|VACATION LOAN PAYABLE|138099|0|14439|0|123660|369146
8787|CREDIT CARDS|9203|10179|9203|0|10179|369154
8788|NATIONAL CITY BANK - LOC|1118610|0|1118610|0|0|369155
8789|GMAC - AUTOMOBILE LOAN|22852|0|5501|0|17351|369170
8790|SDFF L145 DENTAL ACCT|80208|0|0|80208|0|369173
8791|Key Bank - 4901 Mayflower|251885|0|38700|0|213185|369174
8792|FIRST TENNESSEE BANK|6986|0|6986|0|0|369175
8793|BANCO POPULAR DE PR|1067081|122357|25323|0|1164115|369176
8794|COOP DE A&C BO. QUEBRADA|67020|0|2110|0|64910|369176
8795|KEY CORPORATE CAPITAL, INC.|4834|0|1114|0|3720|369189
8796|Intertel|23323|0|7224|0|16099|369194
8797|FORD MOTOR CREDIT CORP|13784|0|13784|0|0|369201
8798|SECURITY ONE CREDIT UNION|4454|0|4454|0|0|369201
8799|KEY BANK NATIONAL ASSOC|165205|0|8815|0|156390|369204
8807|n/a|0|0|0|0|0|369212
8810|AMALGAMATED BANK OF CHICAGO|0|11000000|9000000|0|2000000|369215
8811|FIRST TRADE UNION BANK|163135|0|13846|0|149289|369217
8812|CAPITAL LEASE PAYABLE|16127|0|3602|0|12525|369217
8813|First Trade Union Savings Bank|1282748|220560|1503308|0|0|369219
8816|PEC COLONIAL BANK|500000|0|150000|0|350000|369222
8825|NONE|0|0|0|0|0|369231
8826|None|0|0|0|0|0|369236
8827|CHASE AUTOMOTIVE|23189|0|3284|19905|0|369237
8828|FIFTH THIRD BANK AUTO LOAN|0|34031|4286|0|29745|369237
8829|Powernet Credit Union|43218|0|11150|0|32068|369239
8831|Auto Loans|34939|0|34939|0|0|369314
8832|VEHICLE LOAN|2049|0|2049|0|0|369322
8833|VEHICLE LOAN|7515|0|7515|0|0|369322
8834|VEHICLE LOAN|10334|0|7466|0|2868|369322
8835|National City Bank|345620|0|13786|0|331834|369326
8836|NONE|0|0|0|0|0|369330
8838|Detroit Federation of Teachers|54283|0|0|54283|0|369336
8839|NONE|0|0|0|0|0|369337
8840|BROTHERHOOD BANK|557632|0|24206|0|533426|369338
8841|Bank of America 1st Floor|294186|0|7514|0|286672|369395
8842|Bank of America 2nd Floor|1337492|0|35536|0|1301956|369395
8843|Bank of America Auto|0|116410|4139|0|112271|369395
9205|AUTO LOAN-CHASE|0|28735|958|0|27777|376517
8878|NONE|0|0|0|0|0|369583
8879|GMAC|24664|0|24664|0|0|369672
8880|Ford Motor Credit|15048|0|602|14446|0|369834
8881|BANK OF AMERICA|5227819|2652853|1014672|6866000|0|369836
8882|BANK OF AMERICA|3367800|0|3367800|0|0|369836
8883|MICROSOFT LEASING|5041|0|5041|0|0|369836
8884|NONE|0|0|0|0|0|369844
8886|ALTON ROUTE CREDIT UNION|19876|0|5790|0|14086|370016
8887|ALTON ROUTE CREDIT UNION|20722|0|4189|0|16533|370016
8888|ALTON ROUTE CREDIT UNION|0|24437|4359|0|20078|370016
8889|NONE|0|0|0|0|0|370020
8890|FIRST COLLINSVILLE BANK|36210|0|28923|0|7287|370086
8891|NONE|0|0|0|0|0|370167
8894|Gateway Metro Credit Union|0|22500|3125|0|19375|370436
8896|FORD CREDIT|15520|0|4001|0|11519|370537
8897|CHASE AUTO FINANCIAL|19315|0|4373|0|14942|370537
8908|First Trade Union Bank-Roof Loan|0|40000|3940|0|36060|370612
8909|NOTE PAYABLE|0|300000|0|0|300000|370627
8910|Fidelity Federal Bank - Mortgage|125519|0|13014|0|112505|370629
8911|Fidelity Federal Bank - Auto Loan|20758|0|5621|0|15137|370629
8912|DUE TO GMAC CREDIT CORP|1902|0|1902|0|0|370722
8913|DUE TO GMAC CREDIT CORP|25489|0|6093|0|19396|370722
8914|WILMINGTON TRUST COMPANY|587488|0|0|0|587488|370769
8915|FIRST BANK OF DELAWARE|694160|4805839|12887|0|5487112|370769
8916|FIRST BANK OF DELAWARE|0|788107|0|0|788107|370769
8917|SECURITY INSTRUMENT CORP|0|8000|0|0|8000|370769
8918|SINGER EQUIPMENT COMPANY|0|43595|0|0|43595|370769
8919|CONSTRUCTION LOAN|0|775057|0|0|775057|370769
8921|M & T|2782|258|496|250|2294|371034
8931|NONE|0|0|0|0|0|371147
8932|PROMERICA BANK|0|1150000|13754|0|1136246|371165
8933|BLDG TRADES FED CR UN|0|0|0|0|245582|371168
8934|Teamsters Local 20|396000|0|24663|371337|0|371253
8935|JPMorgan Chase|184418|0|77181|0|107237|371508
8936|INTERNATIONAL|4320000|0|1080000|0|3240000|371565
8939|Colonial Bank|407099|0|0|0|407099|371577
8940|HANCOCK LOC|43884|0|43884|0|0|371641
8949|WELLS FARGO LINE OF CREDIT|0|50000|50000|0|0|371693
8950|GMAC Credit Corp.|20110|0|4925|0|15185|371720
8951|GMAC Credit Corp.|0|23190|0|0|23190|371720
8952|Ford Motor Credit ($426.77)|0|21276|1487|0|19789|371830
8953|Ford Motor Credit ($428.58)|0|21366|1494|0|19872|371830
8954|Ford Credit ($339.26)|15606|0|15606|0|0|371830
8955|Ford Credit ($314.64)|14473|0|14473|0|0|371830
8958|None|0|0|0|0|0|372095
9324|Ford Moror Credit Corp.|20235|0|5781|0|14454|378614
8960|NONE|0|0|0|0|0|372108
8961|None|0|0|0|0|0|372111
8962|No Loans|0|0|0|0|0|372113
8963|PNC BANK NA|259617|0|15463|0|244154|372186
8964|NONE|0|0|0|0|0|372232
8965|Bank of Albuquerque|102812|0|7389|0|95423|372233
8966|GMAC Auto|6258|0|5373|0|885|372233
8967|Ford Motor Credit Taurus|9591|0|1773|0|7818|372233
8968|Ford Motor Credit Focus|12458|0|2303|0|10155|372233
8973|NONE|0|0|0|0|0|372249
8978|AMERICAN NATIONAL BANK|2357|0|2357|0|0|372364
8979|Mortgage payable Key Bank - Auburn Building|1730032|0|30828|0|1699204|372386
8982|NONE|0|0|0|0|0|372419
8983|COMERICA BANK|1354155|0|1354155|0|0|372424
8984|N/A|0|0|0|0|0|372428
8988|AUTO LOAN-KEY BANK|9296|0|9296|0|0|372450
8989|AUTO LOAN - NBT BANK|0|0|2266|0|17189|372450
8990|Chase Bank|1627623|0|288105|0|1339518|372456
8992|LIFE CREDIT UNION|77929|0|70465|0|7464|372458
8996|CWA MORTGAGE|158342|0|4896|0|153446|372833
8997|CWA AFL-CIO, CLC National Union|997987|0|19904|0|978083|372836
9000|Bank of America|1300000|2070000|3370000|0|0|372853
9001|Certificates payable|3350|0|0|0|3350|372884
9002|SOUTHSIDE BANK|10744|0|4780|0|5964|372907
9003|SOUTHSIDE BANK|16165|0|4925|0|11240|372907
9005|MACATAWA BANK|212867|0|25696|0|187171|372961
9006|CWA - National|56780|0|1568|0|55212|373005
9007|XEROX COPIER|985|0|985|0|0|373010
9008|Chrysler Financial|12111|0|12111|0|0|373022
9009|Armory Garage|0|12997|177|0|12820|373022
9011|Advanced Dues from National|15200|290000|304800|0|400|373029
9012|COMM WORKERS OF AMERICA|1005337|0|17275|0|988062|373033
9013|Mount Washington Bank|96018|0|17605|0|78413|373068
9014|CWA - To Construct Union Hall|17050|0|4500|0|12550|373069
9018|Wells Fargo computer system lease|2398|0|2398|0|0|373079
9020|Wells Fargo Financial|7133|0|3633|0|3500|373084
9029|CWA National office|14600|159880|174480|0|0|373096
9030|NONE|0|0|0|0|0|373101
9031|CITIZENS BANK|2291660|0|1048055|0|1243605|373104
9032|COMM WORKERS OF AMERICA|226660|0|5285|0|221375|373106
9033|AT&T PHONE CAPITAL LEASE|9242|0|9242|0|0|373110
9034|CWA|16127|0|16127|0|0|373111
9035|Ford Credit Company|33595|0|12131|0|21464|373117
9036|NAT'L BSKBALL PLAYERS ASSN|633281|366931|329957|0|670255|373122
9044|Promisory Note, 5.79%, due 12/15/2015|124919|0|14228|0|110691|373163
9045|Lori Hatfield - Expenses|0|3239|991|0|2248|373174
9046|NONE|0|0|0|0|0|373194
9047|International CWA|215374|0|215374|0|0|373222
9049|GMAC|90232|0|13695|3633|72904|373278
9050|CHASE AUTOMOTIVE FINANCE|18525|0|2613|7816|8096|373278
9051|CHRYSLER FINANCIAL|30804|0|4427|26377|0|373278
9206|Xerox|2253|0|2253|0|0|376521
9052|NISSAN MOTOR ACCEPTANCE|22605|18090|0|8261|32434|373278
9053|LINE OF CREDIT|0|10000|361|0|9639|373293
9054|CWA INTERNATIONAL|50626|0|8804|0|41822|373294
9055|SOUTHEAST FINANCIAL CU|0|10000|0|0|10000|373299
9056|CWA INTERNATIONAL|25235|0|25235|0|0|373313
9057|CWA INTERNATIONAL|194550|0|194550|0|0|373313
9058|UFT EDUCATIONAL FOUNDATION|1848931|0|1848931|0|0|373377
9059|EQUIPMENT LEASE - GMAC|2735711|0|2026617|0|709094|373377
9060|REVOLVING CREDIT LOAN - AMALGAMATED BANK|3000000|30000000|23000000|0|10000000|373377
9061|260 PARK AVENUE REALTY CORP.|41240957|0|33199|0|41233001|373377
9062|49 EAST 21 COMPANY, INC.|8433027|0|2500|0|8433027|373377
9063|CWA NATIONAL|257573|0|0|37010|220563|373517
9064|CHRYSLER FINANCIAL|12195|0|3078|0|9117|373517
9066|2270-019 Middletown Loans|1250|0|0|0|1250|373629
9067|2270-030 Scituate Loans|2950|0|0|0|2950|373629
9068|CWA National|380883|0|10160|0|370723|373680
9069|Capitalized equipment lease|7669|0|4995|0|2674|373846
9070|NONE|0|0|0|0|0|373847
9071|NONE|0|0|0|0|0|373848
9072|NYC DISTRICT COUNCIL|10000|0|0|0|10000|373903
9073|CWA-NATIONAL OFFICE|0|4000000|11448|0|3988552|373906
9074|WELLS FARGO BANK|3666888|0|3666888|0|0|373906
9075|SBC CPAITAL SERVICE - 1|32710|0|10339|0|22371|373906
9076|SBC CAPITAL SERVICE - 2|19099|0|4875|0|14224|373906
9077|Note Payable-CWA International|7623|0|1838|0|5785|373907
9099|C.W.A. AFL-CIO NAT'L UNION|227604|0|24035|0|203569|373948
9100|BLDG.TRDS.FCU - LINE OF CR.|319469|0|33446|0|286023|373948
9101|BLDG.TRDS.FCU - AUTO LOAN|17173|0|3252|0|13921|373948
9102|BLDG.TRDS.FCU - AUTO LOAN|17163|0|2877|0|14286|373948
9103|BLDG.TRDS.FCU - AUTO LOAN|18111|0|3412|0|14699|373948
9104|BLDG.TRDS.FCU - AUTO LOAN|18269|0|3043|0|15226|373948
9105|BLDG.TRDS.FCU - AUTO LOAN|18269|0|3043|0|15226|373948
9106|BLDG.TRDS.FCU - AUTO LOAN|18119|0|3020|0|15099|373948
9107|BLDG.TRDS.FCU - AUTO LOAN|16077|0|2868|0|13209|373948
9108|BLDG.TRDS.FCU - AUTO LOAN|18985|0|3038|0|15947|373948
9109|BLDG.TRDS.FCU - AUTO LOAN|0|55000|2269|0|52731|373948
9111|NA|0|0|0|0|0|374059
9135|NONE|0|0|0|0|0|374069
9137|Ford Credit|34416|0|5070|0|29346|374204
9138|Chrysler Motor Credit|13822|0|0|13822|0|374373
9139|AFFILIATED LOCAL UNION|0|18500|0|0|18500|374416
9141|CWA NATIONAL|270838|0|64240|0|206598|374471
9142|GMAC|16628|0|8165|0|8463|374473
9143|GMAC|17381|0|10314|0|7067|374473
9144|GMAC|20819|0|12724|0|8095|374473
9145|NONE|0|0|0|0|0|374499
9146|FORD MOTOR CREDIT|5369|0|5369|0|0|374608
9147|Bank of Pensacola|20889|0|6212|0|14677|374677
9148|Plumb & Steam. Local 366 JAC|0|60000|0|0|60000|374677
9149|UNITE HERE INT'L UNION|479941|0|62220|417721|0|374679
9161|AUTOMOBILE LOAN|7153|0|7153|0|0|374692
9162|AUTOMOBILE LOAN|12946|0|975|11971|0|374692
9163|AUTOMOBILE LOAN|25889|0|3342|22547|0|374692
9164|N/A|10502|0|10502|0|0|374695
9165|NONE|0|0|0|0|0|374699
9169|NOTE PAYABLE AFL-CIO|33320|0|14320|0|19000|374809
9170|SOVEREIGN BANK|219000|1400000|0|0|1619000|374822
9178|Fraernal Order IBEW Local 199|37350|0|1750|0|35600|375006
9180|FORD CREDIT|25327|0|9977|0|15350|375011
9181|FORD CREDIT|23008|0|8367|0|14641|375011
9182|DISTRICT 7 STRIKE FUND|49996|0|0|0|49996|375438
9183|Labor Organization IAM LLG 1245|46320|0|16648|0|30980|375641
9184|GMC Marketing|20226|0|20226|0|0|375679
9185|Boston Private Bank and Trust|2000000|0|2000000|0|0|375681
9186|Service Employees Int'l Union|588056|0|588056|0|0|375681
9187|Cambridge Savings Bank|0|4000000|23056|0|3976944|375681
9188|Service Employees Int'l Union|0|2798845|199920|0|2598925|375681
9189|Demand loan|200|0|0|200|0|375742
9207|Wells Fargo Leasing|10885|0|9269|0|1616|376573
9208|FORD MOTOR CREDIT|24098|0|4249|0|19849|376574
9209|GMAC CREDIT|21901|0|3290|0|18611|376574
9210|WELLS FARGO BUSINESS CARD|0|18439|10272|0|8167|376638
9211|Prod Service and Sales Dist Cncl.|0|1500|0|0|1500|376641
9212|Prod Svce & Sales|0|2500|2500|0|0|376642
9213|NONE|0|0|0|0|0|376652
9214|COMMERCE BANK|21664|0|6039|0|15625|376657
9215|GMAC|22237|0|0|22237|0|376660
9216|First Hawaiian Bank|124921|0|7956|0|116965|376664
9217|N/A|0|0|0|0|0|376665
9218|BB&T|312592|0|312592|0|0|376798
9219|FORD MOTOR CREDIT|1340|0|1340|0|0|376798
9222|AMERICAN NATIONAL BANK|470964|0|18766|0|452198|376812
9223|Due to Plan de Bienestar|138827|0|21069|80063|37665|376815
9224|KEY BANK - CREDIT CARD|13089|9607|22696|0|0|376953
9225|AMERICAN EXPRESS - DELTA|11840|3667|15528|0|0|376953
9226|AMERICAN EXPRESS|577|83|660|0|0|376953
9228|UNION BUILDING CORP|31764|0|31764|0|0|377107
9229|NONE|0|0|0|0|0|377108
9232|OPEIU Pension Fund|5000|0|5000|0|0|377196
9233|LOAN FOR BUILDING|280000|0|0|0|280000|377199
9237|None|0|0|0|0|0|377276
9238|NONE|0|0|0|0|0|377291
9239|NO LOANS PAYABLE|0|0|0|0|0|377337
9240|Vehicle Loan|845|0|845|0|0|377381
9241|AUTO LOAN-LYON FIN'L|0|5000|762|0|4238|377420
9242|NONE|0|0|0|0|0|377421
9243|Noe|0|0|0|0|0|377426
9244|Line of Credit - US Bank|300|0|300|0|0|377430
9245|AT&T CAPITAL SERVICES, INC.|672|0|672|0|0|377441
9246|TEAMSTERS CREDIT UNION|0|7000|186|0|6814|377441
9247|Trustmark National Bank|3155|0|3155|0|0|377453
9249|BUSINESS PARTNERS LLC|2649376|0|147256|0|2502120|377519
9250|GMAC|7272|0|7272|0|0|377520
9259|NONE|0|0|0|0|0|377543
9260|NONE|0|0|0|0|0|377549
9261|none|0|0|0|0|0|377551
9262|NONE|0|0|0|0|0|377560
9267|NONE|0|0|0|0|0|377568
9268|UNION BANK OF ELGIN|267745|0|162510|0|105235|377572
9269|GMAC|0|18854|2980|0|15874|377572
9274|NONE|0|0|0|0|0|377906
9275|None|0|0|0|0|0|377907
9276|WESTMARK CU - 07 FORD|13689|0|4050|0|9639|377941
9277|ID CENTRAL CU - 07 BUICK|18087|0|3502|0|14585|377941
9278|Compass Bank|68326|0|12127|0|56127|377959
9279|AUTO LOAN-BUS. VEHICLE FIN|11959|0|5315|0|6644|378084
9280|AUTO LOAN-BUS. VEHICLE FIN|19583|0|5000|0|14583|378084
9281|AUTO LOAN-BUS. VEHICLE FIN|16691|0|3454|0|13237|378084
9282|AUTO LOAN-BUS. VEHICLE FIN|17293|0|3459|0|13834|378084
9283|AUTO LOAN-LYON FIN'L|0|34241|1140|0|33101|378084
9284|CHRYSLER FINANCIAL|0|15000|4583|0|10417|378087
9285|FIFTH THIRD BANK|0|17085|1201|0|15884|378087
9286|MAIN SOURCE BANK|130226|0|132452|0|0|378124
9287|NONE|0|0|0|0|0|378221
9288|OPEIU International|408947|0|64978|0|343969|378306
9289|NONE|0|0|0|0|0|378308
9290|NONE|0|0|0|0|0|378329
9291|BEACON FEDERAL CREDIT UNION|13070|0|3847|0|9223|378334
9292|1ST SECURITY BANK OF WA|219094|0|32010|0|187084|378389
9293|PIERCE TRANSIT PAYABLE-NET CHANGE|0|4738|0|0|4738|378389
9294|CREDIT CARDS-NET CHANGE|0|1431|0|0|1431|378389
9295|Bank of America|83148|0|5176|0|77972|378393
9296|GMAC AUTO LOAN|12832|0|3539|0|9293|378396
9297|GMAC AUTO LOAN|9136|0|1692|0|7444|378396
9298|GMAC-9277|9754|0|6809|2945|0|378397
9299|GMAC-9724|9501|0|7756|1745|0|378397
9300|GMAC-9611|8656|0|5156|3500|0|378397
9301|GMAC-5008|15035|0|4696|0|10339|378397
9302|GMAC-9954|13096|0|9942|0|7850|378397
9303|GMAC-6067|13949|0|5587|0|8362|378397
9304|GMAC-5871|22436|0|3616|0|18820|378397
9305|GMAC-2954|0|20582|1249|0|19333|378397
9306|GMAC-2399|0|20804|1295|0|19509|378397
9307|GMAC-5962|0|21870|1359|0|20511|378397
9308|AUTOMOBILE LOAN|26408|0|9903|0|16505|378398
9309|LOAN FROM DISTRICT COUNCIL|40592|0|17482|0|23110|378398
9311|National City Band|1000000|0|1000000|0|0|378494
9726|N/A|0|0|0|0|0|381771
9312|OLD SECOND NATIONAL BANK|1874020|0|148403|0|1725617|378501
9313|Quad City Bank & Trust|39532|0|8057|0|31475|378521
9314|NONE|0|0|0|0|0|378547
9321|NONE|0|0|0|0|0|378580
9322|Ford Moror Credit Corp.|5303|0|5303|0|0|378614
9323|Ford Moror Credit Corp.|5131|0|5131|0|0|378614
9675|WELLS FARGO|0|160000|9894|0|150106|381068
9326|OPEIU International|33000|0|18000|0|15000|378627
9328|Teamsters Credit Union|0|13429|3757|0|9672|378676
9329|None|0|0|0|0|0|378682
9330|J.P. Morgan Chase|503095|0|503095|0|0|378725
9331|Bank of America|118443|0|3456|0|114987|378764
9333|USW International Union|291000|0|0|60000|231000|378770
9334|Edward D Jones|0|39040|1649|0|37391|378780
9335|FORD MOTOR CREDIT CO.|13301|0|6703|6598|0|378834
9336|N/A|0|0|0|0|0|378854
9337|MARLIN LEASING|12190|0|6178|0|6012|378867
9338|MAILROOM CONSULTANTS|9602|0|2670|0|6932|378867
9339|IKON FINANCIAL SERVICES|10820|0|2469|0|8351|378867
9340|IBT|7666|0|7666|0|0|378874
9341|SUSQUEHANNA BANK|23274|0|4415|0|18859|378965
9342|Notes Payable-Autos|112789|52754|56929|0|108614|378967
9343|Colliers Dickinson|0|5400|950|0|4450|378973
9344|NONE|0|0|0|0|0|378999
9345|GMAC|32645|0|6995|0|25650|379027
9346|GMAC|18227|0|7104|0|11123|379027
9347|None|0|0|0|0|0|379033
9348|GMAC|20549|0|5677|0|14872|379043
9349|GMAC|14644|0|3292|0|11352|379043
9350|GMAC|0|33724|6183|0|27541|379043
9351|none|0|0|0|0|0|379044
9352|Capital Lease Obligation|13862|38443|0|9694|28749|379048
9353|SMITH BARNEY CREDIT LINE|5156000|0|4097947|0|1058053|379055
9354|HUNTINGTON BANK|1216|0|1216|0|0|379096
9355|HUNTINGTON BANK|0|22176|1409|0|20767|379096
9358|BB&T|0|15000|3156|0|11844|379112
9360|Desert Energy Fed Credit Union|0|25757|21827|0|3930|379168
9361|NONE|0|0|0|0|0|379188
9362|DCS TRUCK FINANCE|6579|0|6579|0|0|379206
9363|DCS TRUCK FINANCE|10139|0|4294|0|5845|379206
9364|DCS TRUCK FINANCE|12574|0|4447|0|8127|379206
9365|DCS TRUCK FINANCE|20836|0|6658|0|14178|379206
9366|DCS TRUCK FINANCE|17032|0|5635|0|11397|379206
9367|DCS TRUCK FINANCE|31342|0|6600|0|24742|379206
9368|LYON FINANCIAL SERVICES|0|15793|1167|0|14626|379206
9369|CITIZENS BANK|366587|0|10932|0|355655|379206
9370|UNION SAVINGS BANK|413877|0|10339|0|403538|379220
9371|UNITED FOOD AND COMMERCIAL WORKER'S INTERNATIONAL|146415|0|36000|0|110415|379220
9372|DELL|1162|0|1162|0|0|379220
9373|GMAC Credit|23368|0|5848|0|17520|379239
9376|VEHICLE PURCHASE LOAN|0|11833|0|0|11833|379324
9377|OPEIU (PARENT)|36667|0|20000|0|16667|379379
9378|UNION YES CREDIT UNION|17984|0|17984|0|0|379379
9379|UNION YES CREDIT UNION|0|0|10657|0|0|379379
9380|(SEE EXPLANATION ON PG. 32)|0|0|0|0|0|379379
9381|NONE|0|0|0|0|0|379381
9382|NONE|0|0|0|0|0|379382
9386|UNITE HERE INTL. LOAN|299300|0|82500|0|216800|379405
9388|PTDC 36 JT LABOR MGMT|525000|0|265120|0|259880|379412
9389|Building Mortgage|619425|0|431372|0|188053|379414
9390|Ford Credit|18020|0|5101|0|12919|379427
9391|Ford Credit|12379|0|4514|7865|0|379427
9392|Bank Of America|13145|0|4262|0|8883|379427
9393|Ford Credit|15976|0|4021|0|11955|379427
9394|Chase Automotive Finance|17283|0|3695|0|13588|379427
9395|Ford Credit|0|20121|0|0|20121|379427
9396|BANK OF EDWARDSVILLE|13521|0|9448|0|4073|379429
9397|GENERAL MOTORS ACCEPTANCE|38681|0|16467|0|22214|379430
9398|FORD MOTOR CREDIT|15921|0|6230|0|9691|379430
9399|TD Bank|0|18350|0|0|18350|379435
9400|GMAC|18024|0|18024|0|0|379436
9401|Ford Credit|0|15331|15331|0|0|379436
9402|FORD CREDIT|0|55070|6354|0|48716|379444
9403|Huntington National Bank|13071|0|13071|0|0|379449
9404|NONE|0|0|0|0|0|379454
9405|Office & Professional Employees International Unio|42000|0|21000|0|21000|379459
9406|FORD CREDIT|16300|0|4504|0|11796|379461
9407|United Bank, Inc.|56018|0|4170|0|51848|379477
9408|CHASE AUTO FINANCE|1740|0|1740|0|0|379480
9409|GMAC|0|18100|1350|0|16750|379480
9410|SAN DIEGO COUNTY CREDIT UNION|15607|0|5818|0|9789|379488
9411|AMALGAMATED BANK OF NY|68250|34552|31269|0|71533|379489
9412|CHASE AUTO FINANCE|12031|0|6631|0|5400|379492
9413|Arvest Bank|302259|0|37506|0|264753|379494
9414|IAMAW GRAND LODGE|9350|0|1500|0|7850|379503
9415|Sovereign Bank - Auto Loan|6256|0|6256|0|0|379508
9416|Chrysler Credit|0|27821|2501|0|25320|379508
9417|CHRYSLER FINANCIAL|650|0|650|0|0|379605
9418|FORD MOTOR CREDIT|3352|0|3352|0|0|379605
9419|FORD MOTOR CREDIT|3593|0|3593|0|0|379605
9420|FORD MOTOR CREDIT|3892|0|3892|0|0|379605
9421|FORD MOTOR CREDIT|5518|0|5518|0|0|379605
9422|GMAC|14795|0|8820|0|5975|379605
9423|GMAC|17648|0|9386|0|8262|379605
9424|CHRYSLER FINANCIAL|17871|0|7553|0|10318|379605
9425|GMAC|20834|0|5514|0|15320|379605
9426|CHRYSLER FINANCIAL|26892|0|7206|0|19686|379605
9427|CHRYSLER FINANCIAL|28618|0|6216|0|22402|379605
9428|CHRYSLER FINANCIAL|30473|0|5643|0|24830|379605
9429|GMAC|0|35561|3704|0|31857|379605
9430|GMAC|0|31814|7771|0|24043|379605
9431|GMAC|0|18273|2817|0|15456|379605
9432|NONE|0|0|0|0|0|379629
9433|NONE|0|0|0|0|0|379657
9434|NE TEAMSTERS FCU|2459|0|2459|0|0|379670
9435|FORD CREDIT|2799|0|2799|0|0|379670
9436|NONE|0|0|0|0|0|379673
9437|GREAT AMERICAN LEASING CO|5620|0|1528|0|4092|379678
9438|Laborers' Int'l Union of North America|0|0|0|0|0|379686
9441|Hometown Bank|208529|0|11263|0|197266|379722
9442|LOCAL #532 BUILDING CORPORATION|24976|0|0|0|24976|379754
9443|COUNTY SAVINGS BANK|5849|0|5758|0|0|379764
9444|NOTE PAYABLE-FORD CREDIT|13771|0|2664|0|11107|379833
9445|M & T BANK|37500|0|15000|0|22500|379874
9446|INTERNATIONAL BROTHERHOOD OF TEAMSTERS|0|120000|3536|0|116464|379926
9447|GMAC|0|24490|2000|0|22490|379944
9450|NONE|0|0|0|0|0|379966
9451|Ford Credit #1|21187|0|7704|0|13483|380014
9452|Ford Credit #2|34191|0|12433|0|21758|380014
9453|Ford Credit #3|25772|0|9372|0|16400|380014
9454|Ford Credit #4|28484|0|9698|0|18786|380014
9455|JPMorganChase|183236|0|60049|0|123187|380020
9456|Citizens Bank|80000|0|40000|0|40000|380022
9457|Citizens Bank|187439|0|187439|0|0|380022
9458|JP Morgan Chase|23322|0|23322|0|0|380022
9459|GMAC|7619|0|5669|0|1950|380022
9460|Bank of America|8966|0|6043|0|2923|380022
9461|GMAC|11460|0|5282|0|6178|380022
9462|GMAC|28644|0|7026|0|21618|380022
9463|GMAC|32793|0|8043|0|24750|380022
9464|GMAC|14822|0|6473|0|8349|380022
9465|Bank of America|0|29442|5378|0|24064|380022
9466|Bank of America|0|29386|5368|0|24018|380022
9467|Bank of America|0|18755|417|0|18338|380022
9468|CENTRAL BANK|29915|0|10060|0|19855|380023
9469|CENTRAL BANK|15439|0|3907|0|11532|380023
9470|SUFFOLK COUNTY NAT'L BANK|3466|0|3466|0|0|380026
9471|SUFFOLK COUNTY NAT'L BANK|5585|0|5585|0|0|380026
9472|FORD MOTOR CREDIT|0|26193|1841|0|24352|380026
9473|FORD MOTOR CREDIT|0|26193|1841|0|24352|380026
9474|GMAC BANK|0|28414|5093|0|23321|380026
9475|NONE|0|0|0|0|0|380048
9476|GMAC|30639|0|30639|0|0|380050
9479|NONE|0|0|0|0|0|380061
9481|NONE|0|0|0|0|0|380110
9483|NONE|0|0|0|0|0|380122
9484|BRIDGEWATER CREDIT UNION|0|20845|4353|0|16492|380125
9485|BRIDGEWATER CREDIT UNION|0|18712|3908|0|14804|380125
9486|BRIDGEWATER CREDIT UNION|0|19924|1554|0|18370|380125
9487|BRIDGEWATER CREDIT UNION|0|21789|1699|0|20090|380125
9488|BRIDGEWATER CREDIT UNION|0|20212|1577|0|18635|380125
9490|IBT|110000|0|0|0|110000|380140
9491|FORD MOTOR COMPANY|61378|0|14896|0|46482|380140
9492|MORTGAGE PAYALE|446102|0|11393|0|434709|380147
9493|Hometown National Bank|212795|9522|26717|0|195600|380149
9494|COMERICA BANK|3117683|0|255064|0|2862619|380198
9495|COMERICA BANK|1021500|0|377976|0|643524|380198
9496|COMERICA BANK|929707|0|148280|0|781427|380198
9557|NE TEAMSTERS FCU|60541|0|52218|0|8323|380333
9558|SOVEREIGN BANK|0|18356|1417|0|16939|380333
9559|GMAC|25490|0|349|25141|0|380357
9560|NONE|0|0|0|0|0|380375
9561|NONE|0|0|0|0|0|380385
9562|GENERAL MOTORS ACCEPTANCE|31715|0|8376|0|23339|380387
9563|LANKFORD BUICK|8356|0|0|8356|0|380393
9564|CHASE AUTO FINANCE|19432|0|2857|16575|0|380393
9565|CHASE AUTO FINANCE|19434|0|5833|0|13601|380393
9566|GMAC|0|26080|4064|0|22016|380393
9567|GMAC|0|43407|3015|0|40392|380393
9568|First National Community Bank|10400|0|10400|0|0|380396
9569|First National Community Bank|14663|0|14663|0|0|380396
9570|First National Community Bank|0|0|3354|0|8096|380396
9571|First National Community Bank|0|0|6788|0|17212|380396
9620|NONE|0|0|0|0|0|380449
9621|GMAC|3925|0|969|0|2956|380458
9622|NONE|0|0|0|0|0|380469
9623|NONE|0|0|0|0|0|380475
9624|TEAMSTERS CREDIT UNION|84362|0|21005|0|63357|380476
9625|TEAMSTERS CREDIT UNION|27640|0|6570|0|21070|380476
9626|FORD MOTOR CREDIT|32868|0|8963|0|23905|380476
9627|FORD MOTOR CREDIT|32560|0|8880|0|23680|380476
9629|CHASE|0|17427|0|0|17427|380549
9630|COMMERCE BANK|0|200000|0|0|200000|380549
9631|COMMERCE BANK|0|182005|0|0|182005|380549
9632|LOCAL 101 APPRENTICESHIP FUND|0|50000|0|0|50000|380549
9633|None|0|0|0|0|0|380564
9634|GMAC|50660|0|23342|0|27318|380578
9635|FIRST FINANCIAL BANK|28539|0|14470|0|14069|380578
9636|NONE|0|0|0|0|0|380592
9637|Ford Credit Corp.|138709|0|26415|31725|80569|380748
9638|United Union of Roofers Trusteeship|73041|0|24000|0|49041|380748
9639|GMAC|0|63000|8400|0|54600|380748
9640|BUILDING ASSOCIATION|12000|0|12000|0|0|380759
9641|OHIO TEAMSTERS CREDIT UNION|94734|0|22768|0|71966|380800
9643|GMAC|5856|0|5856|0|0|380850
9644|GMAC|23937|0|5365|0|18572|380850
9646|FORD MOTOR CREDIT|25822|29302|8784|0|46340|380889
9647|TD BANK NORTH, N.A|31477|0|5857|0|25620|380889
9648|HERE I.U. LOAN|48311|0|4800|0|43511|380890
9649|CAPITAL LEASE PAYABLE|6422|0|2551|0|3871|380941
9650|DATAMAX|1389|0|1389|0|0|380949
9651|Commerce Bank|50050|0|50050|0|0|380950
9652|CapitalOne|19093|0|5756|0|13337|380953
9653|GMAC FINANCIAL SERVICES|4485|0|4485|0|0|380960
9658|NONE|0|0|0|0|0|380973
9659|OPCMIA INT'L UNION|100000|0|0|0|100000|380974
9660|Bank of Nevada|593264|0|593264|0|0|380981
9661|InterTel Telephone Leases|18894|7334|11447|0|14781|380982
9662|GCM FEDERAL CREDIT UNION|15070|0|3088|0|11982|380989
9663|TCW&H LOCAL 585 FCU|1589|0|1589|0|0|380991
9664|LOAN PAYABLE - ROOF|0|80000|6667|0|73333|380992
9665|CAPITAL LEASE - TELEPHONE|5678|0|2095|0|3583|380992
9666|SOVEREIGN BANK|0|25106|2222|0|22884|380993
9667|NONE|0|0|0|0|0|381003
9668|Note Payable Financial Inst|4678|0|4678|0|0|381036
9669|Note Payable Financial Inst|8694|0|8694|0|0|381036
9670|NONE|0|0|0|0|0|381058
9671|SPRINGFIELD MUNICIPAL CU|6441|0|6441|0|0|381064
9673|GMAC|15192|0|15192|0|0|381066
9674|BANK OF COLORADO|286702|0|286702|0|0|381068
9961|MERRILL LYNCH|491000|0|0|0|491000|383586
9677|NONE|0|0|0|0|0|381075
9678|QUEEN CITY FED'L SAVINGS|216808|0|7780|0|209028|381091
9679|DUE TO BACONEF PROPERTIES|170000|56000|0|0|226000|381102
9680|Chase Automobile Finance|3895|0|3895|0|0|381112
9833|N/A|0|0|0|0|0|382616
9681|Chase Automobile Finance|3444|0|3444|0|0|381112
9682|General Motors Acceptance Corp|10440|0|6264|0|4176|381112
9684|CAPITAL LEASE OBLIGATION|0|4253|644|0|3609|381122
9686|NONE|0|0|0|0|0|381128
9687|THE CIT GROUP|7418|0|1339|0|6079|381191
9688|MINOLTA KONICA COPIER|6790|0|2589|0|4201|381244
9689|NEIGHBORHOOD CREDIT UNION|453917|0|26812|0|427105|381305
9691|NONE|0|0|0|0|0|381354
9693|NONE|0|0|0|0|0|381383
9694|SEAFARERS INT'L UNION  OF N.A. AGLIWD|550000|73216|10000|0|613216|381403
9695|CHASE MANHATTAN|5862|0|5862|0|0|381408
9696|Auto loans payable|72553|42439|24845|0|90147|381415
9701|Seafarers Int'l Union of N.A. AGLIWD|1500000|0|234361|0|1265639|381455
9704|AUTO LOAN|800|0|800|0|0|381461
9705|TRUCK LOAN|0|27562|1599|0|25963|381461
9707|Ford Credit|45586|0|17063|0|28523|381525
9708|SEIU INTERNATIONAL - CAPITAL|576500|0|75000|0|501500|381540
9709|DELL|29081|87006|24413|0|91674|381540
9710|AVAYA|24346|49551|6692|0|67205|381540
9711|GMAC|16267|0|8134|0|8133|381542
9712|GMAC|18326|0|8458|0|9868|381542
9713|none|0|0|0|0|0|381543
9714|UFCW IU - PCT LOAN|858710|0|270000|0|588710|381544
9715|UFCW IU - PCT LOAN|58000|0|58000|0|0|381544
9716|HomeStreet|0|400000|633|0|399367|381555
9717|NONE|0|0|0|0|0|381560
9718|CAPITAL LEASE OBLIGATION|40841|0|6751|0|34090|381562
9719|NONE|0|0|0|0|0|381565
9720|GMAC|46945|0|46945|0|0|381566
9721|GMAC|18783|0|11449|0|7334|381566
9722|COMERICA|1163211|0|40348|0|1122863|381566
9723|MOGAN STANLEY|308|0|308|0|0|381570
9724|CITY NATIONAL BANK|1500000|0|1200000|0|300000|381579
9725|NONE|0|0|0|0|0|381762
9727|NONE|0|0|0|0|0|381790
9728|FORD AUTO LOAN|21272|0|8529|0|12743|381801
9729|FORD MOTOR CREDIT COMPANY|178136|0|107007|0|71129|381822
9732|Ford Motor Credit|23446|0|11118|0|12328|381831
9733|NONE|0|0|0|0|0|381845
9734|LOAN INTERNATIONAL|24271|0|22271|0|2000|381854
9735|UNION BUILDING CORP|54873|0|31882|0|22991|381856
9736|FORD MOTOR CREDIT|18341|0|9035|0|9306|381870
9737|FORD MOTOR CREDIT|23019|0|10231|0|12788|381870
9738|FORD MOTOR CREDIT|21977|0|9768|0|12209|381870
9739|FORD MOTOR CREDIT|0|26974|2681|0|24293|381870
9740|GMAC|0|49625|49625|0|0|381870
9741|TWU OF AMERICA|0|40000|1433|0|38567|381872
9742|NONE|0|0|0|0|0|381883
9743|Fifth Third Bank|28639|0|11794|0|18459|381888
9744|NONE|0|0|0|0|0|381890
9745|VEHICLE LOANS|15005|0|15005|0|0|381898
9748|US BANK|17405|0|17405|0|0|381926
9749|CHASE BANK|14374|0|14374|0|0|381941
9750|CHRYSLER FINANCIAL|10385|0|10385|0|0|381941
9751|NONE|0|0|0|0|0|381962
9755|GMAC|5172|0|5172|0|0|382052
9756|FORD CREDIT|15916|0|6159|9757|0|382128
9757|DELAGE LANDEN|10579|0|1977|0|8602|382133
9758|DARRELL & ANNA FISHER|75315|0|6007|0|69308|382133
9759|FORD MOTOR CREDIT|1991|0|1991|0|0|382183
9760|FORD MOTOR CREDIT|0|9760|9760|0|0|382183
9761|FORD MOTOR CREDIT|0|8002|8002|0|0|382183
9762|FORD MOTOR CREDIT|17934|0|5608|0|12326|382192
9763|GMAC|15172|0|15172|0|0|382211
9764|CHRYSLER FINANCIAL|24766|0|5348|0|19418|382214
9765|CIT FINANCIAL|0|8023|3788|0|4235|382214
9766|SMW 19 VIRIVA CREDIT UNION|92308|0|92308|0|0|382221
9767|National City Bank|207402|49548|9596|0|247354|382224
9768|National City Bank|49548|0|49548|0|0|382224
9769|Roofers International|30000|0|30000|0|0|382224
9770|NONE|0|0|0|0|0|382226
9771|BANK OF EDWARDSVILLE|284526|0|229526|0|55000|382227
9772|GMAC|3006|0|3006|0|0|382231
9773|DAIMLER CHRYSLER|22022|0|8276|0|13746|382231
9774|LOCAL 25 I. B. OF T.|2104|0|2104|0|0|382231
9775|FORD MOTOR CREDIT CORP|77578|0|21649|0|55929|382241
9776|NONE|0|0|0|0|0|382244
9777|Vehicle loans|35910|0|19926|0|15984|382245
9778|Computer equipment lease|17629|0|17629|0|0|382245
9779|FORD MOTOR CREDIT|22872|0|5727|0|17145|382260
9780|XEROX|113757|0|33595|80162|0|382263
9781|NONE|0|0|0|0|0|382266
9782|GMAC|18926|0|6591|0|12335|382268
9783|Chrysler Financial|22656|0|6631|0|16025|382268
9785|REGIONS BANK|11502|24000|11502|0|24000|382270
9786|DISCOVERY BANK-MORTGAGE|353503|0|185165|0|168338|382281
9787|KEARNY MESA FORD|7338|0|7338|0|0|382281
9789|Gulf Credit Union|0|15000|12478|0|2522|382300
9790|NONE|0|0|0|0|0|382302
9791|GMAC|0|23331|23331|0|0|382307
9793|US BANK - CAPITAL LEASE|13060|0|3667|0|9393|382319
9794|NONE|0|0|0|0|0|382329
9795|AUTOMOBILE|4531|0|4531|0|0|382353
9796|San Francisco Federal Credit Union|0|100000|100000|0|0|382354
9798|Ford Credit|25546|0|6560|0|18986|382360
9799|GMAC|0|24445|1955|0|22490|382360
9800|CORNERSTONE COMMUNITY BANK|24748|0|24748|0|0|382367
9801|Bank of American Credit Card|3800|1098|0|0|4898|382376
9802|Ford Motor Credit LN#4203|17855|0|4734|0|13121|382376
9803|Ford Motor Credit LN#2390|17630|0|4702|0|12928|382376
9804|GMAC LN#9133|20362|0|2648|0|17714|382376
9805|Ford Credit|10695|0|6622|0|4073|382394
9806|HP Computers|17838|0|14113|0|3725|382394
9807|FORD MOTOR CORP.|4966|25159|11906|0|18219|382436
9808|INTERNATIONAL UNION|0|12500|0|0|12500|382441
9809|WACHOVIA BANK|449974|0|0|449974|0|382453
9810|M&T BANK|0|500000|33333|0|466667|382457
9811|GMAC|26135|0|4063|0|22072|382473
9812|Columbia Bank & Trust Construction Loan|41611|0|41611|0|0|382480
9813|Columbia Bank & Trust Construction Loan|65309|0|65309|0|0|382480
9814|Car Loan|0|18200|18200|0|0|382480
9815|Columbia Bank & Trust|0|341228|0|0|341228|382480
9816|Construction Cost Payable|0|200209|0|0|200209|382480
9817|NONE|0|0|0|0|0|382507
9818|NONE|0|0|0|0|0|382513
9820|POPULAR AUTO|10194|0|8702|0|1492|382519
9821|POPULAR LEASING|13200|0|8722|4478|0|382519
9822|NONE|0|0|0|0|0|382528
9823|Mortgage on 81 East Little Canada Rd|562718|0|375530|0|187188|382533
9825|GMAC Notes|146807|0|100197|0|46610|382587
9826|Barksdale Federal Credit Union|738|0|738|0|0|382591
9827|NONE|0|0|0|0|0|382592
9828|National Office|142209|0|28600|0|113609|382601
9829|LOCAL 92 CREDIT UNION|48542|0|11324|0|37218|382602
9831|GMAC|0|22301|1239|0|21062|382614
9832|GMAC|0|21968|1220|0|20748|382614
9834|GMAC|39685|0|11082|0|28603|382646
9835|IA Local 45|130913|0|2654|0|128259|382650
9836|NONE|0|0|0|0|0|382661
9837|AUTOMOBILE LOAN|0|22547|3753|0|18794|382662
9839|NONE|0|0|0|0|0|382668
9842|Loan from IBT|0|377306|157211|0|220095|382709
9844|AFSCME LOCAL 88|13889|50000|16667|0|47222|382723
9845|AFSCME LOCL 189|16667|200000|20000|0|196667|382723
9846|AFSCME LOCAL 328|16667|250000|20000|0|246667|382723
9847|LINE OF CREDIT|105015|1208480|1285179|0|28316|382723
9848|AFSCME LOCAL 1724|5555|0|5555|0|0|382723
9849|AFSCME LOCAL 3336|3333|0|3333|0|0|382723
9851|GMAC|10712|0|9888|0|824|382729
9852|NONE|0|0|0|0|0|382740
9853|MN BUILDING TRADES FCU|0|18000|680|0|17320|382743
9854|Signature Bank|1248|0|1248|0|0|382753
9855|GLENS FALLS NATIONAL BANK|170499|0|10649|0|159850|382755
9856|TWU International|20000|0|0|0|20000|382768
9859|AMLGAMATED BANK|3408183|283006|46112|0|3645077|382783
9861|WELLS FARGO BANK NA|414902|0|171369|0|243533|382794
9863|GRANDBRIDGE|1009567|0|109567|0|900000|382842
9864|FORD MOTOR CORP.|61453|27935|41078|0|48310|382861
9865|Int'l Brotherhood of Teamsters|275608|0|231884|0|43724|382883
9866|Citizen's Bank|85278|0|8890|0|76388|382896
9867|Chrysler Financial|12179|0|12179|0|0|382896
9868|HUNTINGTON NATIONAL BANK|2523203|0|106705|0|2416498|382903
9869|NONE|0|0|0|0|0|382905
9870|FORD MOTOR CREDIT|11079|0|3997|0|7082|382912
9871|NONE|0|0|0|0|0|382914
9874|BENEFICIAL SAVINGS BANK|11097|0|7702|0|3395|382953
9875|FORD MOTOR CREDIT|27871|0|9039|0|18832|382953
9876|BENEFICIAL SAVINGS BANK|32330|0|15529|0|16801|382953
9877|BENEFICIAL SAVINGS BANK|0|20277|2015|0|18262|382953
9878|BENEFICIAL SAVINGS BANK|5765|0|5765|0|0|382953
9879|BENEFICIAL SAVINGS BANK|9361|0|9361|0|0|382953
9881|FORD MOTOR CREDIT|5268|0|5268|0|0|382957
9888|NONE|0|0|0|0|0|382988
9889|AVAYA FINANCIAL SERVICES|5849|0|5849|0|0|382994
9890|SUNTRUST BANK|421309|0|421309|0|0|383019
9892|NONE|0|0|0|0|0|383231
9893|AUTO LOAN-NATIONAL CITY BK|6895|0|6895|0|0|383266
9894|AUTO LOAN-NATIONAL CITY BK|9864|0|9864|0|0|383266
9895|AUTO LOAN-NATIONAL CITY BK|9865|0|9865|0|0|383266
9896|AUTO LOAN-NATIONAL CITY BK|27197|0|19788|0|7409|383266
9898|CITIZENS BANK|11489|0|11489|0|0|383297
9899|FORD MOTOR CREDIT|10938|0|4704|0|6234|383297
9900|CITIZENS BANK|0|35697|0|0|35697|383297
9901|Auto loans|85830|147904|72372|0|161362|383304
9902|Line of credit|0|50000|20000|0|30000|383304
9903|Citzens Auto|24922|0|3947|0|20975|383305
9904|Chrysler Credit|23588|0|0|23588|0|383305
9905|Auto Loans|28460|0|28460|0|0|383307
9906|DETROIT EDISON CREDIT UNION|806689|0|18789|0|787900|383308
9907|IBEW Local Union #295|1600|0|0|0|1600|383315
9910|SPACE COAST CREDIT UNION|0|29583|4990|0|24593|383320
9911|Auto insurance payable|4410|0|4410|0|0|383321
9913|FORD MOTOR COMPANY|41168|91266|35225|1530|95679|383331
9914|EMPLOYEE (PAYROLL ERROR)|3|0|0|0|3|383341
9915|ENTERPRISE BANK|91731|0|91731|0|0|383363
9922|NONE|0|0|0|0|0|383375
9923|FIRST NATIONAL BANK - VEHICLE LOAN|6992|0|4590|0|2402|383381
9924|FIRST NATIONAL BANK - VEHICLE LOAN|6982|0|4592|0|2390|383381
9925|BANK OF BUTTE - COPIER|6397|0|1432|0|4965|383381
9927|GMAC|13141|0|13141|0|0|383392
9928|GMAC|18841|0|6851|0|11990|383392
9929|GMAC|0|25894|10217|0|15677|383392
9930|AMALGAMATED BANK|1740|0|1740|0|0|383398
9931|SERVICE EMPLOYEES INTERNATIONAL UNION|152500|0|0|0|152500|383398
9975|N/A|0|0|0|0|0|383688
9932|CIT COPIER LEASE/LOAN PAYABLE|0|6027|625|0|5402|383405
9933|CREDIT CARD DEBT|1207|33180|28312|0|6075|383406
9934|LINE OF CREDIT|8960|25236|15063|0|19133|383406
9945|CHASE BANK|25986|0|4436|0|21550|383443
9948|Line of Credit-Credit Union|71844|0|47495|0|24349|383451
9949|Plumbers & Steamfitters Prot. Assc.|1000|0|0|1000|0|383459
9950|NONE|0|0|0|0|0|383467
9951|COURTESY CHEVROLET|13743|0|4581|0|9162|383487
9952|FORD MOTOR CREDIT|90425|134765|54707|0|170483|383492
9953|PNC BANK|200000|100000|2114|297886|0|383541
9954|GMAC|64390|0|25820|0|38570|383541
9955|FORD CREDIT|0|58156|9101|0|49055|383541
9956|NONE|0|0|0|0|0|383578
9960|MERRILL LYNCH|91587|4337|0|0|95924|383586
10371|INTERNATIONAL BROTHERHOOD|86827|0|7922|0|78905|384730
9962|BLE-T Nation Division|10000|0|0|0|10000|383588
9964|GMAC CREDIT|19281|0|9969|0|9312|383639
9965|CHRYSLER CREDIT|45394|0|31582|0|13812|383639
9966|TD EQUIPMENT FINANCE|18912|0|8219|0|10693|383639
9967|FORD MOTOR CREDIT|26366|0|17357|0|9009|383639
9968|None|0|0|0|0|0|383661
9970|FORD MOTOR CREDIT|10999|0|5254|0|5745|383668
9971|FORD MOTOR CREDIT|26203|0|6753|0|19450|383668
9972|GMAC|0|32743|2274|0|30469|383668
9973|Ford Motor Corporation|14781|0|3856|0|10925|383672
9974|NONE|0|0|0|0|0|383684
9976|ILA LOAN|211932|0|45150|0|166782|383692
9977|N/A|0|0|0|0|0|383701
9978|GMAC|0|15248|1497|0|13751|383704
9979|HUNTINGTON BANK|116926|0|18210|0|98716|383712
9980|GMAC|11007|31731|8118|0|34620|383715
9981|OLD SECOND NATIONAL BANK|3879114|0|471504|0|3407610|383737
9983|NONE|0|0|0|0|0|383757
9984|AUTO LOANS|64032|0|64032|0|0|383777
9985|NONE|0|0|0|0|0|383781
9986|Merrill Lynch - Margin Loan|122308|71527|67562|0|126273|383790
9987|Metropolitan Credit Union|10543|0|5376|0|5167|383790
9988|Farmington Savings Bank|120000|0|2358|0|117642|383790
9989|INT'L BROTHERHOOD OF TEAMSTERS|13710|0|13710|0|0|383793
9990|BAK OF AMERICA|0|23526|3354|0|20172|383797
9991|BANK OF AMERICA|0|27080|3071|0|24009|383797
9992|BANK OF AMERICA|10949|0|2949|8000|0|383797
9993|TEAMSTERS LOCAL 67|0|10166|7280|0|2886|383797
9994|Auto Loans|62110|0|22252|0|39858|383803
9995|FORD MOTOR CREDIT|20429|0|7786|0|12643|383809
9996|FORD MOTOR CREDIT|24788|0|9425|0|15363|383813
9997|FORD MOTOR CREDIT|14745|0|3160|0|11585|383813
9998|Texas State Bank|0|15500|2012|0|13488|383815
10000|GMAC|0|16561|818|0|15743|383819
10001|GMAC|0|14984|578|0|14406|383819
10002|GMAC|0|14459|499|0|13960|383819
10003|GMAC|0|14669|530|0|14139|383819
10004|GMAC|0|14589|518|0|14071|383819
10005|JOHNSON BANK|0|480705|50000|0|430705|383819
10007|NONE|0|0|0|0|0|383822
10008|WELLS FARGO|308915|0|308915|0|0|383827
10011|AUTOMOBILE LOAN|24559|0|24559|0|0|383832
10012|AUTOMOBILE LOAN|35915|0|6082|0|29833|383832
10013|AUTOMOBILE LOAN|37129|0|6297|0|30832|383832
10014|UNITE HERE - New York, NY|194203|0|4500|189703|0|383847
10015|Amalgamated Bank of Chicago|200000|4600000|3400000|0|1400000|383847
10016|UNITE HERE - New York, NY|0|2500000|0|0|2500000|383847
10017|Local Union Loans|905000|0|0|0|905000|383853
10018|NONE|0|0|0|0|0|383877
10019|NONE|0|0|0|0|0|383913
10020|Operating Engineers #3 FCU|0|604545|604545|0|0|383916
10021|CIT TECHNOLOGY FINANCIAL SERVICES|0|9506|1572|0|7934|383921
10029|Pinnacle National Bank|0|80000|18930|0|61070|383949
10030|FORD MOTOR CREDIT|7934|0|7934|0|0|383962
10031|FORD MOTOR CREDIT|11363|0|2723|0|8640|383962
10032|FORD MOTOR CREDIT|13686|0|2985|0|10701|383962
10033|FORD MOTOR CREDIT|11600|0|2588|0|9012|383962
10034|GMAC Finance|23821|0|5104|0|18717|383962
10035|FORD MOTOR CREDIT|0|22745|1176|0|21569|383962
10036|none|0|0|0|0|0|383968
10037|Ford Motor Credit|25371|0|25371|0|0|383974
10038|North Fork Bank (Capital One)|12651|0|10269|0|2382|383974
10039|Auto loans|106567|122021|61659|0|166929|383982
10040|AUTOMOBILE|0|30008|2297|0|27711|383985
10041|BANK OF AMERICA|4142|0|4142|0|0|383989
10042|NYS FED CREDIT UNION|13600|0|6600|0|7000|383989
10043|N/A|0|0|0|0|0|383990
10044|N/A|0|0|0|0|0|383990
10045|N/A|0|0|0|0|0|383990
10046|N/A|0|0|0|0|0|383990
10047|N/A|0|0|0|0|0|383990
10048|N/A|0|0|0|0|0|383990
10049|N/A|0|0|0|0|0|383990
10050|N/A|0|0|0|0|0|383990
10051|N/A|0|0|0|0|0|383990
10052|N/A|0|0|0|0|0|383990
10053|N/A|0|0|0|0|0|383990
10056|Credit Cards/Other (Net)|4340|5099|4340|0|5099|384013
10057|Payroll Liabilities|792|0|792|0|0|384013
10058|N/A|0|0|0|0|0|384027
10416|N/A|0|0|0|0|0|384939
10059|FIRSTMERIT BANK|24461|0|5166|0|19295|384053
10060|NONE|0|0|0|0|0|384063
10061|ACCO PRINCETON FCU|8779|0|6145|0|2634|384110
10062|FORD MOTOR CREDIT|33044|0|6957|0|26087|384128
10063|AMALGAMATED BANK|288566|0|4016|0|284550|384146
10064|EAGLE BANK AND TRUST|2399024|0|67733|0|2331291|384158
10065|BANK OF AMERICA|65584|0|16537|0|49047|384162
10066|BANK OF AMERICA|15048|0|6072|0|8976|384162
10067|BANK OF AMERICA|88437|0|6184|0|82253|384162
10068|PLUMBERS & FITTERS FCU|37775|0|21909|0|15866|384172
10069|UNION YES FCU AUTO LOAN|192765|90225|139880|0|143110|384174
10070|UNION YES FCU BLDG EQUITY|131818|0|131818|0|0|384174
10071|Ford Credit -  2004 Ford|5054|0|3509|0|1545|384178
10072|Ford Credit - 2005 Mercury|7601|0|4466|0|3135|384178
10073|Chrysler Credit - 2005 Ford|12655|0|4085|0|8570|384178
10074|Ford Credit - 2004 Mercury|4138|0|4138|0|0|384178
10075|FORD MOTOR CREDIT|5366|0|4953|0|413|384194
10076|THE BANK OF EDWARDSVILLE|0|10000|1708|0|8292|384194
10077|THE BANK OF EDWARDSVILLE|0|10000|1143|0|8857|384194
10078|HERE INTERNATIONAL|537500|0|43119|0|494381|384199
10080|First Union Securities|543904|18651|0|0|562555|384206
10081|Teamsters Canada Rail Conference|725602|8594|0|0|734196|384206
10082|Key Bank Loan|0|800000|26667|0|773333|384206
10083|NONE|0|0|0|0|0|384212
10084|CITY OF CLEVELAND OH|96325|0|4607|0|91718|384230
10085|GMAC|23378|0|5501|0|17877|384232
10086|Ford Credit|977|0|977|0|0|384232
10087|Southwest National Bank|12362|0|2698|0|9664|384237
10088|FIRST TENNESSEE BANK|82974|0|5709|77265|0|384269
10089|FIRST TENNESSEE BANK|50000|0|0|50000|0|384269
10090|Ford Motor Credit - Grice|13625|0|9618|0|4007|384288
10091|Ford Motor Credit - Sugerik|0|0|2164|0|13999|384288
10092|Ford Motor Credit - Sickles|17601|0|17601|0|0|384288
10093|Ford Motor Credit - Thrash|25293|0|6745|0|18548|384288
10094|Ford Motor Credit - Carmack|14703|0|5310|0|9393|384288
10095|UNION FIDELITY CREDIT|788|0|788|0|0|384300
10096|IUPAT AFL-CIO|359001|12935|6000|0|365936|384300
10097|IBEW LOCAL 20 CREDIT UNION|10363|0|8827|0|1536|384300
10098|NONE|0|0|0|0|0|384307
10099|NOTE PAYABLE - CREDIT UNION|8598|0|3709|0|4889|384314
10100|NOTE PAYABLE - CREDIT UNION|7196|0|5343|0|1853|384314
10101|LABOR CREDIT UNION - VEHICLE|15909|0|6441|0|9468|384317
10102|ENTERPRISE BANK|1025394|0|221296|0|804098|384318
10103|NONE|0|0|0|0|0|384323
10104|SOVEREIGN BANK|836|0|836|0|0|384326
10105|SOVEREIGN BANK|1028|0|1028|0|0|384326
10106|SOVEREIGN BANK|1154|0|1154|0|0|384326
10107|SOVEREIGN BANK|6423|0|5482|0|941|384326
10108|SOVEREIGN BANK|5447|0|4649|0|798|384326
10109|CHRYSLER FINANCIAL|17565|0|4595|0|12970|384326
10110|MEMBERS FIRST FEDERAL CREDIT UNION|20860|0|4267|0|16593|384326
10111|MEMBERS FIRST FEDERAL CREDIT UNION|23192|0|4744|0|18448|384326
10112|MEMBERS FIRST FEDERAL CREDIT UNION|21407|0|4279|0|17128|384326
10113|MEMBERS FIRST FEDERAL CREDIT UNION|0|18899|3427|0|15472|384326
10114|MEMBERS FIRST FEDERAL CREDIT UNION|0|25355|2194|0|23161|384326
10115|Ford Credit|10742|0|3660|0|7082|384330
10116|Central Bank - LOC|50001|21000|61000|0|10001|384341
10117|Central Bank - 1st Deed|93608|50000|11754|0|131854|384341
10118|CAPITAL LEASE OBLIGATION|0|15600|2241|0|13359|384346
10119|N/P FORD MOTOR CREDIT|20011|0|20011|0|0|384347
10120|N/P FORD MOTOR CREDIT|34138|0|34138|0|0|384347
10121|CREDIT CARD PAYABLE|0|151|720|0|151|384348
10124|CHRYSLER FINANCIAL|19757|0|4475|0|15282|384370
10125|DAIMLER CHRYSLER|7094|0|7094|0|0|384375
10126|DAIMLER CHRYSLER|7094|0|7094|0|0|384375
10127|FORD|12194|0|6019|0|6175|384375
10128|FORD|17333|0|3969|0|13364|384375
10129|FORD|14650|0|5276|0|9374|384375
10130|FORD|17869|0|4093|0|13776|384375
10131|FORD|16935|0|3879|0|13056|384375
10132|FORD|14650|0|5276|0|9374|384375
10133|FORD|13745|0|4951|0|8794|384375
10188|CHRYSLER FINANCIAL|5478|10902|6088|0|10292|384405
10189|US Bank|1246811|0|1246811|0|0|384406
10280|UNION BANK & TRUST CO.|9286|0|9286|0|0|384445
10281|Ford Motor Credit|2111|0|2111|0|0|384453
10282|Ford Motor Credit|0|23976|7257|0|16719|384453
10283|AUTO LOAN-GMAC|30262|0|8478|0|21784|384471
10284|AUTO LOANS-FORD CREDIT|24614|0|12842|0|11772|384471
10285|AUTO LOANS-GMAC|0|19709|2956|0|16753|384471
10286|AUTO LOANS-GMAC|0|14170|2125|0|12045|384471
10287|Auto loans|123466|45461|59449|0|109478|384473
10288|EQUIPMENT FINANCING|10034|0|10034|0|0|384481
10289|AUTOMOBILE FINANCING|11544|0|11544|0|0|384481
10290|AUTOMOBILE FINANCING|12041|0|10436|0|1605|384481
10291|AUTOMOBILE FINANCING|0|67514|4383|0|63131|384481
10292|VACATION FUND|42473|33073|42473|0|33073|384482
10293|PENSION PLAN|0|276|0|0|276|384482
10294|United Labor Bank|0|2400000|31873|0|2368127|384514
10295|Ford Motor Company|16271|83138|16437|0|82972|384516
10296|DC TRUCK FINANCIAL|41156|0|16463|0|24693|384531
10297|SUNTRUST|3669102|0|575232|0|3093870|384533
10298|SUNTRUST|0|650000|45411|0|604589|384533
10299|FIRST MIDWEST BANK|0|1565984|79434|0|1486550|384533
10300|COMPASS BANK - VEHICLE|16498|0|16498|0|0|384541
10301|NATIONAL BANK OF ARIZONA|129280|59581|0|0|188861|384541
10302|UFCW INTERNATIONAL UNION|199918|340082|200000|0|340000|384541
10303|KONICA MINOLTA BUS. SOL.|17876|0|17876|0|0|384546
10304|AVAYA FINANCIAL SERVICE|348859|0|118279|0|230580|384550
10305|AFFILIATE OFFICER PENSION|508703|0|0|508703|0|384550
10306|SMITH BARNEY|109690|0|109343|0|347|384552
10307|AFSA SCHOLARSHIP FUND|0|280000|0|0|280000|384552
10310|Enterprise fleet services|83350|0|50710|0|32640|384554
10577|N/A|0|0|0|0|0|385369
10331|Members|4528|36|136|0|4428|384616
10332|MAH Building Corp|114986|75976|24599|0|166363|384616
10333|Musicians Services|0|200|0|0|200|384616
10334|NONE|0|0|0|0|0|384626
10335|NONE|0|0|0|0|0|384626
10336|NONE|0|0|0|0|0|384626
10337|NONE|0|0|0|0|0|384626
10338|NONE|0|0|0|0|0|384626
10339|NONE|0|0|0|0|0|384626
10340|NONE|0|0|0|0|0|384626
10341|NONE|0|0|0|0|0|384626
10342|NONE|0|0|0|0|0|384626
10343|NONE|0|0|0|0|0|384626
10344|NONE|0|0|0|0|0|384626
10345|CENTRAL PACIFIC BANK|822690|0|727061|0|95629|384632
10346|Black Hills Federal Credit Union|13294|0|2726|0|10568|384635
10350|Mortgage on Office building|0|375000|3069|0|371931|384648
10354|NONE|0|0|0|0|0|384656
10357|GMAC|207997|0|47298|0|160699|384670
10358|FORD CREDIT|18953|0|6892|0|12061|384672
10359|RFG PROPERTIES|381619|0|0|381619|0|384672
10360|LINE OF CREDIT-SAVANNAH BANK|125121|0|20892|0|104229|384678
10361|AFL-CIO Federal Credit Union|0|53735|3063|0|50672|384681
10362|NO LOANS PAYABLE THIS PERIOD|0|0|0|0|0|384682
10363|Ford Credit|0|17000|0|0|17000|384697
10364|LEASE CONSULTANTS CORP|0|2754|375|0|2379|384715
10365|GMAC & CHRYSLER FINANCIAL|21385|98488|28512|0|91361|384718
10366|None|0|0|0|0|0|384722
10367|M&I BANK|181404|0|181404|0|0|384724
10368|Smith Barney/Citigroup|897295|44390|200000|0|741685|384727
10369|Ford Motor Corp|12268|0|4300|0|7968|384727
10370|INTERNATIONAL BROTHERHOOD|150000|0|0|0|150000|384730
10654|NONE|0|0|0|0|0|385676
10372|COPIER LEASE|7436|0|1727|0|5709|384734
10373|NONE|0|0|0|0|0|384800
10374|CHOICE ONE FCU|12131|0|2466|0|9665|384823
10375|FORD AUTO LOAN|24368|0|1280|23088|0|384825
10376|Fifth Third Bank|936064|0|30778|0|905286|384827
10377|Valley National Bank|19895|0|4953|0|14942|384830
10378|G.M.A.C.|44124|0|7790|0|36334|384830
10379|G.M.A.C.|20905|0|3691|0|17214|384830
10380|G.M.A.C.|0|0|832|0|20151|384830
10381|AMALGAMATED BANK|8661|103100|17251|0|94510|384831
10382|FORD CREDIT|28280|0|8990|0|19290|384831
10383|BUSINESS VEHICLE FINANCE|22364|0|4954|0|17410|384831
10384|BUSINESS VEHICLE FINANCE|22520|0|5380|0|17140|384831
10385|BUSINESS VEHICLE FINANCE|22589|0|5004|0|17585|384831
10386|BUSINESS VEHICLE FINANCE|24639|0|5939|0|18700|384831
10387|BUSINESS VEHICLE FINANCE|24363|0|5872|0|18491|384831
10388|CHASE AUTO FINANCE|78386|0|10676|0|67710|384831
10389|FORD CREDIT|13795|0|4829|0|8966|384831
10390|FORD CREDIT|5619|0|2161|3458|0|384831
10391|FORD CREDIT|9071|0|5282|0|3789|384831
10392|FORD CREDIT|7656|0|3728|0|3928|384831
10393|NONE|0|0|0|0|0|384832
10399|JP MORGAN CHASE BANK NA|12149|0|12149|0|0|384848
10400|CHASE MANHATTAN FINANCE|0|26264|3117|0|23147|384848
10401|REGIONS BANK|0|96000|4412|0|91588|384848
10402|No Loans During Year|0|0|0|0|0|384852
10403|CHRYSLER FINANCIAL|3563|0|3563|0|0|384862
10404|BANK OF AMERICA|1619|0|1619|0|0|384862
10405|ORGANIZING ADVANCE IBT|25000|0|0|0|25000|384890
10406|Key Bank|296700|0|26611|0|270089|384923
10407|UA Local 73|973414|0|15208|0|958206|384923
10408|BTA FEDERAL CREDIT UNION|12933|0|4832|0|8101|384928
10409|BTA FEDERAL CREDIT UNION|2250|0|2250|0|0|384928
10410|BTA FEDERAL CREDIT UNION|16693|0|4827|0|11866|384928
10411|BTA FEDERAL CREDIT UNION|21773|0|5957|0|15816|384928
10412|BTA FEDERAL CREDIT UNION|26984|0|5550|0|21434|384928
10413|BTA FEDERAL CREDIT UNION|0|20000|2708|0|17292|384928
10414|GENERAL MTRS ACCEPT. CORP.|16524|0|294|16230|0|384928
10415|COPPERMARK BANK|18734|0|9466|0|9268|384937
10417|VARIOUS BANKS|8290502|0|233794|0|8056708|384942
10419|FIRST NATIONAL OF MWC|398798|0|398798|0|0|384966
10420|Ford Motor Credit|37133|0|37133|0|0|384977
10421|Daimler Chrysler|10043|0|10043|0|0|384977
10422|NETFCU|14188|0|3347|0|10841|384977
10423|NETFCU|12810|0|2469|0|10341|384977
10424|GMAC Finance|0|47337|6575|0|40762|384977
10425|NETFCU|0|15122|1591|0|13531|384977
10426|NETFCU|0|24344|0|0|24344|384977
10427|NETFCU|0|27324|0|0|27324|384977
10428|GMAC Auto Loan|0|21593|1731|0|19862|384989
10429|AUTOMOBILE LOANS|0|91722|76835|0|14887|384992
10430|Chrysler Financial|7427|0|5243|0|2184|385012
10431|Ford Motor Co. Credit|4312|0|4149|0|163|385012
10432|LINE OF CREDIT|16635|0|2635|0|14000|385015
10433|NONE|0|0|0|0|0|385020
10434|Wells Fargo|27605|0|8477|0|19128|385022
10435|First City Bank|30742|0|15342|0|15400|385022
10436|AUTOMOBILE FINANCING|10795|0|3159|0|7636|385024
10437|AUTOMOBILE FINANCING|10532|0|3009|0|7523|385024
10438|AUTOMOBILE FINANCING|10546|0|3013|0|7533|385024
10439|gmac|15959|0|11184|0|4775|385037
10446|NONE|0|0|0|0|0|385052
10447|Amalgamated - Line of Credit|0|720000|0|0|720000|385053
10448|Amalgamated - Bank Loan|4478706|0|1020509|0|3458197|385053
10449|Auto Loan - Ford Motor Credit|197386|0|172616|0|24770|385053
10450|Equipment Leases|209172|0|78289|0|130883|385053
10451|Long-Term Workers Health Trust - Loan|0|500000|500000|0|0|385053
10452|FORD MOTOR COMPANY|622|0|622|0|0|385057
10454|Auto loans|144289|163682|74100|0|233871|385108
10456|HERE IU (Loan)|72972|0|36000|0|36972|385122
10457|CAP Lease (Phone System)|34050|0|9205|0|24845|385122
10458|CAP Lease (Security System)|9592|0|2872|0|6720|385122
10459|CAP Lease (Servers)|1033|14234|2876|0|12391|385122
10460|Note Payable (Mercury) Van|18727|0|3588|0|15139|385122
10461|Ford Explorer|0|19120|2000|0|17120|385122
10462|COMPUTER LEASE|609|0|609|0|0|385127
10463|M&T Bank|0|100000|1433|0|98567|385160
10465|Auto loans|27247|0|7943|0|19304|385169
10466|Building Loan, United Labor Bank|502708|0|15094|0|487614|385182
10482|Inland Empire Trades Credit Union|19739|0|4081|0|15658|385198
10483|Inland Empire Trades Credit Union|26172|0|3818|0|22354|385198
10484|OPEIU-INTERNATIONAL|2419|0|2419|0|0|385206
10485|UCNB|45473|0|35749|0|9724|385206
10486|LONG-TERM PENSION PAYABLE|295739|0|59148|0|236591|385206
10487|OPEIU-INT'L-UCNB PAYOFF|0|36000|0|0|36000|385206
10490|CREDIT CARDS|16617|0|16617|0|0|385221
10495|SIGNATURE BANK|125416|205711|87190|0|97774|385240
10496|MORTGAGE PAYABLE|0|0|17343|0|0|385240
10497|International Brotherhood of Teamsters|100000|0|0|0|100000|385250
10498|BEACON FEDERAL CREDIT UNION|21350|0|3183|18167|0|385251
10499|BEACON FEDERAL CREDIT UNION|0|25034|6536|0|18498|385251
10500|Local 682 Real Estate Co|0|9501|0|0|9501|385255
10501|NONE|0|0|0|0|0|385261
10502|AUTOMOBILE LOANS|31095|0|5671|0|25424|385263
10509|AUTO LOAN CHRYSLER 300C|0|18406|2725|0|15681|385274
10510|AUTO LOAN DODGE RAM|0|14100|2088|0|12012|385274
10513|None|0|0|0|0|0|385278
10518|Key Bank|0|150000|0|0|150000|385284
10519|Beacon Federal|14597|0|4325|0|10272|385286
10520|Ford Motor Credit Corp.|27003|0|11207|0|15796|385290
10521|GMAC|0|89378|9862|0|79516|385290
10523|NATCA, AFL-CIO|0|10000|0|0|10000|385293
10528|BANK OF AMERICA|598017|0|24361|0|573656|385302
10529|FIRST BANK|338829|0|56978|0|281851|385304
10530|IOWA STATE BANK|0|8000|0|0|8000|385305
10538|UFCW Strike Fund|39450|0|1264|0|38186|385316
10539|Crawford County Trust and Savings Bank|131855|0|52356|0|79499|385316
10540|UFCW Strike Fund|0|50000|234|0|49766|385316
10549|National Postal Mailhandlers Union|233776|0|126009|0|107767|385338
10563|NONE|0|0|0|0|0|385341
10566|AMALGAMATED BANK OF NY|100000|0|100000|0|0|385345
10567|FORD CREDIT|0|17878|1862|0|16016|385345
10569|GMAC|7901|0|6053|0|1848|385352
10574|Business Vehicle Finance|23522|0|5208|0|18314|385368
10575|Local Union 107|240|0|240|0|0|385368
10576|Local Union 215|2000|0|2000|0|0|385368
10578|NONE|0|0|0|0|0|385370
10579|CAPITAL LEASE - IMAGISTICS|19166|0|3643|0|15523|385372
10580|NOTE PAYABLE - CREDIT UNION|1712|0|1712|0|0|385372
10581|Wachovia Bank|19902|223|0|0|20125|385375
10582|American Nurses Association|175840|0|20840|0|155000|385375
10585|FIRST TRUST BANK OF ILLINOIS|6117|0|2007|0|4110|385383
10586|HOME STAR BANK|29655|0|1358|0|28297|385383
10587|WACHOVIA BANK NA|20000000|0|721286|0|19278714|385388
10588|NONE|0|0|0|0|0|385391
10589|ADVANTA BANK CORP|14457|0|5674|0|8783|385394
10590|First National Bank of Santa Fe|300000|0|100000|0|200000|385396
10591|N/P-'05 CHEVY TRUCK|13868|0|5624|0|8244|385402
10592|N/P-'05 CHEVY TRUCK|13898|0|6692|0|7206|385402
10593|N/P-'07 CHEVY TAHOE|23478|0|5398|0|18080|385402
10594|N/P-'06 TRAILBLAZER|19480|0|4513|0|14967|385402
10595|N/P-'07 FORD TRUCK|25845|0|6588|0|19257|385402
10598|Bank of America|94578779|10000000|16861119|0|87717660|385418
10599|Amalgamated Bank|0|15000000|0|0|15000000|385418
10602|GMAC FINANCIAL SERVICES|0|135995|34340|0|101655|385424
10603|Bank of America|129285|0|75422|0|53863|385429
10605|Ford Motor Credit|18289|0|5104|0|13186|385437
10606|GMAC|11216|0|11216|0|0|385437
10607|US Bancorp|3592|0|2156|0|1436|385437
10609|SEIU International Union|360000|0|120000|0|240000|385439
10610|GMAC|0|21938|3656|0|18282|385439
10617|none|0|0|0|0|0|385453
10618|SEIU INTERNATIONAL|249847|0|31231|0|218616|385455
10619|Chase Bank|0|2000000|302758|0|1697242|385459
10621|Roofers Building Association|3569|0|3569|0|0|385469
10622|PARKWAY FED CREDIT UNION|224318|0|0|224318|0|385477
10623|Bank of America LOC|70800|40000|70800|0|40000|385491
10625|NONE|0|0|0|0|0|385493
10626|SEU International|35000|0|0|0|35000|385495
10631|JL Motors of New Yrok, Inc|15094|0|4943|0|10151|385503
10632|BANK OF AMERICA|8582|0|8582|0|0|385504
10633|Graybar Financial Services, LLC|274|0|274|0|0|385506
10634|Chrysler Financial|5314|0|5314|0|0|385506
10635|General Motors Acceptance  Corp.|4205|0|4205|0|0|385506
10638|DEPOSITS PAYABLE|0|400|0|0|400|385509
10640|UniteHere International|298763|0|12000|0|286763|385513
10641|LOANS PAYABLE - NATIONAL CITY|350243|0|55859|0|294384|385531
10642|GMAC auto loan|5717|0|5017|0|700|385533
10643|Jefferson Bank & Trust|4884|0|4884|0|0|385537
10644|Jefferson Bank & Trust|38456|0|3847|0|34609|385537
10645|Jefferson Bank & Trust|53068|0|15466|0|37602|385537
10646|Ford Motor Credit|277417|56839|157201|0|177055|385542
10647|GMAC|7811|30694|12459|0|26046|385542
10648|Bank of Utica|0|115666|14442|0|101224|385542
10649|Bank of Utica|135182|0|83626|0|51556|385542
10650|Bank of Utica|30000|0|30000|0|0|385542
10651|UFCW International Union|0|200000|0|0|200000|385542
10652|Powernet Credit Union-Auto Loan|11578|0|2826|0|8752|385653
10653|Powernet Credit Union-Auto Loan|18588|0|3784|0|14804|385653
11207|SATURN OF OAKLAND - AUTOS|81281|0|17554|0|63727|403154
10656|N/A|0|0|0|0|0|385851
10657|N/A - None|0|0|0|0|0|386005
10658|none|0|0|0|0|0|386028
10659|Ford Motor Credit Company|48583|0|40414|0|8169|386029
10660|P-9 Pension Plan and Trust|33884|0|0|0|33884|386178
10661|UNITE HERE INTL. UNION|0|2400000|2400000|0|0|386314
10662|CAPITAL LEASE - PHONE EQUIP|13918|0|4200|0|9718|386317
10663|Wachovia|760342|0|55405|0|704937|386432
10664|Ford Credit|5988|0|2336|3652|0|386432
10665|NONE|0|0|0|0|0|386454
10667|DUE TO SIEBERT|0|40000|0|0|40000|386457
10670|NONE|0|0|0|0|0|386462
10671|NONE|0|0|0|0|0|386462
10676|Toledo Postal Employees Cr. Union|234484|0|53954|0|180530|386975
10677|IBEW FEDERAL CREDIT UNION|23624|0|23624|0|0|387139
10678|OFFICE EQUIP. FINANCE SERV.|1936|0|0|1936|0|387192
10679|FOD MOTOR CREDIT|64904|0|12416|635|51853|387438
10680|Construction loan|139068|35932|2965|0|172035|387618
10681|Vehicle Loans|200701|291791|193554|0|298938|387618
10682|FLEET BANK|11466|76000|3356|0|84110|387647
10683|UNION BUILDING CORP|25523|0|25523|0|0|387711
10684|NONE|0|0|0|0|0|387920
10685|NONE|0|0|0|0|0|387955
10686|FORD CREDIT|2879|0|2879|0|0|387959
10687|FORD CREDIT|2849|0|2849|0|0|387959
10688|GMAC|3162|0|3162|0|0|387959
10689|IBEW LU 479|13758|0|13758|0|0|387962
10690|Op. Eng. #3 FCU Loan #142|15694|0|4337|0|11357|387967
10691|Op. Eng. #3 FCU Loan #143|14427|0|3992|0|10435|387967
10692|Op. Eng. #3 FCU Loan #144|14427|0|3992|0|10435|387967
10693|Op. Eng. #3 FCU Loan #145|19079|0|4606|0|14473|387967
10694|Cannon Capital Lease Payable|0|15000|619|0|14381|387967
10695|Repayments made on mortgage|0|0|15480|0|0|387967
10696|ALLIANZ ANNUITY LOAN|0|18084|5500|0|12584|388000
10697|HIBERNIA NATIONAL BANK|8868|0|7192|0|1676|388007
10698|HIBERNIA NATIONAL BANK|4248|0|1907|0|2341|388007
10699|Notes Payable-Autos|85251|0|29198|0|56053|388082
10701|Susquehanna Patriot Bank|47529|0|13143|0|34386|388095
10702|BANK OF AMERICA|75000|0|75|0|74925|388154
10703|BANK OF AMERICA|99231|700|0|0|99931|388154
10704|LOAN FROM OFFICERS|0|14900|0|0|14900|388154
10707|UNITE HERE Affiliates Assistance|1264084|0|0|0|1264084|388422
10708|RBC Wealth Management|0|184694|0|0|184694|388438
10709|UnionWare, Inc.|8667|0|8667|0|0|388438
10710|FORD CREDIT CO|11225|0|11225|0|0|388577
10711|AUTOMOBILE LOAN|0|16011|713|0|15298|388580
10712|UNION BUILDING CORPORATION|164034|0|13212|0|150822|388584
10713|PFRAC|322|0|322|0|0|388674
10716|Ford Credit|18153|13933|6056|0|26030|389041
10717|BANK OF NEVADA|918344|0|918344|0|0|389313
10718|Snider Leasing Corp.|258147|0|50741|0|207406|389603
10719|Snider Leasing Corp.|34236|0|34236|0|0|389603
10720|UFCW International|42008|0|33600|0|8408|389603
10721|Business Vehicle Finance|16876|0|4710|0|12166|389603
10722|UNION|0|319768|0|0|319768|389609
10723|International Association of Firefighters|205400|0|46046|0|159354|389622
10724|COLONIAL BANK|43784|0|17194|0|26590|390223
10725|Republic Bank|0|3593464|593464|0|3000000|390224
10726|FORD MOTOR CREDIT CORP.|28806|0|12341|4029|12436|390225
10727|LOAN PAYABLE KEY BANK|16756|0|16756|0|0|390310
10729|M&T BANK VIN#45954|15652|0|5993|0|9659|390399
10730|M&T LINE OF CREDIT|17748|24907|0|0|42655|390399
10731|NONE|0|0|0|0|0|390617
10733|Amalgated Loan - Roof|9558|0|9558|0|0|390669
10734|Ford Motor Credit|299631|0|67430|0|232201|390669
10736|NONE|0|0|0|0|0|390908
10739|none|0|0|0|0|0|391043
10740|None|0|0|0|0|0|391047
10741|UNITED LABOR BANK|406493|0|27048|0|379445|391121
10744|Center One Financial Service|8319|0|8319|0|0|391344
10745|Chrysler Financial, Inc.|0|19932|2924|0|17008|391344
10746|Genworth|2338911|0|78484|0|2260427|391375
10747|SSB Lien|1299521|275000|508808|0|1065713|391375
10748|Loans Payable|400|0|0|0|400|391375
10749|FORD MOTOR CREDIT - AUTO|19718|0|5634|0|14084|391433
10750|None|0|0|0|0|0|391828
10751|Suntrust Bank|431217|0|48623|0|382594|391829
10754|BLE&T|8100|0|0|0|8100|391868
10755|AMALGAMATED BANK NOTE|387626|0|221501|0|166125|391915
10756|Washington Mutual|166410|0|10544|0|155866|391917
10757|None|0|0|0|0|0|392014
10758|NONE|0|0|0|0|0|392015
10759|None|0|0|0|0|0|392040
10760|Members Choice|8514|0|0|8514|0|392047
10836|MAN|81114|264761|284925|32|60919|394025
10775|F&M Bank|59636|0|15558|0|44078|392124
10776|Merrill Lynch|240000|0|40000|0|200000|392124
10777|IB of T.|0|50000|50000|0|0|392131
10784|John Heldman|0|0|0|0|0|392168
10786|NONE|0|0|0|0|0|392249
10790|Capitalized lease payable|10876|0|5047|0|5829|392656
10791|Unted Labor Bank equity line|399882|0|0|0|399882|392656
10796|SMALL BUSINESS ADMIN.|53028|0|3673|0|49355|392660
10806|Wachovia Bank - Mortgage|126344|0|126344|0|0|392751
10807|First City - Vehicle Loans|306079|0|169623|0|136456|392751
10808|Ford Credit - Vehicle Loans|0|128777|0|0|128777|392751
10809|Banco Popular - Mortgage|0|450000|1588|0|448412|392751
10810|GMAC AUTO LOAN PAYABLE|579|0|579|0|0|392814
10837|MAN|498864|378284|0|260218|616930|394025
10813|Ironstone Bank|414738|0|24764|0|389974|393093
10819|NJ State Fraternal Order of Police|247000|31400|0|0|278400|393486
10820|UBS ACCT#5F 82727LB|0|1300000|0|0|1300000|393487
10821|F& M Bank, Galesburg, IL|10678|0|3652|0|7026|393488
10822|First Bank, Galesburg, IL|0|17135|1479|0|15656|393488
10823|FIRST MID IL BANK|163442|0|163442|0|0|393584
10824|Fideicomiso|158223|0|55000|0|103223|393613
10829|CLOTHING WORKERS CENTER|891800|4200000|891800|0|4200000|393652
10830|UNITE HERE INTERNATIONAL|2750000|0|0|0|2750000|393652
10832|USW International Union|20000|0|0|0|0|393730
10833|Members of UWUALU|5550|0|0|0|5550|393753
10834|Auto Loan GMAC|64558|0|22634|0|41924|393753
10835|Auto Loan GMAC|26313|0|7163|0|19150|393753
10838|MAN|0|5589|879|0|4710|394025
10839|United Labor Bank|1000000|58|674111|0|325947|394055
10840|UNITE HERE INT'L UNION|417721|0|0|0|417721|394157
10851|DWHCC|51000|0|0|51000|0|394243
10852|CIT TECHNOLOGY|18291|0|18291|0|0|394243
10853|FORD MOTOR CREDIT|14578|0|6591|0|7987|394305
10855|GMAC AUTO NOTES|41069|0|12513|0|28556|394373
10860|TOYOTA LEASING|26395|0|4689|0|21706|394599
10861|First Bank & Trust|4352799|0|80996|0|4271803|394951
10862|Vehicle Loans|34727|0|13443|0|21284|394951
10863|U.F.C.W. International Union|0|0|0|0|71098|394951
10864|WELLS FARGO|7954|5780|3717|0|10017|394987
10865|UNITED AMERICAN NURSES|6000|0|6000|0|0|394987
10866|NMTW Community Credit Union|114231|0|3426|0|110805|395257
10867|NATIONAL POSTAL MAIL HANDLERS|126500|0|0|30659|95841|395357
10868|OPEIU International Office|1200|56000|6200|0|51000|395413
10869|Chase Auto Finance|7565|0|4046|0|3519|395441
10870|FORD MOTOR COMPANY|9279|0|8110|1169|0|395443
10871|GMAC|36233|0|6141|0|30092|395443
10872|FORD MOTOR COMPANY|0|27134|1657|0|25477|395443
10873|FORD MOTOR COMPANY|0|23837|1354|0|22483|395443
10874|NUHHCE|326762|187152|0|0|513914|395687
10878|CWA INTERNATIONAL|127698|0|5876|0|121822|395692
10879|Laborers Local Union 1290|0|4223|0|0|4223|395697
10881|BANCO POPULAR DE PR|1337846|0|40290|0|1297556|396216
10882|Chrysler Financial|5265|0|5265|0|0|396277
10883|Ford Motor Credit Corp|28633|0|8623|0|20010|396285
10884|Ford Motor Credit Corp|20892|0|6292|0|14600|396285
10888|NASI APPRENTICE FUND|6484|0|6484|0|0|396714
10899|Xerox Corporation|40611|0|3376|0|37235|396858
10900|FNB-OMAHA|66940|0|6896|0|60044|396859
10903|Ford Motor Credit|19495|0|17183|0|2312|396876
10904|Ford Motor Credit|0|26668|2797|0|23871|396876
10914|Retail, Wholesale & Dept. Store Union|56000|0|12000|0|44000|399178
10915|U.F.C.W. International Union|92044|0|36000|0|56044|399178
10916|First Commercial Bank|99704|0|7594|0|92110|399178
10917|G.M.A.C.|34393|0|5026|0|29367|399178
10920|FOD MOTOR CREDIT|82743|45743|27056|0|101430|399191
10921|SEIU|452000|0|452000|0|0|399256
10922|ALMAGAMATED BANK|205315|0|25851|0|179464|399256
10925|NONE|0|0|0|0|0|399562
10928|The Savannah Bank|375960|0|16227|0|359733|399763
10929|AUTOMOBILES|118534|0|43222|0|75312|399876
10930|COMPUTERS|2553|0|2553|0|0|399876
10933|NONE|0|0|0|0|0|400064
10939|Line of Credit-Commercia Bank|24594|0|10608|0|13986|400106
10940|I.A.F.F.|78976|0|20592|0|58384|400151
10941|AMALGAMATED BANK CAR LOAN|0|24000|1890|0|22110|400287
10948|None|0|0|0|0|0|400400
10950|Ford Motor Company|50951|0|33049|0|17902|400544
10952|GMAC|22859|0|12362|0|10497|400556
10954|United Labor Bank|1184785|0|0|0|1184785|400563
10955|FORD MOTOR CREDIT|20029|0|9089|0|10940|400775
10956|FORD MOTOR CREDIT|19166|0|8697|0|10469|400775
10957|FORD MOTOR CREDIT|49301|0|10798|0|38503|400775
10983|Telephone Sysytem|8652|0|0|0|8652|400994
10984|Canon Financial Services|1607|0|0|0|1607|400994
10985|Canon Copiers|36854|0|0|0|36854|400994
10986|GE Capital|104016|0|0|0|104016|400994
11015|National CWA|270579|0|0|8095|262484|401080
11016|NONE|0|0|0|0|0|401135
11018|Capital Lease - Color Copier|14339|0|2637|0|11702|401178
11020|LOAN PAYABLE - SEIU INTL|0|0|150000|0|3850000|401186
11021|LOAN PAYABLE - GMAC|43367|0|9728|0|33639|401186
11022|OAK STREET BLDG LOAN|394361|0|50655|0|343706|401189
11029|FORD CREDIT|10808|0|10808|0|0|401445
11030|N/A - None|0|0|0|0|0|401446
11033|XEROX COPIER LEASE|9865|0|2818|7047|0|401556
11034|AFSCME INTERNATIONAL|66000|0|0|0|66000|401556
11053|NPWU PRO TECH|4214|0|0|0|4214|401738
11054|NATIONAL PRODUCTION WORKERS UNION|15000|0|0|0|15000|401738
11055|PARKWAY LOAN|600000|0|0|0|600000|401743
11056|LOAN - JOSEPH SENESE|149521|80000|0|18000|211521|401743
11057|SEIU Local 1877|0|156786|0|0|156786|401748
11059|GMAC|0|30397|4272|0|26125|401926
11060|GMAC|0|29471|4143|0|25328|401926
11089|None|0|0|0|0|0|402365
11098|BANK OF AMERICA|13253|0|2535|0|10718|402385
11099|IBEW FCU|21049|0|4203|0|16846|402385
11296|IUPAT District Council 21|6000|0|6000|0|0|403374
11312|CWA NATIONAL|190919|0|6880|0|184039|403611
11352|NONE|0|0|0|0|0|403909
11572|N/A|0|0|0|0|0|406024
11579|Promessory note, Bank of Denver|0|0|0|0|0|406604
11580|7%, matures 7/01/2025|325567|0|10293|0|315274|406604
11603|VACATION LIABILITY ACCRUAL|65876|0|0|0|65876|407003
11604|PAYROLL TAXES PAYABLE|1291|0|0|0|1291|407003
11605|ACCOUNTS PAYABLE|26048|0|0|0|26048|407003
11606|DUES PAYABLE|84392|0|0|0|84392|407003
11614|Wells Fargo-Vehicle Notes|29900|0|12763|0|17137|407209
11631|NYC DISTRICT COUNCIL OF CARPENTERS|1048100|625575|0|0|1673675|407239
11638|Ford Motor Credit|14763|0|7301|0|7462|407378
11640|CENTURY BANK OF THE OZARKS|0|30000|3682|0|26318|407451
11727|National City Bank|15308|0|3803|0|11505|409262
11734|N/P - 2007 Ford (Monarch)|15490|0|4741|0|10749|409481
11735|N/P - Buicks (Monarch)|19936|0|11936|0|8000|409481
11736|N/P - New Buick (Monarch)|0|19929|272|0|19657|409481
11737|BOONE COUNTY NATIONAL BANK|18987|27588|4584|18397|23594|409507
11738|none|0|0|0|0|0|409620
11740|Ford Motor Credit|2305|0|2305|0|0|409628
11741|Ford Motor Credit|11516|0|3935|0|7581|409628
11742|Ford Motor Credit|10937|0|4071|0|6866|409628
11743|Ford Motor Credit|14820|0|5334|0|9486|409628
11744|Ford Motor Credit|10871|0|3913|0|6958|409628
11745|Ford Motor Credit|12943|0|4815|0|8128|409628
11746|UFCW International|387000|0|60000|0|327000|409628
11747|Ford Motor Credit|0|9004|1803|0|7201|409628
11748|Ford Motor Credit|0|9004|1803|0|7201|409628
11749|Ford Motor Credit|0|9004|1803|0|7201|409628
11750|Ford Motor Credit|0|9415|927|0|8488|409628
11751|Lyon Financial|0|55100|3197|0|51903|409628
11764|Marlin Leasing|821|0|821|0|0|409948
11765|Ford Credit|77158|310633|56082|0|331709|409948
11774|Truck Loan|37490|0|6678|0|30812|410067
11775|Truck Loan|26749|0|6270|0|20479|410067
11776|Truck Loan|24728|0|3874|0|20854|410067
11814|Payable to Building Fund|5985|0|5985|0|0|410504
11835|Umpqua Bank|63955|0|5032|0|58923|411020
11836|UA Local Union 447|9000|0|0|0|9000|411020
11842|Bank Errors|3401|0|0|0|3401|411143
11843|Owed to imprest|4496|4270|4496|0|4270|411143
11901|INTERNATIONAL LOAN|643641|0|20298|0|623343|411514
11902|INTERNATIONAL PER CAPITA|573159|0|0|0|573159|411514
11929|LOCAL #410|60000|0|30000|0|30000|412296
11985|FORD MOTOR CREDIT CORP.|26694|0|6992|0|19702|413688
11999|GMAC|5216|0|5216|0|0|413859
12130|GMAC|0|22389|1555|0|20834|415243
12131|CHRYSLER FINANCIAL|24545|0|8709|0|15836|415243
12132|GMAC|0|37000|2922|0|34078|415243
12234|CHASE AUTO LOAN|5153|0|3559|1594|0|415740
12235|FORD AUTO CREDIT|4878|0|4878|0|0|415740
12236|FORD CREDIT AUTO|5752|0|5752|0|0|415740
12237|FORD AUTO LOAN|11702|0|4773|0|6929|415740
12238|AUTO LOAN FORD|11812|0|4818|0|6994|415740
12239|FORD CREDIT AUTO LOAN|12296|0|5016|0|7280|415740
12240|FORD CREDIT AUTO LOAN|11380|0|4283|0|7097|415740
12241|FORD CREDIT AUTO LOAN|11880|0|4846|0|7034|415740
12242|AUTO FORD 8386|0|24813|1016|0|23797|415740
12243|AUTO EDGE 8599|0|34285|1143|0|33142|415740
12244|AUTO FORD 8486|0|29223|1197|0|28026|415740
12245|LOAN FORD 2852|0|29112|1193|0|27919|415740
12246|LOAN FORD 8381|0|28691|1175|0|27516|415740
12247|DUE TO PUBLIC|647604|35211|0|0|682815|415740
12888|MN PIPE TRADES ASSOCIATION|41242|0|30000|0|11242|418442
12993|AMALGAMATED - SACRAMENTO|1171431|0|15697|0|1155734|419030
12994|AMALGAMATED - SAN JOSE|586347|0|7807|0|578540|419030
13515|ARC|8907|0|0|0|8907|428499
13516|CCI|14214|0|13484|0|730|428499
13521|SOUTH CENTRAL BANK|417814|0|422186|0|0|428877
13522|CHASE BANK|0|420000|63031|0|356969|428877
13593|Noe|0|0|0|0|0|431659
13611|FORD MOTOR CREDIT|14251|0|9291|0|4960|432163
13612|GMAC|0|36130|4872|0|31258|432163
13661|Installment notes payable|12227|0|7070|0|5157|433802
13676|Auto Finance|13247|0|7226|0|6021|433941
14115|TRI-STATE BANK-MORTGAGE|105064||5155||99909|438468
14116|AFSCME INTERNATIONAL|9891||6252||3639|438468
14117|TRI-STATE BANK-CREDIT LINE-OPER ACCT & DUES CLR |0|207424|207424||0|438468
14154|Not Applicable|0|0|0|0|0|439036
14164|Labor Credit Union|18999|0|3090|0|15909|439248
14179|Plumbers 55 Federal Credit Union - Auto Loan|0|22089|6584|0|15505|439438
14180|Plumbers 55 Federal Credit Union - Auto Loan|0|18376|1442|0|16934|439438
14181|Plumbers 55 Federal Credit Union - Auto Loan|27611|0|20401|0|7210|439438
14182|SUB Fund Loan|772971|0|772971|0|0|439438
14297|Smith Barney Line of Credit|105000|0|0||105000|441219
14325|N/A|0|0|0|0|0|442247
14328|GMAC - AUTOMOBILE|4348|0|4348|0|0|442663
14329|GMAC - AUTOMOBILE|13974|0|4629|0|9345|442663
14330|GMAC - AUTOMOBILE|19149|0|3884|0|15265|442663
14331|GMAC - AUTOMOBILE|23569|0|3511|0|20058|442663
14332|GMAC - AUTOMOBILE|0|34785|2326|0|32459|442663
14336|Michael Bergman|17851|0|3412||14439|443072
14344|NEFCU||18778|1152||17626|443138
14841|SUN TRUST BANK|1000000|0|134525|0|865475|448939
15677|DUE TO POLITICAL ACCOUNT|5000|0|0|5000|0|460793
15678|AMERICAN EXPRESS|7897|0|7897|0|0|460793
16212|CAR LOAN|0|20703|2673|0|18092|469067
16573|Xerox Copier Loans|0|91551|26411|0|65140|477374
18090|CHEVY CHASE BANK|9758|0|9758|0|0|496574
18091|PLATINUM PLUS FOR BUSINESS|26306|0|26306|0|0|496574
21140|Council 79 - Building Corp|102696||10035||92661|533503
21141|Due to Council 79 - Building Corp|8540|15484|5763||18261|533503
22797|Amalgamated Bank|2622000|0|1262000|0|1360000|556542
22798|Building Loans|121817|0|0|0|121817|556542
