OID|SOURCE|LOANS_OWED_START|LOANS_OBTAINED|CASH_REPAYMENT|NON_CASH_REPAYMENT|LOANS_OWED_END|RPT_ID
32827|IBEW LOCAL NO. 313|146036|0|0|0|146036|710549
31400|NONE|0|0|0|0|0|685587
31401|NONE|0|0|0|0|0|685588
31402|NONE|0|0|0|0|0|685589
31403|NONE|0|0|0|0|0|685591
31404|NONE|0|0|0|0|0|685592
31405|NONE|0|0|0|0|0|685593
31406|NONE|0|0|0|0|0|685594
31407|NONE|0|0|0|0|0|685595
31408|NONE|0|0|0|0|0|685604
31485|N/A|0|0|0|0|0|687453
31518|OP&CMIA Lu 40 App. Fd.|111900|0|0|0|111900|689156
32959|NONE|0|0|0|0|0|713042
32574|OHWBST|100000|100000|100000||100000|706090
32536|LOCAL 698|243000|0|0|0|243000|703021
32551|ILA Great Lakes District Council|94500|5500|4500||95500|703315
32552|ILA Local 2063|0|6000|||6000|703315
32563|EASTERN BANK MORTGAGE|277014||11528||265486|705213
32565|INDEPENDENCE BANK OF KENTUCKY|20000|0|20000|0|0|705279
32575|FORD MOTOR CORP|38826|0|7456|31370|0|706130
32576|ALLY FINANCIAL|15721|0|1153|14568|0|706130
32577|FORD MOTOR CORP|0|30143|4521|0|25622|706130
32578|FORD MOTOR CORP|0|40035|6004|0|34031|706130
32579|FORD MOTOR CORP|0|39677|1323|0|38354|706130
32580|NONE|0|0|0|0|0|706143
32581|0|0|0|0|0|0|706245
32582|NONE|0|0|0|0|0|706252
32583|NONE|0|0|0|0|0|706293
32584|M&T Bank|547810|0|102715|0|445095|706307
32585|OPCMIA International Union|100000|0|0|0|100000|706315
32586|155 WES 46 OWNER LLC|3858622|0|78907|0|3779715|706316
32587|0|0|0|0|0|0|706333
32588|NONE|0|0|0|0|0|706368
32589|0|0|0|0|0|0|706402
32593|Wayne Motors Inc. |25767|0|14760|0|11007|706623
32594|Ford Credit (Larson Ford)|20531|0|8496|0|12035|706623
32595|Ford Credit (Larson Ford)|21307|0|8816|0|12491|706623
32604|ANB Bank|9345|0|9345|0|0|707139
32605|Western States OPEIU Pension Fund|102608|0|70000|32608|0|707139
32606|BUSEY BANK|23421|0|15422|0|7999|707144
32607|FORD MOTOR CREDIT|18554|0|14577|0|3977|707144
32608|MORTON COMM BANK|10251|0|5288|0|4963|707144
32609|OP&CMUA Lu 40 App. Fd.|111900|0|0|0|111900|707202
32610|FORD CREDIT|0|10175|1277||8898|707267
32611|FORD CREDIT|0|10001|1255||8746|707267
32613|MORGAN STANLEY - HD|817300|7437|354102|0|470635|707338
32614|Mortgage Loan|578547|0|31553|0|546994|707386
32618|Pinnacle Bank|1367168|0|278696|0|1088472|707581
32625|NONE|0|0|0|0|0|707743
32632|PACIFIC NW IRONWKRS CU|28529|0|4231|0|24298|708099
32635|NONE|0|0|0|0|0|708286
32637|NONE|0|0|0|0|0|708353
32638|AUTO LOANS|174786|192327|160258||206855|708450
32639|XEROX CORPORATION|5693||1181||4512|708476
32640|NONE|0|0|0|0|0|708479
33928|ALLY|16966||6205||10761|728319
32643|Vehicle loan|0|49862|5240|0|44622|708548
32644|Chase Ink|601|646|601||646|708576
32650|NONE|0|0|0|0|0|708639
32651|Pacific Maritime Association|23480|0|0|0|23480|708676
32658|NONE|0|0|0|0|0|708746
32659|N/A|0|0|0|0|0|708850
32660|NONE|0|0|0|0|0|708864
32662|District Lodge 57||25000|25000||0|708997
32663|N/A|0|0|0|0|0|709051
32664|NONE|0|0|0|0|0|709170
32665|FORD MOTOR CREDIT CORP|5899|0|5407|0|492|709208
32666|FORD MOTOR CREDIT CORP|5888|0|5397|0|491|709208
32667|FORD MOTOR CREDIT CORP|5944|0|5449|0|495|709208
32668|FORD MOTOR CREDIT CORP|5926|0|5926|0|0|709208
32669|FORD MOTOR CREDIT CORP|5926|0|5926|0|0|709208
32671|NONE|0|0|0|0|0|709221
32672|NONE|0|0|0|0|0|709223
32673|NONE|0|0|0|0|0|709293
32674|HORIZON BANK|18007|0|18007|0|0|709368
32675|PEOPLES NATIONAL BANK|949|0|949|0|0|709376
32676|BANTERRA BANK|23661|0|4457|0|19204|709376
32677|BANTERRA BANK|19890|0|3985|0|15905|709376
32678|BANTERRA BANK|26452|0|5307|0|21145|709376
32679|FORD CREDIT|21714|0|3463|0|18251|709376
32680|BANTERRA BANK|0|37906|4323|0|33583|709376
32681|NONE|0|0|0|0|0|709385
32682|NONE|0|0|0|0|0|709411
32683|Notes payable - vehicles|174426|0|37445|0|136981|709412
32684|Notes Payable - vehicles|0|60364|3980|0|56384|709412
32685|0|0|0|0|0|0|709423
32687|NONE|0|0|0|0|0|709500
32688|NONE|0|0|0|0|0|709507
32689|NONE|0|0|0|0|0|709508
32690|NONE|0|0|0|0|0|709541
32691|NONE|0|0|0|0|0|709569
32692|AUTOMOBILE LOAN|14628|30000|7651||36977|709576
32693|NONE|0|0|0|0|0|709610
32694|BANK OF LABOR LOAN @ 4.65% DUE 5/21/23|3790723|0|470081|0|3320642|709622
32695|ALLY - 2017 GMC ACADIA|19651|0|3058|16593|0|709628
32696|GM FINANCIAL - 2019 CHEVY TRAVERSE|0|32593|2753|0|29840|709628
32698|NONE|0|0|0|0|0|709652
32699|Great American Capital lease on Projection 60 mo|17121||11260||5861|709675
32700|Copier lease - Pacific Automation 60 mo|14427||2624||11803|709675
32701|Chrysler Capital|64748|0|64748|0|0|709708
32704|NONE|0|0|0|0|0|709739
32705|NONE|0|0|0|0|0|709758
33929|ALLY|20721||5410||15311|728319
32706|TD Bank|39194||11757||27437|709782
32707|FileMaker 479|6819||||6819|709782
32708|none|0|0|0|0|0|709807
32709|Lessor-Pitney Bowes|6586|0|6586|0|0|709825
32710|Lessor-Delange|12744|0|12744|0|0|709825
32711|Lessor-Xerox|105131|0|46880|0|58251|709825
32712|Lessor-Presidio|5937|0|5937|0|0|709825
32713|Lessor-Carousel|32345|0|9624|0|22721|709825
32714|Lessor-Presidio|58047|0|43204|0|14843|709825
32715|Lessor-Presidio|0|108243|13897|0|94346|709825
32716|Lessor-Presidio|0|59607|4315|0|55292|709825
32717|Lessor-Presidio|0|134360|30746|0|103614|709825
32718|NONE|0|0|0|0|0|709834
32719|Bank of Labor|229018|0|229018||0|709845
32720|NONE|0|0|0|0|0|709848
32721|Charles Schwab - Margin Loan|185442||185442|0|0|709872
32722|WESTERN STATE OPE TRUST|49643|0|387|0|49256|709882
32723|Bank of Labor - Line of Credit|0|75000|0|0|75000|709921
32724|NONE|0|0|0|0|0|709925
32725|Basil Ford of Niagara Falls|0|34456|4357|0|30099|709930
32726|FORD CREDIT|41545|0|6228|0|35317|709966
32727|Ally Bank|16305|0|5723|0|10582|709967
32728|NONE|0|0|0|0|0|709971
32729|NONE|0|0|0|0|0|709976
32730|NONE|0|0|0|0|0|709984
32731|TIAA Commercial Finance - Capital Lease Obligation|13567|0|2508|0|11059|709997
32732|NONE|0|0|0|0|0|710001
32733|NONE|0|0|0|0|0|710006
32734|NONE|0|0|0|0|0|710016
32735|Illinois Bank and Trust Auto Loan|21585|0|21585|0|0|710031
32736|None|0|0|0|0|0|710032
32740|N/A|0|0|0|0|0|710072
32741|NONE|0|0|0|0|0|710092
32742|Steelcase Finanical Service|11843||9631||2212|710096
32744|United Association|96125|0|0||96125|710117
32745|NONE|0|0|0|0|0|710125
32746|ARI - AUTOMOBILES|0|774156|111596|0|662560|710129
32747|Chase Auto Finance |2213|0|2213|0|0|710130
32748|Citizens One Auto Finance |0|14567|3877|0|10690|710130
32749|BRYN MAWR TRUST|2672155|0|1446444|0|1225711|710131
32751|NONE|0|0|0|0|0|710167
32752|AMALGAMATED BANK|2748817|3509446|30000|0|6228263|710172
32753|UNION BANK & TRUST CO|1918857|0|65449|0|1853408|710177
32754|Bank of Labor|23016|0|5778|0|17238|710216
32755|Bank of Labor|0|239751|0|0|239751|710216
32756|CHASE|7111|0|6091|0|1020|710218
32757|FIRST COLLINSVILLE BANK|32044|0|14574|0|17470|710226
32758|FIRST COLLINSVILLE BANK|50153|0|23748|0|26405|710226
32759|FIRST COLLINSVILLE BANK|61175|0|22421|0|38754|710226
32760|FIRST COLLINSVILLE BANK|27975|0|5666|0|22309|710226
32761|CREDIT CARDS|6675|6226|6675||6226|710237
32762|FORD FUSION AUTO LOAN||30588|2973||27615|710237
32763|GM Financial|0|17846|3596||14250|710242
32764|MHFCU Mortgage|0|205000|3325||201675|710242
32765|NONE|0|0|0|0|0|710251
32766|N/A|0|0|0|0|0|710257
32767|NONE|0|0|0|0|0|710263
32768|UNITED BUSINESS BANK LOAN|2303538||2303538||0|710265
32769|UBS FINANCIAL SERVICES|4875553||4875553||0|710265
32770|FORD CREDIT - AUTO LOAN|0|64762|64762||0|710266
32771|RAINBOW GMC|45893||9247|0|36646|710267
32772|RAINBOW GMC|45354||9139|0|36215|710267
32773|Bank of America|938522||89786||848736|710268
32774|Automobile Loan|18654|0|6663|0|11991|710271
32775|NBT BANK|358143|0|48812|0|309331|710277
32776|NONE|0|0|0|0|0|710282
32777|SUNTRUST BANK|17592||5477||12115|710286
32778|Diamond Credit Union|13763|0|4741|0|9022|710289
32779|NJ STATE FRATERNAL ORDER OF POLICE|239946||7000||232946|710290
32780|Not Applicable|0|0|0|0|0|710301
32781|NONE|0|0|0|0|0|710304
32782|FIRST SOUTHERN BANK|500256|0|45303|0|454953|710311
32783|FORD CREDIT|30673|0|7255|0|23418|710311
32784|XEROX|7232|0|1330|0|5902|710311
32785|Capital Lease Obligation|0|3200|713|0|2487|710313
32786|2018 GMC Sierra Loan|10122|0|10122|0|0|710313
32787|Laborers' Local 621 Training Fund|0|10167|0|0|10167|710313
32789|NONE|0|0|0|0|0|710332
32790|Ford Credit|4633||4633||0|710337
32791|Bank of Labor|470798||20545||450253|710337
32792|COMMERCE BANK|1176937||55838||1121099|710342
32793|MIDWEST CARPENTERS FCU|72524|0|72524|0|0|710347
32794|PNC BANK LOAN|553461|0|28105|0|525356|710347
32795|PROMISSORY NOTE|94685|0|30330|0|64355|710352
32796|Ally Bank - Auto Loan|21588||21588||0|710353
32797|GM Financial - Auto Loan||45666|5915||39751|710353
32798|Boilermakers Local 105|0|200000|17817|0|182183|710367
32799|NONE|0|0|0|0|0|710374
32800|Chrysler Financial|16790||16790||0|710400
32801|Ally Financial|37578|12019|49597||0|710400
32802|Automobile Loans|36462|33378|10776|0|59064|710406
32803|None|0|0|0|0|0|710418
32804|Horizon Bank|3876767|0|3876767|0|0|710425
32805|POWER CREDIT UNION|166624||10517||156107|710433
32806|NONE|0|0|0|0|0|710434
32807|PNC LOAN|0|2249859|0|0|2249859|710444
32808|FORD MOTOR CREDIT|27136|0|27136||0|710448
32809|FORD MOTOR CREDIT|36463|0|36463||0|710448
32810|FORD MOTOR CREDIT|26454|0|26454||0|710448
32811|T.D. BANK|125000|573000|200000||498000|710448
32812|M&T Bank|0|5314774|0|0|5314774|710449
32813|NONE|0|0|0|0|0|710456
32814|NO CA CARPENTERS REGIONAL COUNCIL|1786169|0|282866||1503303|710459
32815|BANK OF LABOR|589123|0|68121|0|521002|710461
32816|Auto Loan - Chevrolet Equinox|18853|0|3616|15237|0|710466
32818|Bank of Labor|0|527110|0|0|527110|710501
32819|Long-term debt|168210|0|31862|0|136348|710510
32820|Ford Motor Credit|45968|37569|32926||50611|710526
32821|Car Loan |0|35000|5513|0|29487|710531
32822|NONE|0|0|0|0|0|710533
32824|CREDIT CARD BALANCES|4616|5239|4616||5239|710546
32825|UNCLAIMED VACATION FUND CHECKS|7686||||7686|710546
32826|Citibank|45222750||7364100||37858650|710547
33115|Auto Lenders Liquidation Center|0|21129|2020|0|19109|718196
32828|IBEW LOCAL NO. 313|121114|0|0|0|121114|710549
32829|IBEW LOCAL NO. 313|112787|0|0|0|112787|710549
32830|LAWLESS, INC.|13372||4092||9280|710550
32831|None|0|0|0|0|0|710568
32832|Suntrust Line of Credit|0|3426511|3426511|0|0|710571
32833|Ford Motor Credit|0|29394|9794|0|19600|710574
32834|Ford Motor Credit|0|30757|373|0|30384|710574
32835|NONE|0|0|0|0|0|710578
32836|First State Bank Bloomington IL|980444|0|43677|0|936767|710592
32837|NONE|0|0|0|0|0|710597
32838|n/a|0|0|0|0|0|710607
32839|DISTRICT COUNCIL OF IRONWORKERS|0|30000|30000|0|0|710617
32840|Ford Motor Credit|17011|0|6976|0|10035|710618
32841|Ford Motor Credit|27847|0|5347|0|22500|710618
32842|Ally Auto|28434|0|6319|0|22115|710618
32843|None|0|0|0|0|0|710623
32847|PNC Bank Term Loan $500K|49949|0|49949|0|0|710630
32848|Ford Credit|16014|0|7266||8748|710634
32849|JP MORGAN|2362967|27136467|27366434|0|2133000|710652
32850|BANK OF LABOR|800000|1500000|0|0|2300000|710652
32851|ALARIA CAPITAL GROUP|3775||3775||0|710656
32852|KONICA|29306||19111||10195|710656
32853|BANK OF AMERICA|0|602099|||602099|710656
32854| ||||||710656
32855|0|0|0|0|0|0|710663
32856|BB&T - Mortgage|238169|0|19440|0|218729|710675
32857|BANK OF HAWAII|850000||||850000|710685
32858|CHICAGO TEACHERS UNION FOUNDATION|5021213|0|0|0|5021213|710696
32859|Automobile Loans|91666|0|17737|0|73929|710711
32860|BRENTWOOD BANK|1369702|0|1369702|0|0|710719
32861|SAGCD|20736|0|5595|0|15141|710722
32862|INTERNATIONAL|24000|0|0|0|24000|710722
32863|DUE TO OFFICERS|328|0|0|0|328|710722
32864|ATLANTIC COAST BANK|99774|0|99774|0|0|710735
32865|ALLY FINANCIAL-TRUCK NOTE|23321|0|5885|0|17436|710744
32866|N/P-POWERNET (AUTO)|24243|0|19784|0|4459|710766
32867|TD Auto Finance|40766|84335|43919|0|81182|710768
32868|CLEARVIEW FCU AUTO LOAN|6130|0|6130|0|0|710792
32869|Enterprise-Capital Lease on Vehicles|1443920|511908|1955828||0|710802
32870|Ford Credit|0|34459|34459||0|710831
32871|Automobile Loans|26917|33371|17839|0|42449|710862
32876|NO CA CARPENTERS REGIONAL COUNCIL|1525053|0|55163||1469890|710934
32882|SSMRC|500973|0|500973|0|0|710989
32883|FORD CREDIT|39848|0|11120|0|28728|710991
32884|Line of credit|3454663|0|3148094||306569|711075
32886|REGIONS BANK|43770||8668||35102|711247
32887|REGIONS BANK|30000||20000||10000|711247
33930|ALLY|13112||4752||8360|728319
32893|Automobile Loan|23133|0|3321|0|19812|711345
32895|NONE|0||||0|711380
32896|N/A|0|0|0|0|0|711438
32897|M&T Construction Loan|2989100|0|64815||2924285|711476
32898|RWDSU|29647|0|15255|0|14392|711511
32899|RWDSU|13000|11000|24000|0|0|711511
32900|ALLY|869|0|869|0|0|711512
32901|UNION YES FEDERAL CREDIT UNION|25665|0|17088|0|8577|711512
32902|OPEIU INTERNATIONAL |20833|0|20833|0|0|711512
32903|FORD CREDIT|0|47967|7161|0|40806|711512
32904|COMMERCE BANK||3000000|||3000000|711577
32905|Mortgage|14363|0|11029|0|3334|711588
32906|Automobile|16450|0|3095|0|13355|711588
32907|n/a|0|0|0|0|0|711634
32908|CWA WASHINGTON, DC|244086|0|14492|0|229594|711737
32909|None|0|0|0|0|0|711801
32911|Ally|22645|0|22645|0|0|711954
32912|Ford Motor Credit|22350|0|22350|0|0|711954
32913|GM Financial|31738|63149|34291|0|60596|711954
32914|None|0|0|0|0|0|711991
32915|ALLY BANK|0|22554|246|0|22308|712038
32916|ALLY FINANCIAL|24129|0|7752|0|16377|712070
32918|PNC LINE OF CREDIT|0|270000|110000||160000|712228
32919|INB|37439|0|37439|0|0|712336
32920|INB|0|49614|1847|0|47767|712336
32921|INB|0|14340|573|0|13767|712336
32922|BROTHERHOOD BANK & TRUST|270673||2175||268498|712477
32923|DUE TO DISTRICT 57|301159||||301159|712477
32924|CWA INTERNATIONAL|595193|0|0|49453|545740|712572
32928|Citixens One Auto|9476|0|4707|0|4769|712599
32929|CIO MW Loan 1 LLC|12449|0|12449|0|0|712610
32930|BUSEY BANK|5854|0|5405|0|449|712636
32931|BUSEY BANK|3733|0|3446|0|287|712636
32932|BUSEY BANK|5948|0|5492|0|456|712636
32933|CWA INTERNATIONAL|675903|0|33528|0|642375|712688
32935|GM FINANCIAL|68745|0|17268|0|51477|712751
32936|FORD CREDIT|46152|0|8103|0|38049|712751
32937|FORD CREDIT|45651|0|7716|0|37935|712751
32938|FORD CREDIT|0|42316|7053|0|35263|712751
32939|GM FINANCIAL|0|39794|6199|0|33595|712751
32941|Line of Credit|0|1800000|1800000||0|712806
32942|Bank of America Credit Cards - Net|3121|4343|||7464|712818
32943|Certificates payable|3350|0|0|0|3350|712827
32944|NONE|0|0|0|0|0|712869
32945|MORTGAGE PAYABLE|49066||3840||45226|712905
32946|BUSEY BANK|10151|0|6039|0|4112|712918
32947|BUSEY BANK|23409|0|7176|0|16233|712918
32948|DELL CREDIT|177|1|178|0|0|712918
32949|None|0|0|0|0|0|712940
32950|CWA national|238230|0|3417||234813|712967
32951|Eversource|0|33096|11032|0|22064|712979
32952|Eversource|0|5396|1124|0|4272|712979
32953|Ford Credit|0|27881|27881|0|0|712979
32954|GM Financial|0|15690|15690|0|0|712979
32955|ALLY|27353|0|27353|0|0|712987
32956|COMMERCE BANK|26841|0|26841|0|0|712987
32958|CWA NATIONAL|181342|0|0|4109|177233|713032
32960|BANTERRA BANK|19204|0|2304|0|16900|713056
32961|BANTERRA BANK|15905|0|2079|0|13826|713056
32962|BANTERRA BANK|21145|0|2739|0|18406|713056
32963|BANTERRA BANK|33583|0|2973|0|30610|713056
32964|FORD CREDIT|18251|0|1499|0|16752|713056
32965|BANK OF HERRIN||31311|0|0|31311|713056
32966|UNION YES FCU - LINE OF CREDIT |235596|0|33364|0|202232|713082
32967|NONE|0|0|0|0|0|713092
32968|HVAC Unit - Lease to Own|0|37543|3547||33996|713099
32969|DUE TO NATIONAL STRIKE FUND|4892|0|0|0|4892|713160
32970|CWA Mortgage|0|210000|0|0|210000|713162
32971|National Basketball Players Association|795482|849795|909801|735476|0|713169
32972|CANON LEASE |334863||87702||247161|713189
32973|NEOPOST LEASE|102964||24864||78100|713189
32974|CAROUSEL INDUSTRIES|167564||67896||99668|713189
32976|US Ameri Bank|11108|0|5397|0|5711|713201
32977|Valley National Bank|0|23084|3729|0|19355|713201
32978|Not Applicable|0|0|0|0|0|713294
32979|Capital Lease (Phone System)|7516|0|1902|0|5614|713297
32981|CWA INTERNATIONAL|186771|0|10904|0|175867|713302
32982|CWA AFL-CIO,CLC National Union|438993||59089||379904|713327
32983|260 PARK AVENUE REALTY CORP.|41235486|0|32145|12285|41233412|713350
32984|49 EAST 21 COMPANY, INC.|8433327|0|0|2800|8433327|713350
32985|PROMISSORY NOTE CWA INT'L|80445|100000|5442||175003|713379
32986|UNPAID PRIOR YR PCT DUE NATIONAL UNION|37267||37267||0|713412
32987|N/A|0|0|0|0|0|713650
32988|Ford Credit|11617|0|4401||7216|713697
32989|Ford Credit|34277|0|12989||21288|713697
32990|Ford Credit|9547|0|3614||5933|713697
32991|0|0|0|0|0|0|713894
32992|0|0|0|0|0|0|713894
32993|0|0|0|0|0|0|713894
32994|0|0|0|0|0|0|713894
32995|0|0|0|0|0|0|713894
32996|0|0|0|0|0|0|713894
32997|0|0|0|0|0|0|713894
32998|0|0|0|0|0|0|713894
32999|0|0|0|0|0|0|713894
33000|0|0|0|0|0|0|713894
33001|0|0|0|0|0|0|713894
33002|0|0|0|0|0|0|713894
33004|DISTRICT 9 |431694||||431694|714168
33005|LOCAL LODGE 41|375000||||375000|714168
33006|LOCAL LODGE688|10000||||10000|714168
33007|LOCAL LODGE 777|200000||||200000|714168
33008|LOCAL LODGE 1345|200000||||200000|714168
33009|0|0|0|0|0|0|714240
33010|n/a|0|0|0|0|0|714276
33011|FORD CREDIT|35276|0|35276|0|0|714636
33012|NOT APPLICABLE-NO LOANS PAYABLE |0|0|0|0|0|714677
33013|0|0|0|0|0|0|714678
33014|BANK OF EDWARDSVILLE|23510|0|7659|0|15851|714710
33015|BANK OF EDWARDSVILLE|26285|0|4885|0|21400|714710
33016|BANK OF EDWARDSVILLE|48186|0|8944|0|39242|714710
33017|International Union|44371|0|6972||37399|714737
33018|Great Western Bank|81501|0|11359|0|70142|714795
33026|Loan Payable to WIT Federal Credit Union|68960|0|1794||67166|715057
33027|Loan Payable to WIT Federal Credit Union|20324|0|5102||15222|715057
33028|Loan Payable to WIT Federal Credit Union|22991|0|6116||16875|715057
33029|Lorn Payable to Ford Credit|25326|0|6024||19302|715057
33030|Lorn Payable to Ford Credit|15850|0|3391||12459|715057
33031|Lorn Payable to Ford Credit|1424|0|1424||0|715057
33032|Ford Credit|10963||7738||3225|715150
33033|Ford Credit|55275||11845||43430|715150
33034|Ford Credit||42473|3539||38934|715150
33035|Ford Credit||48799|1356||47443|715150
33036|GMCA||75824|1054||74770|715150
33037|NONE|0|0|0|0|0|715589
33038|N/A|0|0|0|0|0|715705
33039|Mccurtain County Nat bank||32000|2164||126117|715748
33040|GM Financial Services|43410|0|8144|0|35266|715869
33041|None|0|0|0|0|0|716189
33046|FIRST HORIZON NATL CORP|25737|0|6349||19388|716253
33047|BANCO POPULAR DE PR|796946||57929||739017|716266
33048|COOP A&C BO. QUEBRADA|33780||4425||29355|716266
33049|XEROX-CONTRATO ARRENDAMIENTO|11085||6005||5080|716266
33050|PRESTAMO DE AUTO - HIGHLANDER|42597||7836||34761|716266
33052|Ford Credit|1467||1467||0|716355
33053|NONE|0|0|0|0|0|716381
33054|MORTGAGE PAYABLE - M&T BANK|247037|0|31696|0|215341|716513
33055|AUTO LOAN|714|0|714|0|0|716513
33056|CHRYSLER CAPITAL|17584|0|11723|0|5861|716552
33057|Regions|613219|0|339519|0|273700|716554
33058|Regions|1866520|0|998341|0|868179|716554
33059|KUBOTA CREDIT|1946||1946||0|716600
33060|MONROE BANK & TRUST|98866||26296||72570|716649
33099|FORD MOTOR CREDIT CORP|9633|0|5780|0|3853|717801
33100|None|0|0|0|0|0|717943
33101|Lease Payable|13087|17507|16827||13767|718001
33102|Automobile Loans|114433|114090|85690||142833|718044
33103|GM FINANCIAL|0|7650|7650|0|0|718053
33104|Ford Credit|0|40777|2491||38286|718118
33105|ALLY FINANCIAL|22926|0|7168|0|15758|718160
33106|ALLY FINANCIAL|25889|0|8232|0|17657|718160
33107|ALLY FINANCIAL|24227|0|7043|0|17184|718160
33108|ALLY FINANCIAL|22735|0|7180|0|15555|718160
33109|International Union, UAW|52736||44109||8627|718171
33110|CHASE AUTO FINANCE|35368|0|8504||26864|718192
33111|FORD CREDIT|0|49905|2274||47631|718192
33112|FORD CREDIT|0|42848|6829||36019|718192
33113|FORD CREDIT|0|42848|6829||36019|718192
33114|Auto Lenders Liquidation Center|0|23195|2308|0|20887|718196
33315|Seafarers International Union of N.A.- AGLIW|770000|0|100000|0|670000|721389
33116|Hann Financial Services|10073|0|10073|0|0|718196
33117|Hann Financial Services|9165|0|9165|0|0|718196
33118|US Bank|21009|0|21009|0|0|718196
33119|GM FINANCIAL|14833|11832|26665|0|0|718238
33120|US BANK COMMERCIAL MORTGAGE|230856|0|7756|0|223100|718323
33121|NONE|0|0|0|0|0|718336
33122|New England Teamsters Federal Credit Union|107856|0|107856|0|0|718372
33123|American National Bank|129039|0|129039|0|0|718630
33125|Huntington Bank Loan|120759||14948||105811|718717
33126|NONE|0|0|0|0|0|718745
33127|0|0|0|0|0|0|718851
33128|Ford Motor Credit|31067||31067||0|718859
33129|Ford Motor Credit|0|50611|5699|0|44912|718859
33130|None|0|0|0|0|0|718877
33131|none|0|0|0|0|0|718878
33132|Wells Fargo (Auto Loan)|17054|0|6299|0|10755|718912
33135|IA Local 45|86523|0|5791|0|80732|718987
33136|NONE|0|0|0|0|0|719102
33137|None|0||||0|719176
33138|NONE|0|0|0|0|0|719181
33139|FORD CREDIT|45817|0|22703|0|23114|719214
33140|MONEY ONE LOAN|26335|25000|3906|0|47429|719214
33141|Roofers Local Property Company|305182|0|3600|0|301582|719241
33142|FORD CREDIT 2017 EXPLORER 4WD|32885|0|8578|0|24307|719255
33143|FORD CREDIT 2017 EXPLORER 4WD|32593|0|8503|0|24090|719255
33144|FORD CREDIT 2017 EXPLORER 4WD|33121|0|8641|0|24480|719255
33145|Wells Fargo Bank|16743|0|4325|0|12418|719289
33146|AUTOMOBILE LOAN|37001|0|6816||30185|719314
33147|AUTOMOBILE LOAN|84597|0|27048||57549|719314
33148|None|0|0|0|0|0|719358
33149|NONE|0|0|0|0|0|719360
33150|n/a|0|0|0|0|0|719396
33151|LOANS PAYABLE - FIRST COMMONWEALTH|324138|0|21693|0|302445|719459
33152|LOANS PAYABLE - URA|149393|0|10315|0|139078|719459
33154|GM Financial-Car Loan 2016 Chevy Impala|21982|0|5766||16216|719584
33155|N/A|0|0|0|0|0|719596
33156|Vinton County Bank|125006||5159|0|119847|719633
33157|AUTO LOAN - ALLY|17316|0|7236|0|10080|719635
33158|AUTO LOAN - LINCOLN|17140|0|8868|0|8272|719635
33159|AUTO LOAN - ALLY|33350|0|7582|0|25768|719635
33161|PSSDC PENSION FUND WITHDRAWAL LIABILITY|518084|0|45329|0|472755|719697
33162|UFCW INTERNATIONAL LOAN|299188|0|24000|0|275188|719697
33163|NONE|||||0|719715
33164|NONE|0|0|0|0|0|719717
33165|OPCMIA|100000|0|0|0|100000|719730
33166|The Finishing Trades Institute of New York|83798|0|11235||72563|719807
33167|Ford Credit|21177|0|5285||15892|719807
33168|NONE|0|0|0|0|0|719822
33169|G E Credit Union|13977||13977||0|719832
33170|JPMORGAN CHASE|312000|0|207600|0|104400|719841
33171|NONE|0|0|0|0|0|719847
33172|TD Auto Finance|0|37191|19654|0|17537|719854
33173|0|0|0|0|0|0|719870
33174|Ford Motor Credit|34622|0|8656|0|25966|719888
33175|Ford Motor Credit|28952|0|12038|0|16914|719892
33176|0|0|0|0|0|0|719904
33177|NONE|0|0|0|0|0|719930
33178|NONE|0|0|0|0|0|719931
33179|Labor Organization|15527|0||15527|0|719951
33180|Form Motor Credit 4.89% 60 months loan on vehicle|7890||7890||0|719970
33181|ALLY BANK AUTO LOAN|5698|0|1140|4558|0|720018
33182|N/P - 2013 Ford #7304|1570|0|1570||0|720019
33183|N/P - 2016 Ford #1919|16647|0|4083||12564|720019
33184|N/P - 2017 Chrysler #6731|25155|0|4981||20174|720019
33185|N/P - 2017 Chrysler #6740|15844|0|3199||12645|720019
33186|NOT APPLICABLE|0|0|0|0|0|720151
33187|NONE|0|0|0|0|0|720218
33188|A Soter car loan|12646|0|7987|0|4659|720240
33189|P Carroll / D McInerney car loan|13671|0|8203|0|5468|720240
33190|J White car loan|24414|0|5736|0|18678|720240
33191|None|0|0|0|0|0|720336
33192|SEIU INTERNATIONAL UNION|300000|0|0|0|300000|720344
33193|Ford Credit Loan|6282|0|3933|0|2349|720346
33194|Huntington Mortgage Loan|0|420000|56139|0|363861|720346
33195|Huntington Mortgage Loan|0|475000|56477|0|418523|720346
33196|N/A|0|0|0|0|0|720401
33199|AMERISERVE #1 TECH CENTER|5865038|0|5865038|0|0|720495
33200|Bank of Labor|486586|0|19133|467453|0|720504
33202|PNC Construction Loan|937010||59608||877402|720607
33203|PA ISRP Loan|308039||38888||269151|720607
33204| ||||||720609
33205|FORD CREDIT- AUTO FINANCIER|0|20500|20500|0|0|720633
33206|CITIZENS BANK|0|23459|23459|0|0|720635
33207|INTERNATIONAL UNION OF BRICKLAYERS|63000|0|42000|0|21000|720638
33208|NA|0|0|0|0|0|720660
33209|FINANCE COMPANY|19138|0|8047|0|11091|720704
33210|Ford Credit|5111|0|5111|0|0|720709
33211|PREMIER GMC. 2000 EASTERN ROAD, RITTMAN, OHIO|7965|0|7965|0|0|720711
33212|Webster Bank|33639|0|30689|0|2950|720712
33213|Ford Motor Credit - Auto loan|24560|0|10526|0|14034|720716
33214|United Business Bank - Truck loan|50282|0|14871|0|35411|720716
33215|SARATOGA NATIONAL BANK|61386|0|61386|0|0|720750
33216|FORD MOTOR CREDIT|23360|0|23360|0|0|720755
33217|FORD MOTOR CREDIT|17610|0|17610|0|0|720755
33218|ALLY|0|35611|0|0|35611|720755
33219|FORD MOTOR CREDIT|0|22722|0|0|22722|720755
33220|FORD MOTOR CREDIT|0|18131|0|0|18131|720755
33221|IMCU 2016 Lincoln MKZ|15403|0|5004|0|10399|720762
33222|Star Bank Building|0|50000|20000|0|30000|720762
33223|FORD MOTOR CREDIT|0|81416|81416|0|0|720765
33224|FIRST STATE BANK|28611|27399|14299|0|41711|720778
33225|INTERNATIONAL BROTHERHOOD OF TEAMSTERS|24320|0|17051|0|7269|720778
33226|GM Financial|52888|0|52888|0|0|720794
33227|AUTO LOAN|0|38142|5010||33132|720808
33228|AUTO LOAN |0|39435|5180||34255|720808
33232|ALLY BANK|12037|0|12037|0|0|720839
33233|ALLY BANK|28224|0|28224|0|0|720839
33234|GM FINANCIAL|51215|0|51215|0|0|720839
33235|GM FINANCIAL|31548|0|31548|0|0|720839
33236|ALLY BANK|35039|0|35039|0|0|720839
33237|ALLY BANK|0|45593|45593|0|0|720839
33238|ALLY BANK|0|49433|49433|0|0|720839
33239|0|0|0|0|0|0|720882
33240|Ray Brandt Auto Loan|0|25897|25897||0|720895
33241|NONE|0|0|0|0|0|720909
33242|M&T BANK|110000|0|60000|0|50000|720915
33243|Installment Notes|21075|29432|12199|0|38308|720919
33244|Laborers Local 1098|38660|0|6488|0|32172|720922
33245|Laborers Local 355|38659|0|6487|0|32172|720922
33246|Laborers Local 1076|38659|0|6487|0|32172|720922
33247|Laborers Local 499|38660|0|6488|0|32172|720922
33248|Laborers Local 1191|38659|0|6487|0|32172|720922
33249|Laboers Local 1329|38660|0|6488|0|32172|720922
33250|Horizon Bank|70000|20000|||90000|720942
33251|Horizon Bank|256897|0|87439|0|169458|720942
33252|Horizon Bank|0|18200|1753|0|16447|720942
33253|Horizon Bank|0|20200|3103|0|17097|720942
33254|Jefferson Bank and Trust|51686|0|51686|0|0|720958
33255|Automobile Loan|0|27600|460||27140|720969
33256|ALLY AUTO|0|20199|3106|0|17093|720975
33257|BANK OF SPRINGFIELD|111878||8666||103212|720976
33258|GM FINANCIAL|22734||11179||11555|720976
33259|ALLY FINANCIAL||38189|11638||26551|720976
33260|Ford Motor Credit|12136||12136||0|720980
33261|Ford Motor Credit||68956|5665||63291|720980
33262|Credit Card Payable - VISA|63|277|63|0|277|720986
33263|Credit Card Payable - VISA|339|1666|339|0|1666|720986
33264|Space City C.U.|30000|0|10597|0|19403|720986
33265|Vacation Fund|60953|0|60953|0|0|720987
33266|Elmira Savings Bank|330351||13278||317073|721006
33267|STREDC|416911||24849||392062|721006
33268|Avaya Capital|1329||1329||0|721006
33270|NONE|0|0|0|0|0|721031
33272|n/a|0|0|0|0|0|721036
33273|ETTELSON- CADILLAS BUICK GMC|11705|0|3354|0|8351|721042
33274|FORD CREDIT|16010|0|3046|0|12964|721042
33275|None|0|0|0|0|0|721079
33276|NONE|0|0|0|0|0|721082
33277|none|0|0|0|0|0|721084
33278|FORD CREDIT|17522|0|7490|0|10032|721087
33279|FORD CREDIT|30667|0|7360|0|23307|721087
33280|FORD CREDIT|42549|0|7509|0|35040|721087
33281|FORD CREDIT|46594|0|8223|0|38371|721087
33282|Wells Fargo|0|113932|||113932|721169
33062|Auto Loan-Ally|2643||2643||0|716760
33063|Auto Loan-Ally|17374||17374||0|716760
33064|Auto Loan-Ally|15019||15019||0|716760
33065|Auto Loan-Ally|12183||12183||0|716760
33066|NONE|0|0|0|0|0|716776
33067|TEAMSTERS CREDIT UNION|17350|0|7920|0|9430|716867
33068|CITIZENS ONE|4438||4438||0|716906
33070|N/A|0|0|0|0|0|717133
33071|Lincoln Automotive Financial|13962|0|13962||0|717192
33072|East Boston Savings Bank|15086|0|15086||0|717192
33073|Lincoln Automotive Financial|0|30532|3200||27332|717192
33074|GM Financial|0|42477|999||41478|717192
33075|Old National Bank|89852|0|20525||69327|717203
33082|NONE|0|0|0|0|0|717240
33083|NA|0|0|0|0|0|717377
33084|MECHANICS SAVINGS BANK|35944|0|22443|0|13501|717395
33085|Champion Credit Union|48746|0|15932|0|32814|717470
33086|GM FINANCIAL|43587|0|15740|0|27847|717533
33087|Ford Credit|6187|36496|7346||35337|717554
33088|N/A|||||0|717571
33089|IMPACT|0|20941|2443|0|18498|717579
33090|0|0|0|0|0|0|717596
33091|NONE|0|0|0|0|0|717668
33092|NONE|0|0|0|0|0|717698
33093|Nissan motor Acceptance Corp|11907|0|3963|0|7944|717726
33094|UMB Bank|512378|26613|15537||523454|717740
33095|UNION YES FCU - CHRYSLER 300T|25188||1007||24181|717758
33096|VISA CREDIT CARD|6771||1641||5130|717758
33097|UNION YES FCU|30013||30013||0|717758
33098|PLATINUM LEASING|893|0|893|0|0|717778
33283|Branch 36 Welfare & Scholarship Fund|0|10000|||10000|721169
33284|N/A|0|0|0|0|0|721171
33289|Mortgage for Building|0|690000|5456||684544|721190
33290|NONE|0|0|0|0|0|721197
33292|NONE|0|0|0|0|0|721225
33293|0|0|0|0|0|0|721230
33294|FORD CREDIT|37353|0|9089|0|28264|721236
33295|FORD MOTOR CREDIT|4402||4402||0|721241
33296|GM FINANCIAL|22707|0|22707|0|0|721247
33297|Ally Bank|8060|0|4563|0|3497|721248
33298|NONE|0|0|0|0|0|721255
33299|Bank of Labor|647682|0|152312|0|495370|721274
33300|NONE|0|0|0|0|0|721279
33301|IBEW CREDIT UNION|12923||6643||6280|721284
33302|IBEW CREDIT UNION||15326|4208||11118|721284
33303|BUSEY BANK|22338||6916||15422|721284
33304|FORD CREDIT|57182|29937|34422|0|52697|721305
33305|FORD MOTOR CREDIT CO.|67020|29071|37568|960|57563|721319
33306|Bank of Labor|39966||9444||30522|721320
33311|PRINTER LEASE|6873|0|2749|0|4124|721345
33312|Black Hills Federal Credit Union|8695|0|3410||5285|721365
33313|SEIU International|375000|0|0|0|375000|721375
33314|None|0|0|0|0|0|721379
33533|NONE|0|0|0|0|0|723621
33316|Seafarers Int'l Union of N.A.- AGLIW|0|576956|9153|567803|0|721400
33317|Autos - Ford Motor Credit|19700|51958|10719|0|60939|721427
33318|OPCMIA|43500||43500||0|721458
33319|N/A|0|0|0|0|0|721460
33320|Dawn Daangaurd  ||425|||425|721464
33321|None|0|0|0|0|0|721504
33322|RWDSU Joint Strike Fund|45650||4947||40703|721617
33323|n/a|0|0|0|0|0|721630
33324|NE TEAMSTERS FCU|24507|105109|27760|0|101856|721734
33325|Ford Motor Credit #17|6088||6088||0|721740
33326|Chysler Credit #18|24374||15394||8980|721740
33327|Chysler Credit #19|16667||10397||6270|721740
33328|Chysler Credit #20|26577||9474||17103|721740
33329|Chysler Credit #14||31500|1750||29750|721740
33330|Chysler Credit #15||31500|2625||28875|721740
33331|Bank of Labor|366435|0|366435|0|0|721741
33332|Union Bank and Trust|315238|0|23339|0|291899|721746
33333|TIAA Bank|3581|0|1851|0|1730|721759
33334|Vehicle Loan|14303|0|14303|0|0|721765
33335|NONE|0|0|0|0|0|721783
33337|None|0|0|0|0|0|721814
33338|OHIO TEAMSTERS CU|17564|0|17564|0|0|721822
33339|OHIO TEAMSTERS CU|15834|0|15834|0|0|721822
33340|OHIO TEAMSTERS CU|39001|0|6094|0|32907|721822
33341|OHIO TEAMSTERS CU|0|39641|5590|0|34051|721822
33342|OHIO TEAMSTERS CU|0|36143|5123|0|31020|721822
33343|Sheet Metal Workers Local#80|1726904|38842|57618|0|1708128|721831
33344|Sheet Metal Workers Local#80|122862|0|122862|0|0|721831
33345|Sheet Metal Workers Local#80|0|500000|0|0|500000|721831
33346|NONE|0|0|0|0|0|721837
33347|Line of Credit-Key Bank|0|7736|77||7659|721870
33348|PNC BANK|200000|800000|29048||970952|721881
33349|WORKERS UNITED|85317|0|0|0|85317|721911
33350| none|0|0|0|0|0|721916
33351|NONE|0|0|0|0|0|721922
33352|RWDSU NATIONAL|101333||15602||85731|721940
33353|DUE TO SCHOLARSHIP|3793|8711|0|0|12504|721942
33354|ALLY AUTO LOAN|27735|0|5126|0|22609|721942
33355|DODGE RAM LOAN|0|39149|0|0|39149|721942
33356|BCTGM|20657|0|5911||14746|721944
33357|Ford Motor Company|116066|0|38159|0|77907|721965
33358|Security National Bank|199262|0|9041||190221|722007
33359|KeyBank Line of Credit|35873|0|9900||25973|722008
33360|McKees Rocks Community Development Corporation|32148|||6426|25722|722008
33361|FORD CREDIT|0|44406|44406|0|0|722061
33362|Ford Motor Credit |0|31325|19398|0|11927|722097
33363|Ally Auto|2198|0|2198|0|0|722097
33364|NONE|0|0|0|0|0|722134
33365|M&T BANK - AUTO LOANS|47796|0|39196|0|8600|722137
33366|Old Second National Bank|1150817||71402||1079415|722140
33368|First Horizon|127571||6014||121557|722154
33369|First Horizon|40000|60000|3009||96991|722154
33370|NONE|0|0|0|0|0|722160
33371|FORD CREDIT|0|165497|165497|0|0|722195
33374|UFCW Strike Fund|123301||4622||118679|722207
33376|Auto loan payable|7308|0|7308|0|0|722219
33377|CHRYSLER CAPITAL|21243|0|6087|0|15156|722242
33378|Ford Motor - automobile loan|0|34118|1506|0|32612|722264
33379|SEIU|370930|0|60000|0|310930|722273
33380|NONE|0|0|0|0|0|722293
33381|NONE|0|0|0|0|0|722315
33382|NONE|0|0|0|0|0|722348
33384|NONE|0|0|0|0|0|722360
33385|RBS Citizens -Car Notes|6965|24621|5000|0|26586|722370
33386|NONE|0|0|0|0|0|722389
33387|SEIU INTERNATIONAL|475196|0|61803|0|413393|722415
33388|NONE|0|0|0|0|0|722416
33389|FORD MOTOR CREDIT CO.|46818|148478|47446|7050|140800|722439
33390|ALLY BANK|0|34317|9763|0|24554|722439
33391|NONE|0|0|0|0|0|722446
33392|BANK OF AMERICA|5650609|0|475863||5174746|722452
33393|Old National Bank|185629|0|35823||149806|722486
34141|N/A|0|0|0|0|0|733969
33394|LOAN - SANTA CRUZ BANK|0|470000|946|0|469054|722521
33396|AMALGAMATED BANK|8898192|0|3147996|0|5750196|722544
33397|Corning Federal Credit Union - 2 Jeeps|35336|0|35336|0|0|722545
33398|Union Fidelity Credit Union|195577|114552|87977|0|222152|722566
33399|N/A|0|0|0|0|0|722573
33400|Ford Motor Credit Corp. |19379|0|6644|0|12735|722575
33401|Ford Motor Credit Corp. |43207|0|8838|0|34369|722575
33402|NONE|0|0|0|0|0|722601
33403|NONE|0|0|0|0|0|722611
33404|FORD EDGE - 29475|15316|0|7957|0|7359|722621
33405|FORD ESCAPE - 3837|21107|0|5277|0|15830|722621
33406|FORD ESCAPE - 5793|21060|0|5265|0|15795|722621
33407|NONE|0|0|0|0|0|722623
33408|NONE|0|0|0|0|0|722628
33409|AMERISERV|223456||16759||206697|722634
33410|NONE|0|0|0|0|0|722641
33411|0|0|0|0|0|0|722649
33412|N/A|0|0|0|0|0|722682
33931|ALLY|21219||5134||16085|728319
33932|ALLY|20011||5431||14580|728319
33933|ALLY|20490||5216||15274|728319
33934|ALLY||25021|2513||22508|728319
33935|none|0|0|0|0|0|728321
33938|TD Bank - Vehicle Loan|3439|0|3439|0|0|728386
33939|Peoples United Bank CC|637|15161|14921|0|877|728386
33940|American Express CC|0|6944|6944|0|0|728386
33941|GM Financial|7376||4869|2507|0|728404
33942|GM Financial|0|28008|3112||24896|728404
33943|Ford Motor Credit|22325||22325||0|728507
33413|Powernet CU-Auto Loan|17799|0|3992|0|13807|722716
33414|N/A|0|0|0|0|0|722726
33415|Notes Payable-Autos|0|31120|31120||0|722730
33417|Notes Payable-Autos|23283|0|11984||11299|722752
33418|Chase Auto|4698|29453|4124|2566|27461|722757
33419|None|0|0|0|0|0|722763
33420|N/A|0|0|0|0|0|722768
33421|Line of Credit|115000|74553|41300||148253|722770
33422|NONE|0|0|0|0|0|722777
33423|Bank of Springfield|1625718|0|76737|179|1548802|722786
33424|NONE|0|0|0|0|0|722815
33425|NONE|0|0|0|0|0|722825
33426|AUTO LOANS - ENTERPRISE FLEET LEASING|43042|241658|44095|0|240605|722855
33427|Synvovus|11079|0|11079||0|722861
33428|Auto Loans Payable|160329|44810|44691||160448|722872
33429|Pinnacle Bank|100276||100276||0|722879
33430|FORD MOTOR CREDIT -VEHICLE LOAN|24991|0|4336||20655|722881
33431|NONE|0|0|0|0|0|722891
33432|UBS Line of Credit|503851|524093|||1027944|722897
33433|Members|25080||14500|3580|7000|722911
33434|IASAM|0|510|0|0|510|722916
33435|N/A|0|0|0|0|0|722927
33436|AMALGAMATED BANK|150000|0|150000|0|0|722931
33437|Line of Credit|78647|0|27331|0|51316|722944
33438|Cherry Avenue Loan|888685|0|26697|0|861988|722944
33439|Auto loans|273826|17998|54553|0|237271|722944
33440|JP MORGAN CHASE|146209|0|57129||89080|722955
33441|CHRYSLER|19133|25134|16769||27498|722960
33442|CHEVY |18424|0|5115||13309|722960
33443|FORD|0|23543|3866||19677|722960
33444|LOCAL 743 HEALTH AND WELFARE FUND|397212|0|71808|70000|255404|722984
33445|N/A|||||0|722997
33446|Konica|0|37869|||37869|722997
33447|GM Financial|33507|0|6825|0|26682|723002
33448|NONE|0|0|0|0|0|723029
33449|NA|0|0|0|0|0|723037
33450|Ameriserv Financial Bank|160936|0|17087||143849|723057
33451|First National Bank of Pennsylvania|28873|0|8216||20657|723057
33452|LINE OF CREDIT - BANK OF AMERICA|700983|0|277868|0|423115|723061
33453|NONE|0|0|0|0|0|723062
33454|Ford Vehicle Loan|6537||3266||3271|723063
33455|Toyota Loan|35321||6218||29103|723063
33456|NONE|0|0|0|0|0|723072
33458|CHRYSLER CREDIT|11048|0|11048|0|0|723074
33459|NOEFCU|98784|34074|38202|0|94656|723090
33460|N/A|||||0|723092
33461|AUTOS - FORD|138247|0|40385|0|97862|723109
33462|NYC District Council of Carpenters|52559|0|4500||48059|723110
33463|Huntington Bank|40390|0|6332|34058|0|723116
33464|Ohio Teamsters Credit Union|0|34058|1512||32546|723116
33465|Ohio Teamsters Credit Union|0|29425|1303||28122|723116
33466|Community Bank|0|35537|5297||30240|723131
33467|TOTAL LOAN PAYABLE |0|0|0|0|0|723136
33468|Discovery Federal Credit Union|0|18591|2383|0|16208|723147
33469|BANK OF LABOR|65632|66198|33009||98821|723172
33470|ALLY AUTO- BANK|20446|0|20446|0|0|723175
33471|FORD CREDIT- AUTO FINANCIER|12394|0|12394|0|0|723175
33472|ALLY AUTO- BANK|13646|0|13646|0|0|723175
33473|ALLY AUTO- BANK|13382|0|13382|0|0|723175
33474|ALLY AUTO- BANK|26678|0|26678|0|0|723175
33475|FORD CREDIT- AUTO FINANCIER|39894|0|39894|0|0|723175
33476|SHOTTENKIRK- AUTO FINANCIER|0|7500|7500|0|0|723175
33477|MORTGAGE|4872445|0|112483|0|4759962|723188
33478|LOAN FROM JATC|31951|44232|0|0|76183|723188
33479|LOAN  FROM PAC|450|0|221|0|229|723188
33480|REIMBURSEMENT PAYABLE|15770|0|15770|0|0|723188
33481|NONE|0|0|0|0|0|723197
33483|Notes Payable-Autos|0|22893|22893||0|723212
33484|Fifth Third Bank Credit line|3845|0|3845|0|0|723221
33485|Fifth Third Bank Loan|7615|0|7615|0|0|723221
33486|FORD CREDIT CORP|11027|0|11027|0|0|723223
33487|UNION FIDELITY CU|5863||3124||2739|723229
33488|N/A|0|0|0|0|0|723257
33489|ALLY|6349|0|5865|0|484|723269
33490|NONE|0|0|0|0|0|723273
33491|Regions Bank, 201 Milan Parkway, Birmingham, AL|287389|0|8336|0|279053|723276
33492|CHRYSLER CAPITAL|0|60000|60000|0|0|723291
33493|Musicians Association of St. Louis|29379||11377|18002|0|723315
33494|NE TEAMSTERS FCU|17934|55080|23603||49411|723334
33496|Ally Bank/GM Financial|90852|39773|72343|0|58282|723353
33497|n/a|0|0|0|0|0|723356
33498|Sargent County Bank|0|468684|||468684|723359
33499|REGIONS BANK|27|0|0|0|27|723363
33500|FORD MOTOR CREDIT|14516|0|14516|0|0|723365
33501|FORD MOTOR CREDIT|15520|0|15520|0|0|723365
33502|NONE|0|0|0|0|0|723376
33503|NONE|0|0|0|0|0|723394
33504|GM Financial|8796|0|8796|0|0|723427
33505|Liberty Bay Credit Union|15405|0|6285|0|9120|723469
33506|AMALGAMATED BANK CONSTRUCTION LOAN|2000000|2135259|4135259|0|0|723506
33507|AMALGAMATED BANK CONSTRUCTION LOAN|0|3250593|0|0|3250593|723506
33508|FIRST MERCHANTS BANK CONSTRUCTION LOAN|0|7951893|0|0|7951893|723506
33509|Small Business Administration|127333|0|3473|0|123860|723509
33510|CAR LOAN|38202|0|38202|0|0|723512
33511|N/A|0|0|0|0|0|723517
33512|NONE|0|0|0|0|0|723529
33513|Auto Loan - Ally Bank|13531|0|4251|0|9280|723546
33514|Auto Loan - Canandaigua National Bank|23720|0|7431|0|16289|723546
33515|Auto Loan - Canadaigua National Bank |27850|0|27850|0|0|723546
33516|Auto Loan - Ford Credit|30058|0|6655|0|23403|723546
33517|Auto Loan - GM Financial|30070|0|6024|0|24046|723546
33518|Auto Loan  - Ford|0|30048|4218|0|25830|723546
33519|Auto Loan - GM Financial|0|34047|1365|0|32682|723546
33520|Auto Loan - Ford|0|38968|4454|0|34514|723546
33521|Mortgage Loan|253793||13431||240362|723548
33522|Vehicle Loan|15041||15041||0|723548
33523|M & T Bank|0|1019040|129158|0|889882|723553
33524|Bank of Labor|968151|0|31006|0|937145|723560
33525|CHRYSLER CAPITAL|0|20960|20960||0|723565
33526|GM FINANCIAL|15000|0|15000|0|0|723566
33527|Ally  Bank|14987|0|13904|0|1083|723568
33528|ENTERPRISE BANK|934584||206046||728538|723575
33529|Auto Loan - Canandaguia National Bank|7630|0|7630|0|0|723587
33530|Auto Loan - Canandaguia National Bank|14933|0|3513|0|11420|723587
33531|NONE|0|0|0|0|0|723595
33532|Lucas County Builds|965310|0|581568|0|383742|723613
33971|n/a|0|0|0|0|0|728981
33535|TAMCO|0|22474|7308|0|15166|723623
33536|PITNEY BOWES|0|11114|1066|0|10048|723623
33537|None|0|0|0|0|0|723648
33538|673 CREDIT UNION - CHEVY EQUINOX|583|0|583|0|0|723654
33539|673 CREDIT UNION - CHEVY TRAVERSE|0|32523|2416|0|30107|723654
33540|N/A|0|0|0|0|0|723663
33541|NONE|0|0|0|0|0|723668
33542|BUSEY BANK|656865||31951||624914|723670
33544|FORD CREDIT|9353||5102||4251|723675
33545|FORD CREDIT|4091||4091||0|723675
33546|FORD CREDIT|5189||5189||0|723675
33547|FORD CREDIT|3332||1025|2307|0|723675
33548|FORD CREDIT|8719||4360||4359|723675
33549|FORD CREDIT|31537||6881||24656|723675
33550|FORD CREDIT|24753||5304||19449|723675
33551|FORD CREDIT|23579||5145||18434|723675
33552|FORD CREDIT||24864|2900||21964|723675
33557|NONE|0|0|0|0|0|723688
33558|UA Local 73|751920|0|27342|0|724578|723690
33559|NBT Bank|276131|0|10065|0|266066|723690
33560|Building Mortgage|203038|0|50456||152582|723693
33561|Auto Loans|84542|0|49535|0|35007|723697
33562|NONE|0|0|0|0|0|723700
33563|NONE|0|0|0|0|0|723710
33564|None|0|0|0||0|723716
33565|FORD CREDIT|0|33467|33467|0|0|723729
33566|PLUMBERS 55 FEDERAL CREDIT UNION|1764|0|1764|0|0|723737
33567|PLUMBERS 55 FEDERAL CREDIT UNION|0|23266|4722|0|18544|723737
33568|PLUMBERS 55 FEDERAL CREDIT UNION|0|24004|10824|0|13180|723737
33569|PLUMBERS 55 FEDERAL CREDIT UNION|0|19704|1597|0|18107|723737
33570|2018 GMC Sierra 1500|9397||9397||0|723742
33571|2018 Ford F150 ||14620|14620||0|723742
33572|Ford Motor Credit|40822||12247||28575|723757
33574|FIRST BANK AND TRUST|8728|0|6615||2113|723763
33575|FIRST BANK AND TRUST|1812|0|1812||0|723763
33576|FIRST BANK AND TRUST|35615|0|4852||30763|723763
33577|FIRST BANK AND TRUST|0|12063|5048||7015|723763
33578|NONE|0|0|0|0|0|723768
33580|MORGAN STANLEY - HD|470635|21847|492482||0|723777
33581|MORGAN STANLEY - NWLU|0|27268|27268||0|723777
33579|FORD MOTOR CREDIT CORP|7888|22701|30589|0|0|723776
33582|Ford Credit Services|151852|0|49809|0|102043|723788
33583|US Bancorp Equipment Finance|0|62361|11262|0|51099|723788
33584|United Business Bank|170034||6332||163702|723797
33585|NONE|0|0|0|0|0|723809
33586|Local 698|243000|0|0|243000|0|723835
33587|NONE|0|0|0|0|0|723855
33588|Ally Bank|28440||14507||13933|723867
33589|Ford Credit|18070||10623||7447|723867
33590|WELLS FARGO BANK|136560|0|22616||113944|723868
33592|GM Financial |33817|0|6913|0|26904|723882
33593|PNC BANK MORTGAGE|221573|0|9754|0|211819|723898
33594|Bank of America|58094343|0|58094343|0|0|723903
33595|Hingham Institution for Savings |0|40000000|884876|0|39115124|723903
33596|NONE|0|0|0|0|0|723905
33597|Jefferson Bank|4605776|0|1200000|0|3405776|723906
33598|Car Loan|6398|0|5457|0|941|723936
33944|Ford Motor Credit|0|27131|2291||24840|728507
33945|0|0|0|0|0|0|728545
33946|Ford Credit|152701|0|65004|0|87697|728551
33600|NONE|0|0|0|0|0|723958
33601|Ford Motor Credit Company|2519|0|2519|0|0|723959
33602|Chrysler Capital|9427|0|5655|0|3772|723963
33603|NONE|0|0|0|0|0|724004
33604|Ford Motor Credit	|4495||4495||0|724010
33605|Ford Motor Credit	|25086||8582||16504|724010
33606|Univest Capital|24962||14430||10532|724019
33607|BANCO POPULAR OF PR|53845|0|0|11581|42264|724020
33608|BANCO POPULAR OF PR|137868|27132|0|0|165000|724020
33609|no loans exist n/a|0|0|0|0|0|724039
33610|IUOE LOCAL 003|5000000||||5000000|724049
33611|IUOE LOCAL 004|2000000||||2000000|724049
33612|IUOE LOCAL 012|2000000||||2000000|724049
33613|IUOE LOCAL 012 BURIAL FD|1000000||||1000000|724049
33614|IUOE LOCAL 015|7000000||||7000000|724049
33615|IUOE LOCAL 017|500000||||500000|724049
33616|IUOE LOCAL 018|2000000||2000000||0|724049
33617|IUOE LOCAL 030|2000000||||2000000|724049
33618|IUOE LOCAL 037|250000||||250000|724049
33619|IUOE LOCAL 039|1000000||||1000000|724049
33620|IUOE LOCAL 039 EDUC FD|250000||||250000|724049
33621|IUOE LOCAL 066|2000000||||2000000|724049
33622|IUOE LOCAL 101|1000000||||1000000|724049
33623|IUOE LOCAL 103|250000||||250000|724049
33624|IUOE LOCAL 103 STRIKE FD|250000||||250000|724049
33625|IUOE LOCAL 112|1000000||||1000000|724049
33626|IUOE LOCAL 132|1000000||||1000000|724049
33627|IUOE LOCAL 132 HPE|1000000||||1000000|724049
33628|IUOE LOCAL 137|1000000||||1000000|724049
33629|IUOE LOCAL 139|3000000||||3000000|724049
33630|IUOE LOCAL 158|1000000||||1000000|724049
33631|IUOE LOCAL 181|500000||||500000|724049
33632|IUOE LOCAL 234|500000||||500000|724049
33633|IUOE LOCAL 295|250000||||250000|724049
33634|IUOE LOCAL 302|14000000||||14000000|724049
33635|IUOE LOCAL 324|2000000||||2000000|724049
33636|IUOE LOCAL 399|500000||||500000|724049
33637|IUOE LOCAL 420|300000||||300000|724049
33638|IUOE LOCAL 450|1000000||||1000000|724049
33639|IUOE LOCAL 463|250000||||250000|724049
33640|IUOE LOCAL 478|250000||||250000|724049
33641|IUOE LOCAL 513|1000000||||1000000|724049
33642|IUOE LOCAL 520|250000||||250000|724049
33643|IUOE LOCAL 542|3000000||||3000000|724049
33644|IUOE LOCAL 649|900000||||900000|724049
33645|IUOE LOCAL 793|1000000||||1000000|724049
33646|IUOE LOCAL 825|5000000||||5000000|724049
33647|IUOE LOCAL 841|2000000||||2000000|724049
33648|IUOE LOCAL 68|500000||||500000|724049
33649|IUOE LOCAL 115|500000||||500000|724049
33650|IUOE LOCAL 178|250000||||250000|724049
33651|IUOE LOCAL 148|250000||||250000|724049
33652|IUOE LOCAL 351|500000||||500000|724049
33653|WELLS FARGO CREDIT LINE|37311797|3130653|20000000||20442450|724049
33654|COLUMBIA BANK|34047800||792700||33255100|724049
33655|GM FINANCIAL LEASING|33888||4981||28907|724049
33656|Capital lease payable - Marlin Business Bank |32344|0|17928|0|14416|724065
33657|Loan - Teamsters Local 986 Charity Fund Inc.|0|1500000|0|0|1500000|724065
33658|2019 Jeep Cherokee|0|31685|31685|0|0|724076
33659|2019 Jeep Grand Cherokee|0|39482|39482|0|0|724076
33660|OE FEDERAL CREDIT UNION|12240|0|12240|0|0|724099
33661|FIVE STAR BANK #1334|395138|0|395138|0|0|724099
33662|FIVE STAR BANK #3854|0|850000|9672|0|840328|724099
33663|Auto Loan-Citizens Bank||35033|3533||31500|724117
33664|GM FINANCIAL|22405|0|22405|0|0|724126
33665|HUNTINGTON BANK MORTGAGE|585249|0|73763|0|511486|724187
33666|GM FINANCIAL|0|39230|6460||32770|724190
33667|Chrysler|22954|0|6040|0|16914|724192
33668|Chrysler|17472|0|6251|0|11221|724192
33669|Ally|44827|0|6054|0|38773|724192
33670|GM Financial|27159|0|6089|0|21070|724192
33671|BUSEY BANK|4724|0|4724||0|724195
33672|Ford Motor Credit|391917|277072|256846|33762|378381|724240
33673|CIT|7035|0|3052|0|3983|724247
33674|Hiring Hall|154902|70000|||224902|724264
33675|Pension Fund|217676||6048||211628|724264
33676|Loan Payable on Building|357211|0|67679|0|289532|724281
33677|FORD CREDIT|35176|0|7537|0|27639|724350
33678|FORD MOTOR CREDIT|23354|0|23354|0|0|724351
33679|GM FINANCIAL|27770|0|27770|0|0|724363
33680|NONE|0|0|0|0|0|724397
33681|SEIU|16641922|0|1400000|31636|15210286|724403
33682|FIRST Insurance Funding|30677|0|30677|0|0|724403
33683|FIRST Insurance Funding|22351|0|22351|0|0|724403
33684|Amalgamated Bank of Chicago|1209589|0|79967|0|1129622|724413
33685|Ally Finance Company|75139|0|29160|0|45979|724413
33686|GM Financial Company|0|73278|7214|0|66064|724413
33687|N/A|0|0|0|0|0|724426
33688|OPEIU International|46068|0|29095|0|16973|724451
33689|Automobile Loans|100691|0|41980|0|58711|724451
33690|N/A|0|0|0|0|0|724460
33691|Key Bank|9185|0|3954|0|5231|724486
33692|Camden National Bank|11409|0|2947|0|8462|724486
33693|Camden National Bank|15807|0|3991|0|11816|724486
33694|Bank|114814|0|18804|0|96010|724627
33695|Credit Card Payable|10217|286|0|0|10503|724647
33696|NONE|0|0|0|0|0|724666
33697|NONE|0|0|0|0|0|724700
33698|First National Bank of Omaha|0|2500000|0|0|2500000|724713
33699|Ally|20623|0|20623|0|0|724714
33700|NONE|0|0|0|0|0|724719
33701|CAPITAL LEASE PAYABLE|2268||443||1825|724728
33702|First National Bank|10007|0|3626||6381|724734
33703|Republic Bank|276496||9870||266626|724743
33704|NONE|0|0|0|0|0|724748
33705|Credit Union|12169|24339|10940|0|25568|724778
33706|Peoples National Bank|28255|0|3396|0|24859|724784
33707|Blackhawk Bank|765330|0|469728|0|295602|724785
33709|Powernet|17004|23598|17004||23598|724789
33708|FIFTH THIRD BANK |0|4999689|0|0|4999689|724788
33710|GMC Financial|22029|0|22029|0|0|724825
33711|GMC Financial|11152|0|11152|0|0|724825
33712|M&I Bank |168343|0|168343||0|724832
33713|Bank of Labor||99250|8781||90469|724832
33715|Standard Bank|288187||12922||275265|724856
33716|Urban Redevelopment Authority of Pittsburgh|180617||9710||170907|724856
33717|Great American Financial Services (Captial Lease)|7299||4805||2494|724856
33718|Konica Minolta (Capital Lease)|9678||2348||7330|724856
33719|Simmons Bank|429680|0|24808|0|404872|724866
33720|Roxie Pride|1024|6246|7270||0|724871
33721|TELEPHONE SYSTEM|1871|0|1404|467|0|724896
33722|ALLY GMC|53107|0|0|53107|0|724896
33723|HOLCOMB STATE BANK - LOC|50943|0|50943|0|0|724911
33724|NONE|||||0|724921
33725|Ford Credit|246390|45808|83180|0|209018|724926
33726|Line of Credit|57780|0|57780|0|0|724941
33728|Due to PAC|4200||||4200|724988
33729|NONE|0|0|0|0|0|724991
33730|NOTE PAYABLE - FORD CREDIT|20064|24819|7127||37756|724993
33731|Brittain Rd Loan|1182404|0|96617|0|1085787|725012
33732|None|0|0|0|0|0|725026
33733|CHASE|10831|0|10831||0|725032
33734|ALLY|26331|0|6427||19904|725032
33735|CITIZEN'S|0|25235|3429||21806|725032
33736|Ally Financial, Inc|27063|0|27063|0|0|725034
33737|NONE|0|0|0|0|0|725059
33738|Mortgage Note|94366|0|94366|0|0|725069
33739|Lincoln Auto Financial Svc|4435|0|4435|0|0|725107
33740|FORD MOTOR CREDIT|105686||29010||76676|725142
33741|AUTO MOBILE LOAN|20949|0|6547|0|14402|725151
33743|FORD CREDIT|4323|0|4323|0|0|725175
33744|FORD CREDIT|18654|0|18654|0|0|725175
33745|NONE|0|0|0|0|0|725182
33746|T D Auto Finance||16959|550||16409|725189
33747|n/a|0|0|0|0|0|725194
33748|Ally - 2015 Malibu|12703|0|7141|0|5562|725197
33749|Ally - 2016 Impala|20535|0|5362|0|15173|725197
33750|Ally - 2017 Impala|26054|0|6050|0|20004|725197
33751|Ally - 2016 Malibu|29333|0|6759|0|22574|725197
33752|Ally - 2016 Silverado|25875|0|6107|0|19768|725197
33753|NONE|0|0|0|0|0|725211
33754|Note Payable, MFCU-2015|19828|0|5733|0|14095|725217
33755|Merrill Lynch Margin Loan|161259|4965|166224||0|725224
33756|Capital Lease - Tamco|1025|0|1025||0|725224
33757|COMERICA BANK - MORTGAGE PAYABLE|96882||6235||90647|725227
33758|NO LOAN PAYABLE|0|0|0|0|0|725236
33759|ALLY CREDIT|8568|163671|51518||120731|725250
33760|WELLS FARGO|12600||7200||5400|725250
33761|CHASE BANK||25741|1638||24103|725250
33762|LINCOLN FINANCIAL||86595|2375||84220|725250
33763|GM FINANCIAL|43001||43001||0|725250
33764|NONE|0|0|0|0|0|725261
33765|FORD CREDIT|0|19164|2401|0|16763|725262
34028|GM FINANCIAL|20859|0|6587|0|14272|730017
33778|Per Capita - SEIU Loan|759609||60000||699609|725280
33779|FORD CREDIT (9 VEHICLES)|0|147813|147813|0|0|725283
33780|Ford Motor Credit|12487|0|4995|0|7492|725290
33781|Ally Bank|9414|0|3375|0|6039|725290
33782|Ford Motor Credit|10242|0|5344|0|4898|725290
33783|Ford Motor Credit|10002|0|5218|0|4784|725290
33784|Ford Motor Credit|8433|0|3892|0|4541|725290
33785|Ford Motor Credit|7224|0|5401|0|1823|725290
33786|Ally Bank|13940|0|6827|0|7113|725290
33787|Ally Bank|13037|0|5222|0|7815|725290
33788|GM Financial|17625|0|6831|0|10794|725290
33789|Labor Organizations|442950|0|442950|0|0|725306
33790|NONE|0|0|0|0|0|725309
33791|WELLS FARGO ADVISORS - LOC|0|349940|7271||342669|725314
33793|NONE|0|0|0|0|0|725337
33801|DE LAGE LANDEN|6066||6066||0|725354
33802|EVERBANKS COMMERCIAL|4346||3455||891|725354
33803|WELLS FARGO|38096||12344||25752|725354
33804|MAILFINANCE|0|57038|10345||46693|725354
33805|FORD MOTOR COMPANY|158163|123210|89512|324|191537|725367
33806|Ford Credit|504||504|0|0|725368
33807|Ford Credit|2446||2446|0|0|725368
33808|Ford Credit|14379||5478|0|8901|725368
33809|Ally Bank|10930||10930|0|0|725368
33810|Ford Credit|28183||6916|0|21267|725368
33811|Ford Credit|22941||5783|0|17158|725368
33812|Ally Bank|38118||38118|0|0|725368
33813|Ford Credit|26806||6532|0|20274|725368
33814|Ford Credit|21299||5103|0|16196|725368
33815|Ford Credit|30337||6447|0|23890|725368
33816|Ally Bank|27419||5149|0|22270|725368
33817|Ford Credit|21370||4204|0|17166|725368
33818|Ally Bank|0|35877|5336|0|30541|725368
33819|Chysler|0|64651|1853|0|62798|725368
33820|Capital Lease-TIAA Bank|15535|0|15535|0|0|725370
33821|LINE OF CREDIT - BANK OF LABOR|11000000|0|0|0|11000000|725373
33822|Verizon Wireless-I Phones & I Padss|2149|0|1885|0|264|725378
33823|N/A|0||||0|725390
33824|RC Cubed|97569|0|4339|0|93230|725395
33825|None|0|0|0|0|0|725401
33826|GM Financial|14811|0|14811|0|0|725411
33827|NONE|0|0|0|0|0|725418
33828|Ford Credit|24302|0|6739|0|17563|725433
33829|Ally  Bank|29964|203269|119545|0|113688|725433
33830|Wells Fargo|16356|0|16356|0|0|725433
33831|GM Financial|18920|25366|3894|0|40392|725433
33832|UNITE HERE International Union|166763||12000||154763|725461
33833|Credit cards charged in 2018 paid this year|18904||17928||976|725471
33834|Ford Motor Credit|20326||18861||1465|725479
33835|ALLY BANK VEHICLE LOAN|22172||22172||0|725492
33836|Vehicle Loan Payable - Union Yes FCU|28613|0|15810|0|12803|725498
33837|Vehicle Loan Payable - Ford|61225|0|24865|0|36360|725498
33844|CHRIS BRAYTON|2200|0|0|0|2200|725511
33845|JAY NYKOL|1786|0|0|0|1786|725511
33846|KIM ESPEN|2000|0|0|0|2000|725511
33847|SCOTT MCMULLEN|2000|0|0|0|2000|725511
33848|SCOTT PILON|2856|0|0|0|2856|725511
33849|SHAWN TILTON|1786|0|0|0|1786|725511
33850|KEN BUSROE|327|0|327|0|0|725511
33851|N/A|0|0|0|0|0|725530
33852|Building Loan - United Business Bank|391671|0|33281|0|358390|725559
33853|GENWORTH	|1173040|0|146702||1026338|725568
33854|Coop A/C UTI de PR||8000|||8000|725587
33855|AMALGAMATED - SACRAMENTO|872356||54785||817570|725595
33856|AMALGAMATED - SAN JOSE|437100||27450||409650|725595
33857|BB&T Commercial|44344||9964||34380|725596
33858|CALIFORNIA BANK AND TRUST|250000|0|250000||0|725597
33859|Service Employees International Union|306592|0|0|0|306592|725607
33860|LUTHER FAMILY FORD|23619||||0|725746
33861|IAFF EDF LOAN|14000|0|8000|0|6000|725751
33862|Line of Credit from BB&T|15879|0|15879|0|0|725794
33863|Credit Card from BB&T|3747|0|3747|0|0|725794
33864|Line of Credit from Health & Welfare|14540|0|0|0|14540|725794
33865|SONA Bank Auto Loan|8755|0|8755|0|0|725794
33866|MORTGAGE PAYABLE|99097|0|13368|0|0|725816
33867|WEA Trust|4768|0|4768||0|725821
33868|Building Mortgage|758349|0|75419|0|682930|725831
33869|NONE|0|0|0|0|0|725839
33871|M&T Bank|616690|0|616690|0|0|725867
33872|Owed To Other Funds|8061|0|8061|0|0|725867
33873|NONE|0|0|0|0|0|725929
33874|None|0|0|0|0|0|725931
33875|Automobile|19812|0|3564|0|16248|725933
33876|American National Bank|1650018|942620|20533|0|2572105|725990
33877|Ford|257257|96518|127474|0|226301|726010
33878|Ally|37352|0|37352|0|0|726010
33879|Fifth Third Bank|373944|0|29527|0|344417|726011
33880|Ally Bank|1448||1448||0|726063
34029|LOAN INTERNATIONAL|108997|0|36000||72997|730020
33881|Note Payable - Paducah Bank|11892||3506||8386|726120
33882|N/A|0|0|0|0|0|726125
33883|SEIU|20872||||20872|726139
33884|SEIU|495899||140000||355899|726139
33885|MORTGAGE POPULAR|706176||83473||622703|726139
33886|FONDO RECREATIVO Y EDUCACIONAL DE LA UGT||155000|||155000|726139
33887|FIDEICOMISO RECREATIVO Y VACACIONAL DE LA UGT||87368|||87368|726139
33888|ALLY|0|23748|527|0|23221|726163
33889|FORD CREDIT|0|23697|1481|0|22216|726163
33890|AUTOMOBILE FINANCING|49469|0|21162|0|28307|726198
33891|BANK FINANCING|982018|0|45344|0|936674|726198
33892|Note Payable-Ford Motor Credit #1|0|14230|815||13415|726259
33893|Note Payable-Ford Motor Credit #2|0|15503|888||14615|726259
33894|Note Payable - US Bank|3175|0|3175||0|726259
33895|National Postal Mail Handlers Union|57303||57303||0|726363
33896|Tresurer||20000|||20000|726363
33897|First Citizens Bank|39838||39838||0|726430
33898|Capital Lease/Printer|5308||1181||4127|726430
33899|Verizon Wireless - I Phone|0|840|210|0|630|726432
33900|NONE|0|0|0|0|0|726452
33901|N/A|0|0|0|0|0|726476
33902|N/A|0|0|0|0|0|726533
33905|BB&T Bank Card|8799|120898|122569||7128|726984
33906|FORD MOTOR CREDIT|932|0|932|0|0|727192
33907|ALLY FINANCIAL|0|44927|3932||40995|727192
33908|GARNET FORD|22155|0|5253||16902|727264
33909|None|0|0|0||0|727266
33910|TEAMSTERS CREDIT UNION|39337|0|8311|0|31026|727297
33911|Northside Bank|32808|0|32808||0|727392
33912|Luzerne Bank|13211|0|5654|0|7557|727440
33913|None|0|0|0|0|0|727444
33914|Ally (Auto Loans)|17961||10101||7860|727525
33915|Ford Credit|89580||20067||69513|727525
33916|TEAMSTERS CREDIT UNION|92852|0|24354|0|68498|727576
33917|IBEW Credit Union|332440|0|20992|0|311448|727583
33918|SEIU LOAN |116667|0|33333||83334|727605
33919|INTL TEAMSTERS|116667|0|33333||83334|727605
33920|GMAC AUTO LOAN|11766||4279||7487|727683
33921|BANK OF LABOR|202807|0|5140||197667|727697
33922|CHRYSLER CAPITAL|4990|0|4990|0|0|727767
33923|AFSCME INTERNATIONAL|0|100000|33158|66842|0|727775
33924|N/A|0|0|0|0|0|727779
33925|N/A|0|0|0|0|0|727809
33926|None|0|0|0|0|0|728157
33927|Vehicle Loans|36730|0|29138|0|7592|728158
33947|Car loan|18300|0|18300|0|0|728569
33948|N/A|0|0|0|0|0|728670
33950|Bldg (310 Bldg bonds) Loans Payable|116754||||116754|728708
33951|50M TD Loan Payable Long Term|0|29445000|||29445000|728708
33952|REPUBLIC BANK|265134||73131||192003|728781
33953|FORD MOTOR CREDIT|19283||5785||13498|728781
33954|Alabama One Credit Union|17830|0|140||0|728788
33955|Xerox|63335|0|19891||43444|728814
33956|Ricoh|9347|0|0|0|9347|728814
33958|None|0|0|0|0|0|728900
33959|None|0|0|0|0|0|728900
33960|None|0|0|0|0|0|728900
33961|None|0|0|0|0|0|728900
33962|None|0|0|0|0|0|728900
33963|None|0|0|0|0|0|728900
33964|None|0|0|0|0|0|728900
33965|None|0|0|0|0|0|728900
33966|None|0|0|0|0|0|728900
33967|None|0|0|0|0|0|728900
33968|None|0|0|0|0|0|728900
33969|None|0|0|0|0|0|728900
33970|GM Finance||132404|9614||122790|728915
33973|N/A|0|0|0|0|0|729029
33974|N/A|0|0|0|0|0|729029
33975|N/A|0|0|0|0|0|729029
33976|N/A|0|0|0|0|0|729029
33977|N/A|0|0|0|0|0|729029
33978|N/A|0|0|0|0|0|729029
33979|N/A|0|0|0|0|0|729029
33980|N/A|0|0|0|0|0|729029
33981|N/A|0|0|0|0|0|729029
33982|N/A|0|0|0|0|0|729029
33983|N/A|0|0|0|0|0|729029
33984|N/A|0|0|0|0|0|729029
33986|N/A|0|0|0|0|0|729038
33987|Notes Payable-Autos|0|87985|38555||49430|729078
33988|Wells Fargo|671283|0|250558|0|420725|729175
33989|Viriva Credit Union|109839|0|109839|0|0|729176
33990|GM|5705|0|5705|0|0|729176
33991|Allied Bank|36838|0|11396|0|25442|729176
33992|Amalgamated Bank|1000000|0|9570|0|990430|729176
33993|N/A - None|0|0|0|0|0|729185
33994|AFGE|70000|0|0|70000|0|729188
33996|First Class Credit Union|11368|0|5817|0|5551|729261
33997|None|0|0|0|0|0|729326
33999|DC 33 LEGAL SERVICES PLAN|122544|0|0|0|122544|729507
34000|CTU 101-12|138116|48350|19566|0|166900|729519
34001|WASH TYPO FED CR UN|24628|0|22730|0|1898|729519
34002|INTERSTATE SEVICE COMPANY|11416|0|7868|0|3548|729519
34006|304 Pennsylvania Ave NW Corp|27590|68544|0|0|96134|729547
34007|ALPA National to 1625 Mass Corp|1024611|63421|0|0|1088032|729547
34008|Suntrust Commerical Loan #2|974837|0|270945|0|703892|729547
34009|International Brother Hood of Electrical Workers|221415||221415||0|729576
34010|Auto Loan Ford Explorer 2016|22267|0|11030|0|11237|729611
34011|Auto Loan Ford Explorer 2017|22106|0|11560|0|10546|729611
34012|Auto Loan Ford Fusion 2019|0|23982|799|0|23183|729611
34013|Auto Loan Ford Fusion 2019|0|24077|803|0|23274|729611
34014|n/a|0|0|0|0|0|729680
34015|DOLLAR BANK CONSTRUCTION |146909|0|5601|0|141308|729721
34016|HUNTINGTON LOAN-VEHICLE|21500|0|4948|0|16552|729721
34017|n/a|0|0|0|0|0|729732
34018|n/a|0|0|0|0|0|729734
34019|n/a|0|0|0|0|0|729735
34022|NONE|0|0|0|0|0|729913
34023|Loan - Prosper Bank|446834|0|21241|0|425593|729921
34026|None|0|0|0|0|0|729987
34027|US BANK|16743|0|9070|0|7673|730017
34030|LOAN PAYABLE - BRIAN MURPHY||28660|7000||21660|730020
34031|District Council 33|71751|0|12369||59382|730058
34033|VALLEY NATIONAL BANK|44274||12007||32267|730100
34034|LOAN - JOSEPH SENESE|1124|0|0|0|1124|730104
34035|NORTHBROOK LOAN - 007|156418|0|39548|0|116870|730104
34036|LOAN - LOCAL 707|200129|171030|324220|0|46939|730104
34037|LOAN - AMERICAN CAPITAL|0|15000|2574|0|12426|730104
34038|LOAN - FIRST SECURE|0|48000|3000|0|45000|730104
34039|LOAN - AMEX BUSINESS|0|26397|6000|0|20397|730104
34040|NPWU PROTECH|159911|0|7867|0|152044|730107
34041|TRUCK DRIVERS, CHAUFFEURS & WHSEMEN|597711|130113|0|0|727824|730107
34042|NPWU INSURANCE FUND|101069|0|0|0|101069|730107
34043|CLEVELAND & VICINITY LOCAL 707|41568|20988|0|0|62556|730107
34044|AMEX BUSINESS LAON|19725|0|9015|0|10710|730107
34045|AMERICAN CAPITAL|0|14993|5945|0|9048|730107
34046|UFCW International Union|50000|0|50000|0|0|730115
34047|TWU Int'l|256374|0|21870|0|234504|730121
34050|UAW INTERNATIONAL|91254|||30324|60930|730178
34051|First Hawaiian Bank (Building)|300828|0|11157||289671|730197
34052|First Hawaiian Bank (Auto)|7315|0|2060|5255|0|730197
34053|First Hawaiian Bank (Auto)|0|52017|5404||46613|730197
34060|WEBSTER BANK|9559|0|8686||873|730242
34061|NONE|0|0|0|0|0|730252
34064|FORD MOTOR CREDIT|15864||7054||8810|730297
34065|LINCOLN FINANCIAL SERVICES|59751||11950||47801|730297
34066|N/A|0|0|0|0|0|730311
34068|DUE TO 1S REALTY CORP|26831|354|0|0|27185|730440
34069|BEWCO|35166|0|19012|0|16154|730441
34070|BEWCO|36927|0|0|0|36927|730441
34073|0|0|0|0|0|0|730472
34076|LINE OF CREDIT |485797||35941||449856|730507
34078|Ford Motor Credit|20067||9632||10435|730537
34079|Ford Motor Credit|27838||6722||21116|730537
34080|Ford Motor Credit|27839||6723||21116|730537
34087|REPUBLIC BANK (TERM LOAN #1)|6677655|0|219070|0|6458585|730628
34088|REPUBLIC BANK (TERM LOAN #2)|738811|0|25212||713605|730628
34089|REPUBLIC BANK (L.O.C.)|0|0|0|0|0|730628
34090|AFSCME (TERM LOAN)|513496|0|0|161757|351739|730628
34091|ALLY (AUTO LOANS)|0|80056|2136|4851|73069|730628
34092|GM FINANCIAL (AUTO LOANS)|16706|0|0|7160|9546|730628
34093|UFCW C.U. (AUTO LOANS)|77322|53847|0|22863|108306|730628
34094|COMMUNITY BANK (TERM LOAN)|866041|0|167654|0|698387|730628
34095|COMMUNITY BANK (AUTO LOANS)|176605|106000|735|111953|169917|730628
34096|NONE|0|0|0|0|0|730629
34097|Honor Credit Union|19846|0|5391|0|14455|730634
34098|NATIONAL ASSOCIATION OF SPECIALTY TRADES BENEFIT|0|1525|||1525|731544
34099|FIRST BANK & TRUST |2770722|0|220482|0|2550240|731562
34100|AMUR EQUIPMENT FINANCE, INC.|57158|0|27756|0|29402|731562
34101|GM FINANCIAL|0|49493|5742|0|43751|731562
34102|HANCOCK BANK-LOANS PAYABLE|0|55319|0|0|55319|731571
34104|2018 CHEVY SILVERADO #74011|40992|0|5831|0|35161|731581
34105|2018 CHEVY SILVERADO #49049|40665|0|6170|0|34495|731581
34106|2018 CHEVY SILVERADO #44714|41449|0|6676|0|34773|731581
34107|2019 CHEVY TRAVERSE #74010|37298|0|5659|0|31639|731581
34108|2018 GMC SIERRA #44319|51899|0|7630|0|44269|731581
34109|None|0|0|0|0|0|731601
34113|RANGE BANK  #827766|17248|0|17248|0|0|731946
34114|Pierce Transit Payable-Net Change|43955|104690|81899||66746|732095
34115|Credit Cards - net Change|3024|54689|57713||0|732095
34116|Payroll Liability|65|82193|82258||0|732095
34121|CWA International|29818|0|14975|0|14843|732408
34126|Amalgamated Bank|357192|0|8721|0|348471|732674
34131|Latanja Silvester|0|5000|5000|0|0|733114
34134|GMC FINANCIAL|26451||26451|0|0|733326
34136|POPULAR AUTO|15453||5291||10162|733606
34137|NONE|0|0|0|0|0|733659
34138|FORD MOTOR CREDIT|2505|0|2505|0|0|733670
34143|SunTrust Bank|404443||21231||383212|734002
34152|BPPR|375843|0|375843||0|734307
34154|Employee Payroll |3|||0|3|734374
34155|IRS REFUND|6700|0|0|0|6700|734434
34162|ALLY GMAC|8927|0|8927|0|0|734762
34173|None|0|0|0|0|0|734995
34190|NONE|0|0|0|0|0|735204
34193|UBTG|0|2119|0|0|2119|735272
34195|Ally Financing (Auto)|26074|0|7446||18628|735295
34266|Mailroom Consultants|4005|0|4005||0|735924
34267|Canon Financial Services, Inc.|1703|0|1703||0|735924
34268|Canon Financial Services, Inc|0|15751|3806||11945|735924
34309|NONE|0|0|0|0|0|736230
34362|Line of Credit|303765||12184||291581|736605
34363|Capital Leases (Automobiles)|100391||23308|24720|52363|736605
34375|BANK OF AMERICA|20080546|0|4728713|0|15351833|736710
34395|LINE OF CREDIT|300000|0|0|0|300000|737159
34392|United Business Bank|77989|0|77989||0|737049
34396|LOAN AUTOMOBILE|3975|0|3975|0|0|737159
34397|LOAN|157153|0|33112|0|124041|737159
34398|GM FINANCIAL - AUTOMOBILE|0|40343|16409|0|23934|737206
34400|Service Employees International Union|2775000|0|0|0|2775000|737274
34411|None|0|0|0|0|0|737505
34429|Ocean First Mortg.|709649|0|22686||686963|738061
34430|SBA Loan/Mortg.|378516|0|10980||367536|738061
34431|All other (Cap. Leases)|128773|0|44514||84259|738061
34489|PNC BANK|99362|0|10723|0|88639|738867
34495|NONE|0|0|0|0|0|738924
34496|De Lage Landen Fin. Serv.||6290|||6290|738925
34514|FCU Loan|117091|34667|31743||120015|739357
