OID|SOURCE|LOANS_OWED_START|LOANS_OBTAINED|CASH_REPAYMENT|NON_CASH_REPAYMENT|LOANS_OWED_END|RPT_ID
13874|L&N FEDERAL CREDIT UNION|41177|0|11080|0|30097|436010
11566|BANK OF AMERICA|109732|0|948|0|108784|405878
13528|N/A|0|0|0|0|0|429284
13557|US BANK|25000|0|0|0|25000|430974
15414|NONE|0|0|0|0|0|451955
13498|NONE|0|0|0|0|0|427390
13499|NONE|0|0|0|0|0|427456
13520|CENTRAL TRADES LABOR COUNCIL|262|0|0|0|262|428806
13529|PNC BANK -LINE OF CREDIT|50599|0|2465|0|48134|429668
13530|NE DISTRICT COUNCIL H & W|43500|0|0|0|43500|429668
13531|UFCW INTERNATIONAL UNION|100221|0|24000|0|76221|429668
13535|HERGET BANK|89784|0|35576|0|54208|430597
13544|National APWU|0|224000|162162|0|61838|430726
13549|FORD MOTOR CORP.|111303|0|27150|0|84153|430815
13550|GMAC|0|41420|3762|0|37658|430860
13551|Keith Hawthorne Ford of Charlotte|0|32562|32562|0|0|430875
13552|NONE|0|0|0|0|0|430893
13553|NONE|0|0|0|0|0|430938
13555|Keybank National Assoc.|0|46216|2217|0|43999|430969
15419|GMAC|62041|0|17985|12314|31742|452002
13558|US BANK|12500|0|0|0|12500|430974
13559|US Bank|10665|0|3169|0|7496|431001
13560|IBEW Visa|0|12811|12210|0|601|431001
13562|Credit Line Payable|0|0|0|0|0|431040
13573|ELECTRICAL FEDERAL CU|96378|0|29308|0|67070|431165
13574|Avaya Phone|13635|0|13635|0|0|431423
13575|Copier|1855|0|1855|0|0|431423
13583|CHRYSLER-2006 TOWN & COUNTRY|7817|0|5455|0|2362|431568
13584|CITIZENS-2007 CHEVY IMPALA|10186|0|3562|0|6624|431568
13585|BK OF AMERICA-2005 CARAVAN|6279|0|5391|0|888|431568
13586|FORD CREDIT-2007 EXPLORER|18251|0|6637|0|11614|431568
13594|LABOR MGMT COOP TRUST|7391|0|0|0|7391|431686
13598|VEHICLE LOANS|25417|0|19849|3331|2237|431901
13599|Credential Leasing Corp|5682|0|3980|0|1702|432041
13600|BSFS Equipment Leasing|8781|0|5937|0|2844|432041
13601|Power Net Credit Union|107898|64284|25127|0|147055|432041
13602|Yale Mortgage Corporation|0|204750|2348|0|202402|432041
13607|FORD MOTOR CREDIT CORP|25654|0|9412|0|16242|432129
13613|POWERNET BANK - AUTO|23415|0|6924|0|16491|432164
13614|INTERNATIONAL LOAN|619691|0|0|0|619691|432168
13615|INTERNATIONAL PER CAPITA|573159|0|0|0|573159|432168
13617|None|0|0|0|0|0|432218
13619|UA Loan|38550|0|9300|29250|0|432478
13620|Building Mortgage|882781|0|59093|0|823688|432478
13625|Desert Community Bank - 2009 Malibu|9469|0|6572|0|2897|432768
13627|Ford Credit|17523|0|5460|0|12063|432776
13632|District 57 Lodge|5000|0|5000|0|0|432993
13633|NONE|0|0|0|0|0|433108
13634|Automobile Loan|19368|0|10998|0|8370|433111
13635|WEST COAST BANK|441798|0|57249|0|384549|433115
13636|Ford Motor Credit Co.|3765|0|3765|0|0|433175
13637|Reliable Financial Corp.|12936|0|3915|0|9021|433175
13638|N/A|0|0|0|0|0|433177
13639|FORD CREDIT|0|272335|58703|0|213632|433180
13643|None|0|0|0|0|0|433286
13644|Fifth Third Bank|87000|0|5500|0|81500|433287
13649|NONE|0|0|0|0|0|433401
13650|General Motors Acceptance Corp|43512|0|8702|0|34810|433438
13652|NO.CA. CARPENTERS REGIONAL COUNCIL|2841431|0|147986|0|2693445|433559
13653|HUNTINGTON NATIONAL BANK|7371|0|4286|0|3085|433560
13654|HUNTINGTON NATIONAL BANK|7560|0|4419|0|3141|433560
13655|KEY BANK|69453|0|31192|0|38261|433560
13656|NONE|0|0|0|0|0|433563
13657|NJ State Fraternal Order of Police|267925|0|55925|0|212000|433725
13662|SunTrust|44128652|2152156|5779160|0|40501648|433809
13667|NOTE PAYABLE AFL-CIO|4146|0|4146|0|0|433918
13671|Ikon|796|0|796|0|0|433928
13672|Great American Leasing|824|0|824|0|0|433928
13674|None|0|0|0|0|0|433938
13679|BANK OF AMERICA|7995|0|2922|0|5073|433949
13680|IBEW FCU|12650|0|4482|0|8168|433949
13681|PRAIRIELAND CREDIT UNION|8612|0|6319|0|2293|433951
13682|PRAIRIELAND CREDIT UNION|12434|0|4989|0|7445|433951
13683|PRAIRIELAND CREDIT UNION|15854|0|4893|0|10961|433951
13684|None|0|0|0|0|0|433955
13685|CARPENTERS DISTRICT COUNCIL OF ST. LOUIS AND VICIN|553499|0|36295|0|517204|433969
13686|None - Not Applicable|0|0|0|0|0|433971
13687|IBEW LU 278 FCU I|6162|0|6162|0|0|433974
13688|IBEW LU 278 FCU J|4169|0|4169|0|0|433974
13689|IBEW LU 278 FCU K|0|10959|4570|0|6389|433974
13690|IBEW LU 278 FCU L|0|4554|386|0|4168|433974
13691|IBEW LU 278 FCU  M|0|17250|736|0|16514|433974
13692|MORTGAGE ON BUILDING|249377|0|10567|0|238810|434016
13695|DUE TO GMAC CREDIT|12256|0|7649|0|4607|434097
13697|NOT APPLICABLE|0|0|0|0|0|434103
13698|None|0|0|0|0|0|434141
13699|Bank of America|484800|0|21444|0|463356|434222
13700|Bryn Mawr Trust|0|100000|3312|0|96688|434245
13701|NONE|0|0|0|0|0|434253
13702|CHRYSLER FINANCIAL|33688|0|5425|0|28263|434254
13704|PEC COLONIAL BANK|200000|0|200000|0|0|435329
13706|Ford Motor Credit|41094|0|32243|0|8851|435348
13707|PACIFIC NW IRONWORKERS FEDERAL CU|0|14479|2288|0|12191|435361
13708|Brien Motors|47253|0|14042|0|33211|435363
13709|RHINEBECK SAVINGS BANK|16811|0|3330|0|13481|435390
13710|SARATOGA NATIONAL BANK|23684|0|4325|0|19359|435390
13715|FIRST UNITED BANK & TRUST|0|20667|2133|0|18534|435408
13716|XEROX CORP|4581|0|1895|0|2686|435416
13717|BANTERRA BANK|12981|0|9042|0|3939|435416
13718|BANK OF MARION|0|328802|0|0|328802|435416
13719|NONE|0|0|0|0|0|435419
13720|NONE|0|0|0|0|0|435420
14218|CWA NATIONAL|178395|0|6096|0|172299|440188
14219|Certificates payable|3350|0|0|0|3350|440192
14220|Auto loan|35148|0|6491|0|28657|440192
14221|COMM WORKERS OF AMERICA|215668|0|6165|0|209503|440197
14222|NEAFCU|0|60000|3677|0|56323|440200
14223|CHASE AUTOMOTIVE FINANCE|643|0|643|0|0|440204
14224|NISSAN MOTOR ACCEPTANCE|19067|0|0|13828|5239|440204
14225|SOUTHEAST FINANCIAL FEDERAL CU|67568||67568||0|440209
14226|CWA International|0|1295|1295|0|0|440227
14227|Amcore(Bldg Loan)|650000|850000|42397||1457603|440283
14228|BUSINESS VEHICLE FINANCE|0|21997|7448|0|14549|440310
14229|CHRYSLER FINANCIAL|0|24300|6480|0|17820|440310
13733|GMAC|1339|0|1339|0|0|435442
13734|NONE|0|0|0|0|0|435450
13735|NONE|0|0|0|0|0|435454
13736|Sovereign Bank|0|18892|3275|0|15617|435467
13737|Sovereign Bank|11328|0|11328|0|0|435467
14230|FORD CREDIT|0|50447|46419|0|4028|440310
14231|GMAC|0|94595|20818|17199|56578|440310
13759|NONE|0|0|0|0|0|435553
13760|GMAC|0|29911|0|0|29911|435556
13761|Lessor-Xerox|2431|0|2431|0|0|435559
13762|Lessor-Pitney Bowes|1244|0|1244|0|0|435559
13763|Lessor-Wells Fargo|10239|0|10239|0|0|435559
13764|Lessor-Wells Fargo|546247|0|169267|0|376980|435559
13765|Lessor-Wells Fargo|224601|0|121124|0|103477|435559
13766|Lessor-Pitney Bowes|12640|0|12640|0|0|435559
13767|Lessor-Wells Fargo|38287|0|38287|0|0|435559
13768|Lessor-Xerox|28396|0|22496|0|5900|435559
13769|Lessor-Xerox|16965|0|13440|0|3525|435559
13770|Lessor-Xerox|14049|0|6240|0|7809|435559
13771|Lessor-Wells Fargo|22390|0|8993|0|13397|435559
13772|INTERNATIONAL|2160000|0|1080000|0|1080000|435560
13775|NONE|0|0|0|0|0|435585
13776|NONE|0|0|0|0|0|435587
13777|None|0|0|0|0|0|435591
13778|EDWARD JONES|142356|0|142356|0|0|435611
13783|ILLINOIS NATIONAL BANK|0|263084|2994|0|260090|435625
13784|GMAC|0|63468|0|0|63468|435629
13785|GMAC|0|58898|6544|0|52354|435629
13786|XEROX CORPORATION|9131|0|1489|0|7642|435635
13787|NONE|0|0|0|0|0|435636
13788|NONE|0|0|0|0|0|435645
13789|NO. CA CARPENTERS REGIONAL COUNCIL|2682543|400000|24799|0|3057744|435648
13790|Const. Ind. Resources|0|1412|1075|0|337|435653
13791|Local 324 Health Fund|0|19445|16798|0|2647|435653
13792|Chase Bank|0|375000|0|0|375000|435653
13793|U.S. Bank|0|62331|0|0|62331|435653
13794|GMAC Financing|0|554145|28026|0|526119|435653
13800|GMAC Financial|47799|0|11842|0|35957|435655
13801|First National Bank|236862|0|6733|0|230129|435662
13802|NONE|0|0|0|0|0|435672
13803|N/A|0|0|0|0|0|435690
13804|Automobile|2619|31241|7992|0|25868|435692
13805|Midwest Carpenters & Millwrights FCU|0|85900|6542|0|79358|435693
13806|AFT Loan (7/07)|16861|0|16861|0|0|435694
13807|NONE|0|0|0|0|0|435695
13808|NONE|0|0|0|0|0|435696
13809|NONE|0|0|0|0|0|435698
13810|NONE|0|0|0|0|0|435703
13811|NONE|0|0|0|0|0|435715
13812|Payment on Mortgage|0|0|6910|0|0|435716
13813|NONE|0|0|0|0|0|435720
13814|Ford Motor Credit Co|19151|0|4690|0|14461|435723
13815|JPMORGAN CHASE BANK|0|219000|33160|0|185840|435724
13816|MORTGAGE NOTE PAYABLE|506843|0|30502|0|476341|435725
13817|NONE|0|0|0|0|0|435743
13818|None|0|0|0|0|0|435770
13819|Bancorp South|60333|0|684|0|59649|435776
13820|One Thirteen Credit Union|133632|0|133632|0|0|435779
13821|CSEA, Retirees Council 400|38318|0|20654|0|17664|435780
13822|GMAC FINANCING CORP|0|37927|9217|0|28710|435786
13823|M&T Bank|492001|0|258297|0|233704|435787
13824|M&T Bank - Line of Credit|0|9926|5040|0|4886|435791
13825|Daimler Chrysler Truck Financial|32481|0|12064|0|20417|435796
13826|Brotherhood Bank|512249|0|36313|0|475936|435804
13827|NONE|0|0|0|0|0|435805
13828|None|0|0|0|0|0|435815
13829|GATEWAY METRO CREDIT UN|10625|0|8125|0|2500|435816
13830|NONE|0|0|0|0|0|435829
13831|NONE|0|0|0|0|0|435839
13832|NONE|0|0|0|0|0|435866
13833|COMMERCE BANK LINE OF CREDIT|1300000|0|350000|0|950000|435870
13834|Automobile Loan|0|23722|2947|0|20775|435871
13835|FORD MOTOR CREDIT|33243|0|6046|0|27197|435873
13836|FORD MOTOR CREDIT|18844|0|7613|0|11231|435873
13837|FORD MOTOR CREDIT|17844|0|7613|0|10231|435873
13838|NONE|0|0|0|0|0|435876
13839|WILMINGTON TRUST COMPANY|587488|0|0|0|587488|435877
13840|FIRST BANK OF DELAWARE|5400092|0|92904|0|5307188|435877
13841|FIRST BANK OF DELAWARE|790316|0|10363|0|779953|435877
13842|PREFERRED ELECTRIC|57700|0|22440|0|35260|435877
13843|ATLANTIC STEEL|6705|0|6705|0|0|435877
13844|FIRST BANK OF DELAWARE|344563|0|72036|0|272527|435877
13845|FIRST BANK OF DELAWARE|424445|0|0|0|424445|435877
13846|CHASE BANK|0|22176|2700|0|19476|435877
13847|None|0|0|0|0|0|435879
13848|NONE|0|0|0|0|0|435881
13850|NONE|0|0|0|0|0|435883
13854|NONE|0|0|0|0|0|435887
13855|NONE|0|0|0|0|0|435895
13856|CHRYSLER FINANCIAL|72340|0|20329|0|52011|435899
13857|CITI FINANCIAL|31199|0|4609|0|26590|435899
13858|N/A|0|0|0|0|0|435901
13859|AUTOMOBILE LOAN|13614|17526|4159|0|26981|435902
13860|S&T Bank Line of Credit|2719|9417|4700|0|7436|435918
13861|Wachovia Margin Account|5023|565|5588|0|0|435918
13862|GMAC Financing|68605|0|43206|0|25399|435918
13863|First National Bank|0|48052|12171|0|35881|435918
13864|BANK OF HAWAII MORTGAGE|1850000|0|500000|0|1350000|435929
13865|CWA LOAN I|538367|0|88050|0|450317|435933
13866|CWA LOAN II|848812|0|52100|0|796712|435933
13871|NONE|0|0|0|0|0|435955
13872|FORD CREDIT|4337|21083|4946|0|20474|435958
13873|TELEPHONE SYSTEM|7778|0|3795|0|3983|436007
14241|National CWA|237242|0|225546|11696|0|440388
13875|AMALGAMATED BANK|9242314|0|0|9242314|0|436013
13876|XEROX CORPORATION|0|11455|520|0|10935|436015
13877|CREDIT CARDS|5617|12913|5617|0|12913|436019
13878|NONE|0|0|0|0|0|436026
13879|GMAC - AUTOMOBILE LOAN|11850|0|4656|0|7194|436031
13880|PNC BANK NA|0|135700|0|0|135700|436032
13881|Vacation Loan Payable|108155|0|108155|0|0|436058
13882|CHASE BANK|178711|38041|4312|0|212440|436065
13883|Chrysler Credit|14329|0|7571|0|6758|436079
13884|GMAC Financing|16670|0|7366|0|9304|436079
13885|Rochester Carpenters Local 85|358915|3000|361915|0|0|436084
13886|Local 85 Building Corp|0|102977|0|0|102977|436084
13887|NONE|0|0|0|0|0|436094
13888|UNITED LEASING ASSOCIATES|10746|0|3411|0|7335|436099
13889|Auto Loan  47004|0|34368|0|0|34368|436100
13890|Auto Loan  46989|0|33149|0|0|33149|436100
13891|CREDIT CARD BALANCES|14160|14428|14160|0|14428|436108
13892|UNCLAIMED VACATION FUND CHECKS AND PAYROLL OVERPAY|8493|0|117|0|8376|436108
13893|NET CONTRACTOR OVERPAYMENTS|391|0|391|0|0|436108
13894|None|0|0|0|0|0|436155
13895|NOTE PAYABLE TO NCCRC|1964717|0|40093|0|1924624|436168
13896|None|0|0|0|0|0|436175
13897|THE BRYN MAWR TRUST CO.|520000|0|260000|0|260000|436176
13898|HEALTH & WELFARE FUND|579090|0|473173|0|105917|436176
13899|RBC Bank|16759|0|16759|0|0|436183
13900|Ford Credit|14137|0|14137|0|0|436183
13901|NONE|0|0|0|0|0|436185
13902|NONE|0|0|0|0|0|436186
13903|None|0|0|0|0|0|436187
13921|COMMUNITY BANK|101359|0|8415|0|92944|436205
13926|NONE|0|0|0|0|0|436210
13931|JP Morgan Chase|26292|0|26292|0|0|436230
13932|NONE|0|0|0|0|0|436248
13933|FIFTH THIRD BANK AUTO LOAN|22574|0|5617|16957|0|436266
13934|FORD CREDIT AUTO LOAN|0|46618|2939|0|43679|436266
13937|None|0|0|0|0|0|436270
13938|NONE|0|0|0|0|0|436278
13939|Bank of Nashville|4070|0|4070|0|0|436279
13940|Regions Bank Credit Lines|73084|85666|0|0|158750|436279
13941|Regions Bank|812862|0|35017|0|777845|436279
13942|Regions Bank|145202|0|24435|0|120767|436279
13943|F & M Bank|249866|8312|0|0|258178|436279
13944|F & M Bank|0|29960|0|0|29960|436279
13945|Carroll Bank & Trust|0|38000|9808|0|28192|436279
13946|Pinnacle National Bank|0|250000|0|0|250000|436279
13947|GMAC|0|47391|0|0|47391|436285
13948|NONE|0|0|0|0|0|436293
13949|Ford Credit|263441|61657|83333|0|241765|436296
13950|NONE|0|0|0|0|0|436300
13951|Lori Hatfield|1975|3419|3690|0|1704|436306
13952|BANK RI|0|500000|11873|0|488127|436308
13953|NO CALIFORNIA CARPENTERS REGIONAL COUNCIL|230983|0|51560|0|179423|436312
13954|UNITED LABOR BANK LOAN|182777|0|1991|0|180786|436316
13955|UNITED LABOR CREDIT CARD|8550|346|8896|0|0|436316
13956|Vehicle loan|6445|0|3626|0|2819|436327
13957|NONE|0|0|0|0|0|436328
13960|United Leasing|21285|0|4565|0|16720|436345
13962|Suntrust Bank|49870|0|14678|0|35192|436353
13989|Powernet Credit Union|75000|249950|76565|0|248385|436389
13990|GMAC|0|27101|1856|0|25245|436394
13991|BOILERMAKER BANK & TRUST CO.|77000|0|77000|0|0|436395
13993|ATLANTA POSTAL CREDIT UNION|0|190000|90883|0|99117|436441
13994|FIRST COLLINSVILLE BANK|111632|0|34357|0|77275|436444
13995|NONE|0|0|0|0|0|436457
13996|APCU|0|17000|17000|0|0|436458
13997|TRUCK NOTE-CHASE BANK|12708|0|3564|0|9144|436460
13998|AMALGAMATED BANK OF CHICAGO|9000000|0|2400000|0|6600000|436462
13999|EAGLE BANK|0|8100000|945000|0|7155000|436462
14002|NONE|0|0|0|0|0|436466
14004|M&M Bank - Auto Loan|0|10055|783|0|9272|436473
14005|NONE|0|0|0|0|0|436482
14006|FORD CREDIT|13544|0|6521|0|7023|436484
14007|Wachovia|1903061|0|640702|0|1262359|436486
14008|n/a|0|0|0|0|0|436490
14009|NONE|0|0|0|0|0|436547
14010|EQUIPMENT LOAN PAYABLE|47912|0|47912|0|0|436576
14011|NONE|0|0|0|0|0|436579
14232|CITIZENS BANK|1103438|0|315168|0|788270|440347
14013|AMALGAMATED BANK|13750000|0|7500000|0|6250000|436589
14014|TEXAS GULF BANK|111544||8480||103064|436591
14015|N/A|0|0|0|0|0|436631
14016|Depaula Chevrolet Hummer, Inc.|0|60551|6728|0|53823|436682
14017|Depaula Chevrolet Hummer, Inc.|0|49664|5518|0|44146|436682
14018|Depaula Chevrolet Hummer, Inc.|0|49412|5490|0|43922|436682
14019|Powernet Credit Union|20328|0|9392|0|10936|436709
14020|The Savannah Bank|339043|0|21982|0|317061|436774
14021|Bank of America Line of Credit|25000|0|25000|0|0|436777
14022|Alliance Bank|13238|0|2777|0|10461|436777
14023|SunTrust|45868|0|8044|0|37824|436793
14034|N/A|0|0|0|0|0|436846
14035|Bank of America 1st Floor|278664|0|8572|0|270092|436868
14036|Bank of America 2nd Floor|1265144|0|39362|0|1225782|436868
14037|Bank of America Auto|94855|0|19353|14519|60983|436868
14038|WELLS FARGO|0|105951|105951|0|0|436932
14039|NONE|0|0|0|0|0|436974
14040|N/A|0|0|0|0|0|436975
14041|Mortgage Payable|388118|0|388118||0|436983
14042|KEY BANK - 4901 MAYFLOWER|74|0|74|0|0|436987
14043|IRONWORKERS DISTRICT COUNCIL 16|22089|0|12244|0|9845|436989
14044|MEMBER|0|20000|10000|0|10000|436989
14045|GMAC CREDIT CORPORATION|227912|165555|133488|0|259979|436991
14046|S&T BANK|354444|0|0|354444|0|436991
14047|MARSHALL ELEVATOR|51300|0|49963|0|1337|436991
14048|SECURITY DEPOSIT|5400|0|600|0|4800|436991
14049|BUILDERS HARDWARE|2987|0|2987|0|0|436991
14050|DUE TO TRAINEE'S|750|12700|0|0|13450|436991
14051|GOOSEBUMPS|0|6770|0|0|6770|436991
14052|ALL SYSTEMS FIRE|0|10698|0|0|10698|436991
14053|PNC|0|661000|0|0|661000|436991
14054|United  Labor Bank|7689|0|1538|0|6151|436994
14055|UNION YES FED CR UN|231379|0|8504|0|222875|436995
14056|GMAC -BUICK LA CROSSE|0|23555|3492|0|20063|436998
14058|CITY NATIONAL BANK|114581|0|101676|0|12905|437006
14059|CHASE CAR LOAN|13807|0|3208|0|10599|437007
14060|J.P MORGAN|24212|0|4799|0|19413|437007
14061|ALLAY|41861|0|4519|0|37342|437007
14062|ALLAY|23077|0|4376|0|18701|437007
14063|JAY BECKMAN, TREASURER|0|5000|0|0|5000|437012
14064|NICOLE KENNELLY, EXEC. DIR.|0|3500|0|0|3500|437012
14067|Firsts Trad Union Bank - Roof loan|28903|0|7710|0|21193|437167
14068|BANCO POPULAR DE PR|1137100|0|29290|0|1107810|437212
14069|COOP DE A&C BO QUEBRADA|62653|0|2414|0|60239|437212
14070|NONE|0|0|0|0|0|437216
14071|Farmers & Mechanis Bank, Galesburg, IL|3077|0|3077|0|0|437230
14072|First Bank, Galesburg, IL|12562|0|3303|0|9259|437230
14073|M&T BANK|21756|0|5842|0|15914|437244
14074|GMAC|26451|0|7013|0|19438|437244
14075|GMAC|21763|0|5743|0|16020|437244
14076|GMAC|17235|0|3629|0|13606|437250
14077|NONE|0|0|0|0|0|437302
14078|FORD MOTOR CREDIT-TAURUS|5956|0|1914|0|4042|437469
14079|FORD MOTOR CREDIT-FOCUS|7737|0|2499|0|5238|437469
14080|ALB TEACHERS FEDERATION|40212|0|13404|0|26808|437469
14081|FORD MOTOR CREDIT-08 FOCUS|0|10341|2105|0|8236|437469
14082|FORD MOTOR CREDIT-09 FOCUS|0|11164|880|0|10284|437469
14083|NONE|0|0|0|0|0|437581
14084|KEY CORPORATE CAPITAL INC|2508|0|1320|0|1188|437590
14096|NONE|0|0|0|0|0|437655
14097|NONE|0|0|0|0|0|437810
14098|Auto Loan|0|33050|1931|0|31119|437813
14101|Inter-tel|8094||8094||0|437955
14102|Fidelity Federal Bank- Mortgage|98757|0|10924|0|87833|438028
14103|Fidelity Federal Bank- Auto Loan|25793|0|6156|0|19637|438028
14104|Canon Financial|15998|0|3678|0|12320|438195
14105|EAST SIDE NEIGHBORHOOD DEV.|10997|0|0|1571|9426|438196
14106|CEFCU|21170|0|13991|0|7179|438268
14108|GMAC|0|58215|11643|0|46572|438335
14109|GMAC AUTO LOAN 2007|2931|0|2714|217|0|438348
14110|GMAC AUTO LOAN 2008|15056|0|4974|0|10082|438348
14111|GMAC AUTO LOAN 2006|3226|0|3226|0|0|438348
14112|GMAC AUTO LOAN 2010|0|15062|1227|0|13835|438348
14118|Minnequa Works Fed Credit Union|18210|0|12626|0|5584|438520
14119|Plumbers & Pipefitters Local 58|232273|0|232273|0|0|438520
14122|NONE|0|0|0|0|0|438525
14124|GMAC - 2005 BUICK LESABRE|8703|0|4268|0|4435|438538
14125|IMCU 2005 BUICK PARK AVENUE|14063|0|2569|0|11494|438538
14126|IMCU|22532|0|1980|0|20552|438538
14133|GMAC - Car Loan|20787|0|6396|0|14391|438552
14134|Local 108 Health Expense Benefit Plan|0|50000|0|0|50000|438555
14136|COOP A/C CASA DEL TRABAJADOR|28297|0|5297|0|23000|438560
14137|COOP A/C CASA DEL TRABAJADOR|2593|5000|4614|0|2979|438560
14138|DE LAGE FINANCIAL|8077|23606|8077|0|23606|438560
14139|VEGA COOP - MORTGAGE|609271|0|2409|0|606862|438560
14143|PNC Bank|317022|0|15995|0|301027|438790
14146|KC DISTRICT COUNCIL|15000|0|0|0|15000|438904
14148|BANK OF AMERICA|1030878|0|89180|0|941698|438955
14149|MILESTONE|45420|0|17478|0|27942|438955
14150|N/A|0|0|0|0|0|438956
14151|AFSCME International|0|675000|350000||325000|439004
14152|Ally|0|0|7474||18081|439004
14156|None|0|0|0|0|0|439157
14157|GMAC/ALLY|24438||5148||19290|439167
14158|GMAC/ALLY||28010|700||27310|439167
14159|GMAC/ALLY||28435|0|0|28435|439167
14160|NONE|0|0|0|0|0|439168
14167|New England Regional Council|103812|0|11474|0|92338|439323
14168|Cambridge Savings Bank|3878366|0|105555|0|3772811|439324
14169|Service Employees Int'l Union|1799245|0|733040|0|1066205|439324
14171|Bank of America|0|12801000|12801000|0|0|439331
14177|N/A|0|0|0|0|0|439414
14178|Mortgage payable Key Bank - Auburn Building|1488173|0|35822|0|1452351|439424
14187|CWA, WASHINGTON, DC|0|334000|0|6661|327339|439440
14188|COMMERCE BANK, MORTGAGE|331996|0|331996|0|0|439440
14193|GMAC|17538|0|1475|16063|0|439448
14194|GMAC|0|36427|3542|0|32885|439448
14195|BANK OF AMERICA MORTGAGE|0|8311363|34631|0|8276732|439460
14197|MACATAWA BANK|157231|0|34613|0|122618|439704
14198|Advanced Dues from National|0|68100|68100|0|0|439709
14199|Mount Washington Bank|58794|0|20589|0|38205|439826
14200|Ford Credit|17109|0|17109|0|0|439860
14201|Ford Credit|17181|0|4088|0|13093|439860
14202|Ford Credit|0|23824|0|0|23824|439860
14205|ILLINOIS NATIONAL BANK|0|29521|1145|0|28376|439915
14206|CHASE BANK ACCOUNT #0083|358001|0|144000|0|214001|439955
14207|NONE|0|0|0|0|0|440032
14208|none|0|0|0|0|0|440035
14209|Ford Credit Company|10265|0|10265|0|0|440041
14210|SOUTHSIDE BANK|5049|0|5049|0|0|440057
14211|SOUTHSIDE BANK|17092|0|6093|0|10999|440057
14213|CWA MORTGAGE|148151|0|6212|0|141939|440132
14214|CWA AFL-CIO, CLC National Union|954704|0|25251|0|929453|440148
14215|FORD MOTOR CREDIT|0|27751|7708|0|20043|440164
14216|LINE OF CREDIT|0|50000|40000|0|10000|440164
14233|FORD CREDIT|0|21218|2824|0|18394|440347
14234|FORD MOTOR CREDIT|37873|0|0|37873|0|440353
14507|GE Capital|62876|||46810|16066|446191
14242|PNC Bank, N.A.|0|225000|3327|0|221673|440388
14243|NONE|0|0|0|0|0|440419
14244|PNC Bank|0|30000|564||29436|440422
14246|CWA International|51165|0|33560|0|17605|440467
14247|GMAC|0|87178|13319|0|73859|440469
14248|GMAC|0|58550|8945|0|49605|440469
14249|CWA - To Construct Union Hall|8050||8050||0|440485
14252|Comm Workers of America|971014|0|20024|0|950990|440509
14253|C.W.A. AFL-CIO NAT'L UNION|175338|0|30492|0|144846|440515
14254|UNION YES FCU- LINE OF CREDIT|242107|75000|41351|0|275756|440515
14255|UNION YES FCU- AUTO LOAN|10179|0|3249|0|6930|440515
14256|UNION YES FCU- AUTO LOAN|10695|0|3184|0|7511|440515
14257|UNION YES FCU- AUTO LOAN|10773|0|3411|0|7362|440515
14258|UNION YES FCU- AUTO LOAN|11427|0|3346|0|8081|440515
14259|UNION YES FCU- AUTO LOAN|11427|0|3346|0|8081|440515
14260|UNION YES FCU- AUTO LOAN|6454|4878|3317|0|8015|440515
14261|UNION YES FCU- AUTO LOAN|9817|0|2924|0|6893|440515
14262|UNION YES FCU- AUTO LOAN|12158|0|3342|0|8816|440515
14263|UNION YES FCU- AUTO LOAN|44611|0|7073|0|37538|440515
14264|Various members|589938|548295|447431|0|690802|440516
14265|Southeast Financial Credit Union|40878|46500|16333||71045|440525
14266|UFT EDUCATIONAL FOUNDATION, INC.|861192|0|861192|0|0|440526
14267|REVOLVING CREDIT LOAN - AMALGAMATED BANK|5000000|57000000|53000000|0|9000000|440526
14268|260 PARK AVENUE REALTY CORP.|41232961|0|21973|9922|41237388|440526
14269|49 EAST 21 COMPANY, INC.|8433127|0|5200|0|8433127|440526
14270|HEWLETT-PACKARD FINANCIAL SERVICES COMPANY|0|189258|47389|15763|126106|440526
14271|DE LAGE LANDEN FINANCIAL SERVICES|0|77419|19033|0|58386|440526
14272|CWA -NATIONAL OFFICE|3955511|0|38811||3916700|440540
14273|SBC CAPITAL SERVICE - 1|28208||5837||22371|440540
14274|SBC CAPITAL SERVICE - 2|10560|0|3864||6696|440540
14275|DUE TO NATIONAL|506436|0|11913|0|494523|440542
14276|CWA 1109 BUILDING CORP|16932|0|16932|0|0|440542
14277|DUE TO CWA 1109 PENSION FUND|136559|0|136559|0|0|440542
14281|CWA INTERNATIONAL|32313|0|10271|0|22042|440625
14400|JP Morgan Chase|87064|0|13501|0|73563|444358
14283|CWA NATIONAL|826580|0|0|6636|819944|440785
14284|Bank of America|193054|0|193054||0|440804
14286|United Nurses Assoc/UHCP|27154|204247|201071|0|30330|441040
14287|BANK OF AMERICA CREDIT CARD|15504|3613|||19117|441042
14288|CHILD AND ELDER CARE|34666||34666||0|441042
15428|GMAC|0|19606|0|0|19606|452090
14289|BENEFITS ADMIN PROGRAM|4500||4500||0|441042
14290|NEGATIVE BAL RECEIVABLE|9|321|9||321|441042
14293|Bergman Loan Note|9432|0|9407|25|0|441044
14294|Apple Enterprise Services|10142|0|5031|0|5111|441044
14295|Note payable - CWA ternational|3789|0|2167|0|1622|441206
14296|OPEIU International|42000|0|0|0|42000|441207
14299|INTL UNION ALL NOV & PROD.|22500|0|0|22500|0|441265
14300|PNC BANK LOAN|736486||21736||714750|441277
14302|fraternal order IBEW Local 199|32600||3000||29600|441443
14303|FORD CREDIT|0|27154|2776|0|24378|441534
14305|none|0|0|0|0|0|441536
14307|ALLY|0|22075|1978|0|20097|441594
14308|FORD CREDIT|0|19922|2767|0|17155|441594
14309|BROTHERHOOD BANK & TRUST|14370|0|3486|0|10884|441659
14310|n/a|0|0|0|0|0|441660
14311|Ford Credit|6140|0|6140|0|0|441692
14312|NOT APPLICABLE -NO LOANS|0|0|0|0|0|441794
14313|WESBANCO BANK|52015|0|4438|0|47577|441860
14314|Ally Financial|0|60408|3919|0|56489|441861
14315|Imperial Credit Corporation|0|158523|69727|0|88796|441861
14316|Sovereign Bank|299000|0|299000|0|0|441861
14322|None|0|0|0|0|0|442089
14323|CWA INTERNATIONAL AFL-CIO|1139242|0|210877|0|928365|442238
14324|N/P - Paducah Bank & Trust||16047|4938||11109|442245
14326|Capital Lease Obligation|22234|0|6338|0|15896|442551
14327|Smith Barney Line of Credit|106282|1986|585||107683|442605
14333|0|0|0|0|0|0|443004
14334|NONE|0|0|0|0|0|443005
14335|0|0|0|0||0|443006
14339|NONE|0|0|0|0|0|443128
14340|GMAC|10117|0|10117|0|0|443132
14341|FORD CREDIT|32435|21846|18810|0|35471|443132
14342|ALLY|0|75837|15887|0|59950|443132
14346|none|||||0|443143
14347|FNB-OMAHA|51347|0|9205||42142|443146
14348|FIRSTBANK SOUTHWEST|25711||25711||0|443147
14349|FIRSTBANK SOUTHWEST|8243||8243||0|443147
14350|FIRSTBANK SOUTHWEST|0|12512|4092||8420|443147
14352|N/A|0|0|0|0|0|443222
14353|Ford Motor Credit Corp.|8673||5781||2892|443534
14354|GMAC|19414||4568||14846|443534
14355|GMAC|20335||4785||15550|443534
14356|GMAC|20335||4785||15550|443534
14357|GMAC|21036||4855||16181|443534
14358|SECAP|25332||5428||19904|443534
14359|AMERICAN NTL. BANK.|434981|0|23468|0|411513|443535
14360|GMAC|12229|0|12229|0|0|443536
14361|FORD|25056|0|9414|0|15642|443536
14362|Regions Bank|8664|0|2593|0|6071|443613
14363|-0-|0|0|0|0|0|443614
14364|NONE|0|0|0|0|0|443617
14365|n/a|0|0|0|0|0|443620
14366|UNION SAVINGS BANK|392392|0|12006|0|380386|443622
14367|UNITED FOOD AND COMMERCIAL WORKERS INTERNATIONAL|74415|0|36000|0|38415|443622
14368|Kyocera Copier/Printer|0|968|0|0|968|443625
14369|Ford Motor Credit - Vehicle|7863|0|6134|0|1729|443625
14370|Ford Motor Credit - Vehicle|18173|0|6608|0|11565|443625
14371|Old National Bank - Mortgage|75860|0|4822|0|71038|443625
14372|N/A|0|0|0|0|0|443634
14373|AUTOMOBILE|18616|0|11705|0|6911|443670
14374|N/A|||||0|443686
14375|NONE|0|0|0|0|0|443820
14379|Iowans Helping Iowans|0|25000||4166|20834|444018
14387|Comerica bank-2008 loan to subs not previously con|0|1508710|185680|0|1323030|444039
14388|N/A|0|0|||0|444078
14389|NONE|0|0|0|0|0|444080
14390|NONE|0|0|0|0|0|444142
14391|DCS Truck Finance|1203|0|1203|0|0|444163
14392|DCS Truck Finance|3342|0|3342|0|0|444163
14393|DCS Truck Finance|7024|0|7024|0|0|444163
14394|DCS Truck Finance|5658|0|5658|0|0|444163
14395|DCS Truck Finance|18143|0|6625|0|11518|444163
14396|Lyon Financial Services|11619|0|2991|0|8628|444163
14397|Citizens Bank|340769|0|8835|0|331934|444163
14398|FORD MOTOR COMPANY|4214|0|4214|0|0|444238
14399|FORD CREDIT|43810|0|15462|0|28348|444239
14402|ALLY|26915|0|6333|0|20582|444371
14403|ALLY|29525|0|6947|0|22578|444371
14404|WESTERN SECURITY BANK|5680|0|3835|0|1845|444383
14405|WESTERN SECURITY BANK|16470|0|4526|0|11944|444383
14406|WESTERN SECURITY BANK|9451|0|5104|0|4347|444383
14407|None|0|0|0|0|0|444401
14408|PNC Bank|1461000|175000|149966||1486034|444459
14409|N/A|0|0|0|0|0|444479
14410|WEST AMERICA BANK|9509|0|2840|0|6669|444490
14411|BUSINESS PARTNERS LLC|2345391|0|166810|0|2178581|444499
14412|NONE|0|0|0|0|0|444505
14413|N0 LOANS ARE EVER MADE|0|0|0|0|0|444512
14414|TEAMSTERS CREDIT UNION|7888|0|2478|0|5410|444528
14415|GREAT AMERICAN LEASING CO.|2269|0|1671|0|598|444534
14416|Fideicomiso UIET|103223|0|48223|0|0|444543
14417|Mortgage Payable|179668|0|15086|0|0|444543
14421|NONE|0|0|0|0|0|444556
14422|NONE|0|0|0|0|0|444602
14423|WESTMARK CU - 07 FORD|5340|0|4564||776|444626
14424|ID CENTRAL CU - 07 BUICK|10846|0|4330||6516|444626
14425|UBS ACCT #5F 82727LB|1300000|0|0|0|1300000|444665
14428|International Union|115000||39000||76000|444799
14429|Notes Payable-Autos|51006|18089|43941||25154|444799
14430|NONE|0|0|0|0|0|444969
14431|ALLY BANK|0|12544|171|0|12373|444990
14432|Bank Errors|154|0|154|0|0|445003
14433|Owed to Other Funds|8402|8331|8402|0|8331|445003
14434|M&T Bank|0|1300000|52085|0|1247915|445003
14435|N/A|0|0|0|0|0|445009
14436|N/A|0|0|0|0|0|445020
14437|NOTE PAYABLE-FORD CREDIT|8159|0|1863|6296|0|445052
14438|NOTE PAYABLE-FORD CREDIT|0|29002|2257|0|26745|445052
14439|United Bank, Inc|46895|0|10615|0|36280|445053
14440|OLE Financial Services, Inc|4599|0|816|0|3783|445053
14441|IBT|110000|0|0|0|110000|445055
14442|FORD MOTOR COMPANY|31295|0|15496|0|15799|445055
14443|GMAC|44554|47644|10285|0|81913|445055
14444|DUPLICATOR SAES & SERVICE|0|16958|1413|0|15545|445055
14445|FORD MOTOR CREDIT|2558|0|2558|0|0|445085
14446|FORD MOTOR CREDIT|2441|0|2441|0|0|445085
14447|FORD MOTOR CREDIT|16533|0|9154|0|7379|445085
14448|GMAC|40536|0|8446|0|32090|445085
14449|FORD MOTOR CREDIT|30723|0|7570|0|23153|445085
14450|FORD MOTOR CREDIT|0|32775|8488|0|24287|445085
14451|FORD MOTOR CREDIT|0|29151|2216|0|26935|445085
14452|NONE|0|0|0|0|0|445211
14453|N/A|0|0|0|0|0|445219
14454|None|0|0|0|0|0|445251
14455|HANCOCK BANK-VEHICLE|12389|0|3216|0|9173|445265
14456|SMITH BARNEY AGAINST CD'S|28527|0|28527|0|0|445265
14457|OPEIU International||55000|30000||25000|445287
14458|NONE|0|0|0|0|0|445301
14459|NONE|0|0|0|0|0|445334
14460|Compass Bank|43072|0|10735|0|32337|445368
14461|NONE|0|0|0|0|0|445413
14462|N/A|0|0|0|0|0|445417
14463|N/A|0|0|0|0|0|445420
14464|Auto Loans|14319|0|10161|0|4158|445428
14465|UNITED LABOR BANK|679757|||679757|0|445429
14466|Ford Motor Credit|16180|0|8940|0|7240|445431
14467|Ford Motor Credit|16180|0|8940|0|7240|445431
14468|GMAC Bank|18371|0|5657|0|12714|445431
14469|GMAC Bank|0|38702|0|0|38702|445431
14470|NONE|0|0|0|0|0|445434
14471|Promissory Note Bank of Denver|0|0|0|0|0|445436
14472|Int. 6.5%, matures 7/01/2025|306087|0|11413|0|294674|445436
14473|AUTOMOBILE LOANS|20022|124140|144162|0|0|445438
14474|0|0|0|0|0|0|445447
14475|GMAC|85372|0|18141|0|67231|445452
14476|Chrysler Financial|31072|0|6062|0|25010|445452
14477|Ford Motor Credit|0|38115|6352|0|31763|445452
14478|CHRYSLER FINANCIAL|10437|0|5247|0|5190|445453
14479|NONE|0|0|0|0|0|445529
14480|PNC Bank|237455|0|10855|0|226600|445536
14481|United Labor Bank equity lin|399882|0|399882|0|0|445538
14482|None|0|0|0|0|0|445561
14485|CENTRAL BANK|9259|0|9259|0|0|445611
14486|CENTRAL BANK|7241|0|4712|0|2529|445611
14487|Ford Credit|7562|0|5625|0|1937|445809
14488|Bank Of America|3472|0|3472|0|0|445809
14489|Ford Credit|7690|0|4523|0|3167|445809
14490|Chase Automotive Finance|9548|0|4382|0|5166|445809
14491|Ford Credit|15526|0|4874|0|10652|445809
14492|0|0|0|0|0|0|445866
14493|0|0|0|0|0|0|445866
14494|Sheet Metal Workers #80|1456292|0|14148|0|1442144|445879
14495|Sheet Metal Workers #80|0|735441|37482|0|697959|445879
14496|Midland Loan Services|774846|0|774846|0|0|445879
14497|COMMERCE BANK|9166||6910||2256|445920
14498|AMERISERV FINANCIAL BANK||264000|||264000|445920
14499|CLAUDIA DE SIMONE|0|510|500|0|10|445981
14500|NOTES PAYABLE-AUTOS|45226|0|37726||7500|445982
14501|GMAC|13619|0|4952|0|8667|445986
14502|Ford Motor Corp.|10660|33861|14423|0|30098|446051
14503|Bank of Springfield|1423560|776440|28567|0|2171433|446116
14504|N/A|0|0|0|0|0|446117
14505|NONE|0|0|0|0|0|446164
14506|Telephone System|4292|||4292|0|446191
14765|Ford Motor Credit|0|12494|0|0|12494|448616
14508|BLET National Division|8100|0|||8100|446277
14509|Merrill Lynch Margin Loan|49943|59932|29109||80766|446283
14510|GMAC #88351|41922||6742||35180|446283
14511|GMAC #89428|30042||4350||25692|446283
14512|GMAC #86548|30721||4170||26551|446283
14513|GMAC #86704|31113||4501||26612|446283
14514|GMAC #87027|36538||5876||30662|446283
14515|GMAC #89284|31948||4743||27205|446283
14516|GMAC #94842|35867||5193||30674|446283
14517|GMAC #94386|29940||4335||25605|446283
14518|Farmington Bank|145130||7326||137804|446283
14519|NONE|0|0|0|0|0|446285
14531|MORGAN STANLEY CREDIT LINE|1075178|16723|0|0|1091901|446343
14532|NONE|0|0|0|0|0|446372
14533|Ford Motor Credit|38954|0|12899||26055|446416
14534|UMPQUA BANK|53437|0|5968|0|47469|446427
14535|UA LOCAL UNION 447|9000|0|9000|0|0|446427
14536|CREDIT CARDS|3980|0|3980|0|0|446443
14537|Citizens Bank|66558|0|66558|0|0|446458
14538|Loan for Building|280000|0|0|0|280000|446459
14539|Auto and computer equipment loans|32379|50173|11670|11997|58885|446462
14540|TEXAS STATE BANK|8427|0|854|7573|0|446463
14541|n/a|0|0|0|0|0|446478
14542|N/A|0|0|0|0|0|446486
14543|Chase Auto Finance|4474|0|4474|0|0|446487
14544|GMAC|54650|0|27650|0|27000|446487
14545|Ford Motor Credit|24136|0|9549|0|14587|446487
14546|N/A|0|0|0|0|0|446491
14547|TD Bank North, N.A.|19293|0|7430|0|11863|446496
14548|Ford Motor Credit|22008|0|5599|0|16409|446496
14549|P-9 PENSION PLAN & TRUST|33884|||33884|0|446539
14551|Ally (formerly GMAC)|58646||12902||45744|446562
14552|GMAC|22967|0|8891|0|14076|446575
14553|GMAC|9464|0|6217|0|3247|446575
14554|GMAC|16337|0|8255|0|8082|446575
14555|GMAC|9573|0|6291|0|3282|446575
14556|Chrysler Financial|15792|0|7027|0|8765|446575
14557|Chrysler Financial|2147|0|2147|0|0|446575
14558|Chrysler Financial|11949|0|8309|0|3640|446575
14559|Chrysler Financial|18732|0|6580|0|12152|446575
14560|FORD|0|24932|1736|0|23196|446575
14561|Old Second National Bank|1636889|0|43900|0|1592989|446586
14562|NONE|0|0|0|0|0|446612
14563|M&T BANK|366667|0|100000||266667|446638
14564|ALLY BANK (FORMERLY GMAC)|15056||8878||6178|446656
14565|N/A|0|0|||0|446698
14566|NONE|0|0|0|0|0|446700
14567|CIT Lease Payable|4606|0|1015|0|3591|446704
14568|NONE|0|0|0|0|0|446727
14569|NE TEAMSTERS FCU|30822|0|6087|0|24735|446728
14570|NONE|0|0|0|0|0|446788
14571|Citizens Bank|3334|0|3334|0|0|446800
14572|GMAC|455|0|455|0|0|446800
14573|GMAC|15673|0|6485|0|9188|446800
14574|GMAC|17944|0|7425|0|10519|446800
14575|GMAC|2655|0|2655|0|0|446800
14576|Bank of America|17050|0|7590|0|9460|446800
14577|Bank of America|17017|0|7577|0|9440|446800
14578|Bank of America|12563|0|6302|0|6261|446800
14579|GMAC|26501|0|6000|0|20501|446800
14580|Auto loans payable|109845|199597|106728||202714|446810
14581|None|0|0|0|0|0|446811
14582|NONE|0|0|0|0|0|446823
14594|NONE|0|0|0|0|0|446834
14595|None|0|0|0|0|0|446845
14596|None|0|0|0|0|0|446848
14597|AUTO LOAN -M & T CREDIT|15750|0|5559|0|10191|446853
14598|AUTO LOAN -CHASE|18533|0|4835|0|13698|446853
14599|AUTO LOAN - CHASE|22509|0|5747|0|16762|446853
14600|AUTO LOAN -GMAC|23440|0|4458|0|18982|446853
14601|AUTO LOAN -ALLY|0|36293|1209|0|35084|446853
14602|NONE|0|0|0|0|0|446956
14603|Ford Credit|0|37353|1954|0|35399|446971
14604|N/A|0|0|0|0|0|446983
14605|N/A|0|0|0|0|0|446986
14606|GMAC|17676|0|17676|0|0|446987
15430|IUPAT AFL-CIO|358651|0|4702|353949|0|452106
14607|SPACE COAST CREDIT UNION|17506|0|7505|0|10001|446991
14608|AUTO LOAN - BUS VEH FIN|9583|0|5000|0|4583|446992
14609|AUTO-LOAN - BUS VEH FIN|9784|0|3453|0|6331|446992
14610|AUTO LOAN - BUS VEH FIN|10375|0|3459|0|6916|446992
14611|AUTO LOAN - LYON FIN'L|26253|0|6848|0|19405|446992
14612|GMAC|6218||6218||0|447003
14613|MORTGAGE AT M & I|267181|0|8717|0|258464|447004
14614|Office & Professional Employees Int'l. Union|15000|0|15000|0|0|447006
14615|Automobile Loan|12368|0|2938|0|9430|447009
14616|AMALGAMATED BANK|0|12637|800|0|11837|447011
14617|NONE|0|0|0|0|0|447013
14618|None|0|0|0|0|0|447015
14619|NONE|0|0|0|0|0|447021
14620|HERE I.U. LOAN|37911||37911|0|0|447032
14621|NONE|0|0|0|0|0|447041
14622|GMAC- 5962|16337|0|4285||12052|447044
14623|GMAC- 2954|15469|0|4003||11466|447044
14624|GMAC- 8991|5357|0|5357||0|447044
14625|GMAC- 9954|1901|0|1901||0|447044
14626|GMAC- 6067|2025|0|2025||0|447044
14627|GMAC- 5871|13678|0|4779||8899|447044
14628|GMAC- 2399|15309|0|3845||11464|447044
14629|GMAC- 0892|0|22039|2060||19979|447044
14630|FIRST NATIONAL COMMUNITY BANK|17661|0|3686|0|13975|447064
14631|0|0|0|0|0|0|447122
14632|GMAC Notes|0|63850|27053|0|36797|447200
14633|NONE|0|0|0|0|0|447208
14634|AUTOMOBILE|12358||3087||9271|447311
14635|NONE|0|0|0|0|0|447317
14636|NONE|0|0|0|0|0|447371
14637|Bonney, Allenberg & O'Reilly|55511|0|6000|0|49511|447377
14638|NONE|0|0|0|0|0|447472
14639|F&M Bank|28521||13959||14562|447506
14640|F&M Bank|191641||8659||182982|447506
14641|Mortgage|0|520000|7620|0|512380|447522
14642|Ford Motor Credit Co.|0|32166|32166|0|0|447523
14643|Ford Motor Credit|11747||6053||5694|447529
14644|FORD MOTOR CREDIT COMPANY|4817|0|4817|0|0|447549
14647|FORD MOTOR CREDIT|91830|0|53674|0|38156|447580
14648|Ford Motor Credit #1|5778||5778||0|447588
14649|Ford Motor Credit #2|9325||9325||0|447588
14650|Ford Motor Credit #3|7029||7029||0|447588
14651|Ford Motor Credit #4|8704||8704||0|447588
14652|Ford Motor Credit #5|23879||10234||13645|447588
14653|Ford Motor Credit #6||25170|1398||23772|447588
14654|Ford Motor Credit #7||21975|1221||20754|447588
14655|Ford Motor Credit #8||28704|1595||27109|447588
14656|Auto loans payable|60413|0|22794|0|37619|447590
14657|n/a|0|0|0|0|0|447594
14658|NONE|0|0|0|0|0|447596
14659|BB&T|6929|0|5148|0|1781|447693
14660|NONE|0|0|0|0|0|447734
14661|US BANK - CAPITAL LEASE|5458|0|4280|0|1178|447742
14662|LOANS PAYABLE - FIRST COMMONWEALTH|360693|103314|6813|0|457194|447798
14663|LOANS PAYABLE - URA|0|217190|3552|0|213638|447798
14664|N/A|0|0|0|0|0|447804
14665|WELLS FARGO BANK NA|191852|0|19073|0|172779|447820
14666|BB&T Note Payable|0|500000|20735|0|479265|447839
14667|UNITED ILLUMINATING|7170|0|3730|0|3440|447855
14668|N/A|0|0|0|0|0|447890
14670|M & T BANK|7500||7500||0|447971
14671|National City Bank|7356||4527||2829|447995
14672|n/a|||||0|448009
14673|EDWARD JONES|32143|0|32143|0|0|448016
14674|Toledo Teamsters Federal Credit Union|0|25977|545||25432|448023
14675|Toledo Teamsters Federal Credit Union|0|22781|624||22157|448023
14676|LOCAL #532 BUILDING CORPORATION|24976|0|0|0|24976|448024
14677|GMAC Credit|11043|0|7172|0|3871|448082
14678|None|0|0|0|0|0|448085
14679|Illinois National Bank|502371|239844|9706||732509|448097
14680|JP Morgan Chase Bank, NA|0|182000|22211|0|159789|448102
14681|NONE|0|0|0|0|0|448103
14682|None|0|0|0|0|0|448104
14684|NONE|0|0|0|0|0|448139
14685|N/A|0|0|0|0|0|448148
14686|AMALGAMATED BANK OF NY|11946|0|11946|0|0|448192
14687|JP MORGAN CHASE BANK|17894|0|7953|0|9941|448192
14688|DAIMLER CHRYSLER FINANCIAL SVCS.|17276|0|11517|0|5759|448192
14689|NONE|0|0|0|0|0|448201
14690|N / A|0|0|0|0|0|448210
14691|None|0|0|0|0|0|448238
14692|NONE|0|0|0|0|0|448292
14704|USW INTERNATIONAL UNION|166000|0|0|60000|106000|448319
14705|NONE|0|0|0|0|0|448321
14708|NONE|0|0|0|0|0|448324
14709|NONE|0|0|0|0|0|448325
14710|n/a|||||0|448326
14711|N/A|0|0|0|0|0|448331
14712|First Hawaiian Bank|108618|0|8929|0|99689|448333
14713|GENERAL MOTORS ACCEPTANCE|24447||4718||19729|448339
14714|GENERAL MOTORS ACCEPTANCE|71401||15300||56101|448339
14715|WELLS FARGO|0|93280|4031|0|89249|448340
14716|CHRYSLER FINANCIAL|7943||5500||2443|448342
14717|MEMBERS FIRST CREDIT UNION|11613||5357||6256|448342
14718|MEMBERS FIRST CREDIT UNION|12912||5956||6956|448342
14719|MEMBERS FIRST CREDIT UNION|12143||5367||6776|448342
14720|MEMBERS FIRST CREDIT UNION|9327||6506||2821|448342
14721|MEMBERS FIRST CREDIT UNION|18544||4904||13640|448342
14722|MEMBERS FIRST CREDIT UNION|14156||6276||7880|448342
14723|MEMBERS FIRST CREDIT UNION|25932||6474||19458|448342
14724|MEMBERS FIRST CREDIT UNION|25932||6474||19458|448342
14725|MEMBERS FIRST CREDIT UNION|0|25598|4526||21072|448342
14726|WELLS FARGO BUSINESS CARD|8106|5643|4959|0|8790|448351
14727|NONE|0|0|0|0|0|448353
14728|First Hawaiian Bank|0|22529|6574||15955|448355
14731|OPCMIA|100000|0|0|0|100000|448358
14732|Workers United|335000|0|0|0|335000|448362
14733|SEIU |150000|0|0|0|150000|448362
14734|Reuben Block Health Fund |0|500000|500000|0|0|448362
14735|Teamsters 771 Fed Credit Union|19233|0|4026|0|15207|448370
14736|Teamsters 771 Fed Credit Union|19981|0|4182|0|15799|448370
14737|ALLY|0|79353|2384|0|76969|448372
14738|NONE|0|0|0|0|0|448376
14739|NONE|0|0|0|0|0|448383
14740|BANK OF AMERICA|86471|0|8227|0|78244|448385
14741|N/A|0|0|0|0|0|448394
14742|Ford Motor Credit - Sugerik|8727|0|8727|0|0|448477
14743|Ford Motor Credit - Moore|24624|0|24624|0|0|448477
14744|Ford Credit|2453||2453||0|448518
14745|GMAC|0|45755|6355|0|39400|448520
14746|Mortgage Loan|30528|0|30528|0|0|448523
14747|Note Payable-Copier|11144|0|2636|0|8508|448523
14748|None|0|0|0|0|0|448526
14749|NONE|0|0|0|0|0|448532
14750|HACOCK BANK NOTE|0|240000|13700|0|226300|448546
14751|CAPITAL LEASE OBLIGATION|26056||10451||15605|448549
14752|Nat'l Right to Work Legal Defense Fund|36000|0|24000|0|12000|448580
14753|MCKESSON FCU|0|15000|711|0|14289|448581
14754|N/A|0|0|0|0|0|448582
14755|Bank of America|111285||111285||0|448583
14756|Construction Loan|168348|0|4330|0|164018|448584
14757|Vehicle Loans|310851|276339|248632|0|338558|448584
14758|Mortgage Loan|373279|0|9600|0|363679|448584
14759|NONE|0|0|0|0|0|448585
14760|BUSINESS VEHICLE FINANCE|12592|0|6286|0|6306|448592
14761|FORD CREDIT||52394|10188||42206|448599
14762|IA Local 45|124117||1578||122539|448601
14763|FORD MOTOR CREDIT|119310|0|40906|0|78404|448605
14764|NEIGHBORHOOD CR, UN.|393041|0|31234|0|361807|448607
15011|PNC Construction Loan|0|1359677|0|0|1359677|449897
14766|Bank of America Credit Card|4007|2232|||6239|448618
14767|Ford Motor Credit LN# 4203|8359||8359||0|448618
14768|Ford Motor Credit LN# 2390|8227||8227||0|448618
14769|GMAC LN#9133|14740||14740||0|448618
14771|NONE|0|0|0|0|0|448627
14772|LOCAL 4 JOINT APPRENTICE COMMITTEE|0|166000||3458|162542|448628
14773|None|0|0|0|0|0|448632
14774|NONE|0|0|0|0|0|448648
14775|GMAC Auto Loan|7151|0|2637||4514|448653
14776|Bank of America||127900|535||127365|448653
14777|0|0|0|0|0|0|448658
14778|CREDIT CARD DEBT|3122||1889||1233|448662
14779|Edward D Jones|36165||36165||0|448663
14780|Ford Credit|19331|0|7249|0|12082|448691
14781|Verizon Credit Payable|13468|116|906|0|12678|448697
14782|RWDSU Union|44000|0|0|0|44000|448698
14783|UFCW International Union|20044|342579|27623|0|335000|448698
14784|First Commercial Bank|89727|0|3112|0|86615|448698
14785|GMAC|25637|0|25637|0|0|448698
14786|Ford Credit|0|56845|1579||55266|448700
14787|GMAC/Ally|12835|0|5501|0|7334|448708
14788|Ford Credit||41116|6168|0|34948|448708
14789|NONE|0|0|0|0|0|448730
14790|None|0|0|0|0|0|448743
14791|NONE|0|0|0|0|0|448768
14792|COMERICA BANK|2635829|0|242064|0|2393765|448782
14793|DISTRICT CO 36 PENSION FUND|0|700000|0|0|700000|448782
14794|DISTRUCT CO 36 PENSION FUND|0|6875801|0|0|6875801|448782
14795|National Office (including interest)|198749|25000|23515||200234|448789
14796|SUNTRUST BANK|0|400000|876|0|399124|448800
14797|Ford Credit|0|23910|6641||17269|448801
14798|Ford Credit|0|21132|5870||15262|448801
14799|Ford Credit|0|23669|5917||17752|448801
14800|CHASE AUTO FINANCE|0|24915|22636|0|2279|448827
14801|BTA FEDERAL CREDIT UNION|6790|0|5396|0|1394|448832
14802|BTA FEDERAL CREDIT UNION|9553|0|6659|0|2894|448832
14803|BTA FEDERAL CREDIT UNION|15619|0|6185|0|9434|448832
14804|BTA FEDERAL CREDIT UNION|13594|0|3936|0|9658|448832
14805|ALLY BANK|25293|0|7782|0|17511|448832
14806|0|0|0|0|0|0|448840
14809|NONE|0|0|0|0|0|448846
14810|GCM FEDERAL CREDIT UNION|8396|0|3243|0|5153|448853
14811|Bank of Pensacola|8086||7419|667|0|448857
14812|Local 366 JATC|160671||||160671|448857
14813|Not Applicable|0|0|0|0|0|448860
14815|Ally|0|31166|0|0|31166|448864
14816|Ford Credit|0|176437|5302||171135|448869
14817|DELAGE LANDEN|6402|0|6402|0|0|448873
14818|DELAGE LANDEN|0|9052|522|0|8530|448873
14819|DARRELL & ANNA FISHER|41609|0|8534|0|33075|448873
14820|Home Street Bank|391151|0|210416||180735|448876
14821|NONE|0|0|0|0|0|448878
14822|CITIZENS BANK|14641|0|3119|0|11522|448884
14823|CITIZENS BANK|26519|0|5594|0|20925|448884
14824|CITIZENS BANK|30949|0|6528|0|24421|448884
14825|CITIZENS BANK|35303|0|7446|0|27857|448884
14826|FORD MOTOR CREDIT CO.|1227|0|1227|0|0|448884
14827|CITIZENS BANK|0|20688|1131|0|19557|448884
14828|GMAC|72417|0|12544|0|59873|448917
14831|LABORERS LOCAL # 1290|6206|0|0|0|6206|448927
14832|GMAC Credit|35946|0|10784|0|25162|448929
14833|FORD CREDIT|18064|0|8028|0|10036|448934
14834|Ford Motor Credit|20434|0|5996|0|14438|448937
14835|Ford Motor Credit|20717|0|5526|0|15191|448937
14836|Ford Motor Credit|20409|0|5988|0|14421|448937
14837|Ally-GMC|0|44840|7888|0|36952|448937
14838|Ford Motor Credit|0|24289|4757|0|19532|448937
14839|Ford Motor Credit|0|24289|4075|0|20214|448937
14840|Ford Motor Credit|0|24219|4066|0|20153|448937
14842|SunTrust Bank|0|125000|125000|0|0|448941
14843|Ally|0|44213|1643|0|42570|448949
14844|Ford Motor Credit|0|21522|816|0|20706|448949
14845|FORD MOTOR CREDIT|59712|0|20473|0|39239|448954
14846|Ford Motor Credit|0|10390|1185|0|9205|448955
14847|Arvest Bank|224530|0|43587|0|180943|448956
14848|GMAC|0|72840|13795|0|59045|448957
14849|GMAC|73296|0|12210|0|61086|448957
14850|GMAC|64447|0|9374|0|55073|448957
14851|Bank of America|196731|0|5218|0|191513|448958
14852|AUTO LOAN M&T BANK - 2007 BUICK|9523|0|3214|0|6309|448963
14853|AUTO LOAN M&T BANK - 2008 BUICK|9780|0|3301|0|6479|448963
14854|AUTO LOAN M&T BANK - 2010 BUICK|0|20092|830|0|19262|448963
14855|HIBERNIA NATIONAL BANK|309|0|309|0|0|448973
14859|OIIO TEAMSTERS C U|38506|0|7159|0|31347|449003
14860|OHIO TEAMSTERS C U|36322|0|6754|0|29568|449003
14861|OHIO TEAMSTERS C U|35959|0|6686|0|29273|449003
14862|Ally Bank|0|19000|0|0|19000|449004
14863|AUTO LOAN-LYON FIN'L|14444|0|6666|0|7778|449009
14864|Auto Loan 2010 GMC Acadia|0|37829|7880|0|29949|449044
14868|PATRIOT SUSQUEHANNA BANK|21243|0|13143|0|8100|449058
14869|UNITE HERE INTL. LOAN|119300|0|90000|0|29300|449069
14870|KONICA-CAPITAL LEASE OBLIG.|111824|0|83868|0|27956|449069
14871|FIRST TENNESSEE BANK (interest only paid in 2010)|50000|0|0|0|50000|449071
14872|Huntington Bank|1633194|0|200633|0|1432561|449076
14873|N/A|||||0|449083
14874|HUNTINGTON BANK|0|24609|1444|0|23165|449094
14875|Chevrolet Truck|0|28780|2079|0|26701|449109
14876|Truck|20746|0|8217|12529|0|449109
14877|Loan Payable on Building|365967|775000|376808||764159|449115
14878|CHASE|11938|0|5819|0|6119|449123
14879|COMMERCE BANK|1706273|78476|851076|0|933673|449123
14880|IFF|910000|0|58242|0|851758|449123
14881|FIRST STATE BANK|38050|0|38050|0|0|449123
14882|LOCAL 101 APPRENTICESHIP FUND|50000|0|50000|0|0|449123
14883|GMAC|47352|0|8080|0|39272|449123
14884|STEELCASE FINANCIAL|32935|0|32935|0|0|449123
14885|Macmillan Oil Company|115851|0|115851|0|0|449138
14886|SUN TRUST BANK|679274|0|196551|0|482723|449140
14888|GMAC FINANCING|28600|0|6600|0|22000|449164
14889|NONE|0|0|0|0|0|449179
14892|Lease Consultants Corp|1458|0|921|0|537|449183
14893|NONE|||||0|449184
14894|NONE|0|0|0|0|0|449187
14895|IATSE INTERNATIONAL|15000||5000||10000|449188
14898|AUTOMOBILE FINANCING|119773|50538|66580|0|103731|449190
14899|BANK FINANCING|0|350995|61357|0|289638|449190
14900|None|0|0|0|0|0|449195
14901|NONE|0|0|0|0|0|449198
14902|GMAC|98461||42488||55973|449199
14903|MARGIN ACCOUNT PAYABLE|80328||80328||0|449199
14904|Amalgamated Bk of Chicago|1900000|0|38984|0|1861016|449206
14905|UNITE HERE Assistance FD-NY|2500000|0|0|2500000|0|449206
14906|AMALGAMATED BANK|276512||10149||266363|449232
14907|Inland Empire Trades Credit Union|11326|0|4512||6814|449233
14908|Inland Empire Trades Credit Union|18269|0|4295||13974|449233
14909|Jefferson Bank & Trust|29983|0|5031|0|24952|449236
14910|Jefferson Bank & Trust|20977|0|17871|0|3106|449236
14911|BANK OF AMERICA|555172||19767||535405|449237
14912|GMAC|86748|0|19277||67471|449239
14917|none|0|0|0|0|0|449252
14918|NOT APPLICABLE|0|0|0|0|0|449259
14919|NONE|0|0|0|0|0|449329
14920|GMAC|22486|0|5189|0|17297|449331
14921|NONE|0|0|0|0|0|449336
14922|Ford Credit|12930|0|4691|0|8239|449343
14923|GMAC|15197|0|8207|0|6990|449343
14924|GMAC AUTO NOTES|15709|0|7683|0|8026|449346
14925|LONG TERM PENSION PAYABLE|177443||64077||113366|449351
14926|OPEIU INTERNATIONAL||60000|12000||48000|449351
14927|GMAC AUTO LOANS|93516||22995||70521|449351
14928|GMAC Credit|30913|0|12868|0|18045|449353
14929|Seneca Federal Savings & Loan|108620|0|16190|0|92430|449357
14930|GMAC|21495|0|7370|0|14125|449365
14931|FORD MOTOR COMPANY|19962|0|5306|0|14656|449365
14932|FORD MOTOR COMPANY|18222|0|4569|0|13653|449365
14933|SUNTRUST|2422279|0|720646|0|1701633|449373
14934|SUNTRUST|523307|0|85577|0|437730|449373
14935|SUNTRUST|0|1000000|50000|0|950000|449373
14936|FIRST MIDWEST BANK|1432123|0|29892|0|1402231|449373
14937|GMAC|5515|0|5515|0|0|449392
14938|GMAC|0|20738|2131|0|18607|449392
14939|CHASE AUTO FINANCE|0|21453|3459|0|17994|449405
14940|Promissory Note, 7% due 4/5/2014|78000|0|12000|0|66000|449415
14941|CHASE AUTO FINANCE|7288||6837||451|449429
14942|GMAC|17234||5173||12061|449429
14943|GMAC|33158||7236||25922|449429
14944|NtlCty/PNCLoan 8.75% 8/24/13|13301|0|13301||0|449438
14945|NONE|0|0|0|0|0|449441
14946|Chase Bank|16716|0|5186|0|11530|449462
14947|Ally - Vehicle Loan|0|27119|14830|0|12289|449467
14948|FORD MOTOR CREDIT CORP|3393|0|3393|0|0|449477
14949|NONE|0|0|0|0|0|449494
14950|CAPITAL LEASE OBLIGATION|2875|0|836||2039|449496
14951|None|0|0|0|0|0|449501
14952|LOCAL 513|28225|0|6794|0|22717|449516
14953|Key Bank|237791||28773||209018|449527
14954|UA Local 73|942165||16918||925247|449527
14955|Ford Credit - Truck Loan|23848|0|3021|20827|0|449543
14956|Ford Credit - Truck Loan|14043|0|2742|11301|0|449543
14957|Ford Credit - Truck Loan|27315|0|5681|0|21634|449543
14958|PNC Bank - Line of Credit|0|110000|0|0|110000|449543
14959|MN BLDG TRADES FED CR UNION|12735|0|4433|0|8302|449544
14960|FORD MOTOR CREDIT|4703||4703||0|449555
14961|CIU HWH FUND|6200||6200||0|449555
14962|FRED KELLEY||10737|||10737|449555
14963|NOTE PAYABLE - TRUCK|28379||5772||22607|449561
14964|SEIU INTERNATIONAL|31236|0|31236|0|0|449568
14965|NONE|0|0|0|0|0|449575
14966|Ford Motor Company|9478|0|6319|0|3159|449633
14967|Ally Bank (GMAC)|61944|0|16733|14456|30755|449633
14968|Ally Bank (GMAC)|0|43911|1220|0|42691|449633
14969|Auto loans payable|0|32666|3632||29034|449639
14970|Union liability policy|0|19939|3988||15951|449639
14971|HUNTINGTON BANK|79349||18609||60740|449644
14972|Chrysler Credit|20633|0|5242|0|15391|449660
14973|NONE|0|0|0|0|0|449677
14974|Ford Motor Credit|3086|0|3086|0|0|449678
14975|Ford Motor Company|0|26550|4425|0|22125|449705
14976|NONE|0|0|0|0|0|449724
14977|NONE|0|14587|0|0|14587|449725
14978|EMPLOYEE (PAYROLL ERROR)|3|0|0|0|3|449747
14979|Plumbers 55 Federal Credit Union|7938|0|7938|0|0|449751
14980|Plumbers 55 Federal Credit Union|4297|0|4297|0|0|449751
14981|Plumbers 55 Federal Credit Union|18321|0|9688|0|8633|449751
14982|Plumbers 55 Federal Credit Union|0|22389|756|0|21633|449751
14983|NONE|0|0|0|0|0|449774
14984|n/a|0|0|0|0|0|449775
14985|None|0|0|0|0|0|449798
14986|na|||||0|449801
14989|FORD CREDIT|24398||9585||14813|449851
14990|FORD CREDIT|24044||9446||14598|449851
14991|FORD CREDIT|24044||9446||14598|449851
14992|FORD CREDIT|24044||9446||14598|449851
14993|FORD CREDIT|24044||9446||14598|449851
14994|FORD CREDIT|26273||9323||16950|449851
14995|FORD CREDIT|26273||9323||16950|449851
14996|FORD CREDIT|26273||9323||16950|449851
14997|FORD CREDIT|0|25265|2948||22317|449851
14998|GMAC CREDIT|31671||6668||25003|449851
14999|GMAC CREDIT|26229||9269||16960|449851
15000|GMAC CREDIT|25076||8861||16215|449851
15001|GMAC CREDIT|24894||8797||16097|449851
15002|LOCAL UNION 164 IBEW COPE FUND||100000|0|0|100000|449851
15003|NONE|0|0|0|0|0|449873
15006|FORD MOTOR CREDIT CORP|34280|0|19846|0|14434|449884
15007|CAPITAL LEASE OBLIGATION|10559||2927||7632|449891
15008|Snider Leasing Corp.|152338|0|59763|0|92575|449892
15009|Business Vehicle Finance|7458|0|4710|0|2748|449892
15010|NONE|0|0|0|0|0|449893
15238|OPEIU Strike Ben & Def Fd|0|100000|16650|0|83350|451091
15013|CAPITAL LEASE-IMAGISTICS|11927||3838||8089|449909
15014|Chrysler Financial, Inc|11258||7508||3750|449912
15015|Local 4 Annuity Fund|0|30000|12110|17890|0|449912
15016|Susquehanna Bank|14088|0|14088|0|0|449917
15017|Teamsters Joint Council 41|3500|0|700|0|2800|449920
15018|Teamsters Credit Union|292|0|292|0|0|449920
15019|NONE|0|0|0|0|0|449921
15020|Ally Financial|0|28683|5331|0|23352|449926
15021|GMAC|36654|0|8797|0|27857|449932
15022|GMAC|17103|0|3732|0|13371|449939
15023|CHRYSLER FINANCIAL|6334|0|6334|0|0|449939
15024|GMAC|25140|0|9200|0|15940|449939
15025|FIRST MERIT BANK |13707|0|6040|0|7667|449947
15026|NONE|0|0|0|0|0|449949
15027|HUNTINGTON BANK|17103|0|4101|0|13002|449981
15028|MINOLTA KONICA COPIER|1202|0|1202|0|0|449990
15480|Nissan|42135|25472|10165|0|57442|452279
15030|NEFCU|94573|83897|30902||147568|450008
15031|GMAC Auto Loan|12812|0|7258|0|5554|450011
15032|NONE|0|0|0|0|0|450012
15033|DC Truck Financial|8759|0|8232|527|0|450014
15034|UNION YES FCU AUTO LOAN|77172|0|77172|0|0|450018
15036|Ford Motor Corp.|9144|0|7748|0|1396|450025
15037|SMW 19 VIRIVA CREDIT UNION|92302|0|92302|0|0|450027
15038|TERRY WISEMAN-PONTIAC-BUICK-GMC|0|13463|0|0|13463|450032
15039|2009 CHRYLSER SEBRING|23786|0|4231|0|19555|450039
15040|2010 MERCURY MAINER|0|28359|945|0|27414|450039
15041|2009 JEEP LIBERTY|23875|0|4303|0|19572|450039
15042|2009 DODGE CHARGER|19021|0|3536|0|15485|450039
15043|2007 FORD F-150 TRUCK|13683|0|13683|0|0|450039
15044|2009 CHEVY TRUCK|22643|0|22643|0|0|450039
15045|C/C PAYABLE - WRIGHT EXPRESS|0|861|0|0|861|450039
15046|NOT APPLICABLE|0|0|0|0|0|450043
15047|CAPITAL LEASE - PHONE EQUIP|5093|0|5093|0|0|450045
15048|0|0|0|0|0|0|450049
15052|M&I Bank|544866|0|17115||527751|450054
15053|HOME STAR BANK|22734|0|5989|0|16745|450059
15054|FORD MOTOR CREDIT|24960|0|9133|0|15827|450065
15055|GMAC|24866|0|7043|0|17823|450065
15056|FORD MOTOR CREDIT|0|42552|1581|0|40971|450065
15057|46 ROCKLAND ST BUILDING CORP|0|100000|0|0|100000|450065
15058|NONE|0|0|0|0|0|450067
15059|TD BANK|0|1376797|4150|0|1372647|450082
15060|FORD CREDIT|5169|0|5169|0|0|450085
15061|ALLY - 3 AUTO LOANS|0|78192|0|0|78192|450085
15062|NONE|0|0|0|0|0|450088
15063|CHRYSLER FINANCIAL|8374|0|2064|0|6310|450089
15064|INTERNATIONAL BROTHERHOOD OF TEAMSTERS|90997|0|24266|0|66731|450102
15065|NONE|0|0|0|0|0|450106
15066| UNION YES CREDIT UNION|0|27498|4837|0|22661|450109
15067|FORD CREDIT|11547|0|4470|0|7077|450113
15068|USW International|0|95900|55942|0|39958|450114
15069|AMALGAMATED BANK OF CHICAGO|0|700000|700000||0|450115
15070|COMMERCE WEST BANK|117055|0|117055||0|450117
15071|FIRST NATIONAL BANK OF SANTA FE|112000||37000||75000|450120
15072|AUTO LOAN CHRYSLER 300C|9882|0|6358|0|3524|450126
15073|AUTO LOAN DODGE RAM|7570|0|4871|0|2699|450126
15074|NONE|0|0|0|0|0|450138
15075|Ally (formerly GMAC)|21486|0|4151|0|17335|450155
15076|IB of Electrical Workers Local 8|50017|0|0|0|50017|450162
15077|UA Local 50 Plumbers & Steamfitters|50000|0|0|0|50000|450162
15078|IA of H&F and Asbestos Workers Local 45|20000|0|0|0|20000|450162
15079|NWO Laborers Local 500|20000|0|19000|0|1000|450162
15080|Painters & Decorators Local 7|20000|0|0|0|20000|450162
15081|Sheet Metal Workers Local 33|50000|0|0|0|50000|450162
15082|United Labor Credit Union|45837|0|18034||27803|450165
15083|GMAC|0|18204|18204|0|0|450169
15084|FORD CREDIT|11409|0|11409|0|0|450171
15085|FORD MOTOR CREDIT|6666|0|6666|0|0|450176
15086|N/A|0|0|0|0|0|450188
15087|Blanski Energy Management|9314|0|9314|0|0|450212
15088|       ||||||450224
15089|MORTAGE PAYABLE|422424|0|13282|0|409142|450226
15090|Chrysler Financial|21947|0|6931||15016|450227
15091|NONE|0|0|0|0|0|450228
15092|Eagle Bank and Trust|1842443|0|70715|0|1771728|450230
15094|INSTALLMENT NOTES|63215|0|17384|0|45831|450242
15095|Ford Motor Credit||22598|681||21917|450245
15096|GMAC FINANCING|65265|0|14238|0|51027|450246
15097|NONE|0|0|0|0|0|450248
15098|COMPUTER ST. LOUIS|0|2808|||2808|450250
15099|NOTES PAYABLE - MORTGAGE|117959|0|13866||104093|450250
15100|LINE OF CREDIT|2|0|||2|450250
15101|Bank Loan|164771|0|70532||94239|450278
15102|NONE|0|0|0|0|0|450283
15103|GMAC & CHRYSLER FINANCIAL|65583|0|23187|0|42396|450287
15107|NONE|0|0|0|0|0|450303
15109|VALLEY COMMERCIAL CAPITAL|6443|0|3651|0|2792|450308
15110|BANK OF AMERICA|15863|0|4625|0|11238|450316
15111|BANK OF AMERICA|18275|0|5323|0|12952|450316
15112|IKON FINANCIAL SERVICES|5691|0|2868|0|2823|450318
15113|MAILROOM CONSULTANTS|21146|0|6445|0|14701|450318
15114|Vehicle loans|53711|0|17140|0|36571|450331
15115|NONE|0|0|0|0|0|450361
15116|TWU OF AMERICA|22709|0|16337|0|6372|450368
15117|NONE|0|0|0|0|0|450382
15120|NONE|0|0|0|0|0|450442
15121|IAM & AW Grand Lodge|102417||||0|450443
15122|Chrysler Financial|20693|0|20693|0|0|450447
15123|Chrysler Financial|24744|0|24744|0|0|450447
15124|Chase Auto Finance|24964|0|24964|0|0|450447
15125|Chase Auto Finance|24964|0|24964|0|0|450447
15126|Chase Auto Finance|25195|0|25195|0|0|450447
15127|GMAC|54339|0|14273|0|40066|450447
15128|GMAC|33979|0|33979|0|0|450447
15129|CREDIT CARD PAYABLE|70|0|70|0|0|450450
15130|N/P - 2007 Ford (Monarch)|5600|0|5600|0|0|450457
15131|N/P - Buicks (Monarch)|1427|0|1427|0|0|450457
15132|N/P - New Buick (Monarch)|16266|0|3677|0|12589|450457
15133|N/P - 2010 Form|0|27300|1907|0|25393|450457
15134|Ford Motor Credit|8733|0|8058|0|675|450475
15135|Ford Motor Credit|21624|0|21624|0|0|450475
15136|Ford Motor Credit|29262|0|10974|0|18288|450475
15137|Ford Motor Credit|0|31760|4411|0|27349|450475
15138|NONE|0|0|0|0|0|450476
15139|NONE|0|0|0|0|0|450479
15140|GMAC|35085|0|8576|0|26509|450544
15141|Ford Credit- Vehicle Loans|271218|34399|141435|0|164182|450559
15142|Banco Popular- Mortgage|428636|0|7998|0|420638|450559
15143|CITIZENS BANK AUTO LOAN|12024|0|12024|0|0|450584
15144|SEIU International|35000|0|0|0|35000|450586
15145|GMAC|0|34372|4010||30362|450614
15146|NONE|0|0|0|0|0|450627
15147|NONE|0|0|0|0|0|450628
15148|Old Second National Bank|2903312||442697||2460615|450636
15149|Ford Motor Credit|0|40229|6431|0|33798|450649
15150|N/A|0|0|0|0|0|450664
15151|ALLY CREDIT|34456|60763|18495|0|76724|450681
15152|CHRYSLER CREDIT|2940|0|2940|0|0|450681
15153|TD EQUIPMENT FINANCE|4057|0|4057|0|0|450681
15154|FORD MOTOR CREDIT|2236|66000|3850|0|64386|450681
15155|VACATION FUND|42653|48387|42653|0|48387|450683
15156|GLENS FALLS NATIONAL BANK|148565|0|11470|0|137095|450685
15157|MORGAN STANLEY SMITH BARNEY|0|388170|0|0|388170|450686
15158|NONE|0|0|0|0|0|450705
15159|ALLY (GMAC PAYMENT PROCESSING CENTER)|36985||6646||30339|450706
15160|ALLY (GMAC PAYMENT PROCESSING CENTER)|32489||7220||25269|450706
15161|ALLY||36234|4831||31403|450706
15162|NONE|0|0|0|0|0|450713
15163|None|0|0|0|0|0|450715
15164|PTDC 36 JT LABOR MGMT|203333|0|60238|0|143095|450733
15165|FORD CREDIT|19909||4508||15401|450742
15166|FORD CREDIT|24625||5575||19050|450742
15167|FORD CREDIT|14051||2711||11340|450742
15488|Ford Credit|10125||9338||787|452282
15168|Capital lease payable|1022||1022||0|450780
15170|GMAC-2009 Chevy Suburban|48218|0|8657||39561|450795
15171|Ford Credit-2010 F-150 Truck|0|44278|8387||35891|450795
15172|Credit Cards|18812|9176|11873|0|16115|450813
15173|Line of Credit|137|0|137|0|0|450813
15174|Auto loans payable|130005|0|34878|0|95127|450819
15175|NONE|0|0|0|0|0|450824
15176|NONE|0|0|0|0|0|450827
15177|Auto Loans|0|100000|18338|0|81662|450831
15178|Bridgewater Credit Union|10228|0|7153|0|3075|450848
15179|Bridgewater Credit Union|9181|0|6421|0|2760|450848
15180|Bridgewater Credit Union|12546|0|6706|0|5840|450848
15181|Bridgewater Credit Union|13721|0|7334|0|6387|450848
15182|Bridgewater Credit Union|12727|0|6802|0|5925|450848
15183|Hometown Bank|185238|0|12800|0|172438|450852
15184|SBA Loan|103016|0|6047|0|96969|450852
15185|Seafarers Int'l Union of N.A. - AGLIWD|570000|75000|90000||555000|450853
15186|CIT TECHNOLOGY FINANCIAL SERVICES|4947|0|3397|0|1550|450854
15187|Seafarers International Union of N.A. AGLIWD|0|165000|0|0|165000|450863
15188|Seafarers Int'l Union of N.A. AGLIWD|1254645|0|0|0|1254645|450869
15189|AUTOMOBILE LOAN|6602|0|6602|0|0|450907
15190|KEY BANK LOAN|115817|0|36296|0|79521|450924
15191|BANK OF AMERICA|0|36968|3364|0|33604|450924
15194|Op. Eng. #3 FCU Loan #142|6828|0|4701|0|2127|450938
15195|Op. Eng. #3 FCU Loan #143|6276|0|4294|0|1982|450938
15196|Op. Eng. #3 FCU Loan #144|6276|0|4295|0|1981|450938
15197|Op. Eng. #3 FCU Loan #145|9761|0|4745|0|5016|450938
15198|Canon Capital Lease Payable|12271|0|2551|0|9720|450938
15199|N/A|0|0|0|0|0|450942
15200|NONE|0|0|0|0|0|450951
15201|0|0|0|0|0|0|450952
15202|Ford Motor Credit|19130|0|6956|0|12174|450957
15203|GMAC|19095||7316||11779|450963
15204|NONE|0|0|0|0|0|450994
15205|NONE|0|0|0|0|0|450995
15206|IAMAW GRAND LODGE |2000||1800|200|0|450996
15207|SEU Local 1877|185094|526680|711774|0|0|451003
15208|NONE|0|0|0|0|0|451014
15209|FORD CREDIT|19788|0|15712|0|4076|451018
15210|UFCW INTERNATION UNION|348710|0|240000|0|108710|451020
15211|Cap. Lease (phone)|14289|0|11744|0|2545|451034
15212|Cap. Lease (Security System)|4243|0|3331|0|912|451034
15213|Cap. Lease (Servers)|10095|0|2676|0|7419|451034
15214|Note Payable (Mercury Van)|11246|0|11246|0|0|451034
15215|Note Payable (Ford Explorer)|11955|0|11955|0|0|451034
15216|Note Payable (Freestar Van)|8783|0|3989|0|4794|451034
15217|Note Payable (Dodge Van)|0|24180|479|0|23701|451034
15218|Note Payable (Chevy Aveo)|0|13782|439|0|13343|451034
15219|Cape Bank (Equity Line)|89938|25000|51101|0|63837|451034
15220|NONE|0|0|0|0|0|451053
15221|The Cit Group|4671||1480||3191|451059
15222|FORD MOTOR CREDIT|3277|0|3277|0|0|451060
15223|TEAMSTERS CREDIT UNION|13968|0|13968|0|0|451060
15224|GMAC/ALLY BANK|23074|0|5538|0|17536|451060
15225|GMAC/ALLY BANK|23095|0|5542|0|17553|451060
15226|Note Payable-GMAC|0|8953|908|0|8045|451067
15431|IUPAT AFL-CIO|330000|0|4869|325131|0|452106
15227|Powernet Credit-Auto Loan|5740|0|3209|0|2531|451071
15228|Powernet Credit-Auto Loan|10784|0|4267|0|6517|451071
15229|CapitalOne|6601||6601||0|451076
15230|MERRILL LYNCH|198466|223197|288340|0|133323|451078
15231|MERRILL LYNCH|250000|1000000|125000|0|1125000|451078
15232|SEIU INTERNATIONAL - CAPITAL|161500|0|40000|121500|0|451084
15233|DELL|64378|0|22948|0|41430|451084
15234|AVAYA|45990|0|23019|0|22971|451084
15235|AMALGAMATED BANK OF CHICAGO|44633|0|33189|0|11444|451084
15236|FIRST MIDWEST BANK|59516|4500|10292|0|53724|451084
15237|N / A|0|0|0|0|0|451090
15474|FORD  CREDIT (EXPLORER 10-1)||48303|3736||44408|452275
15239|Gourde Loan|0|100000|13457|0|86543|451091
15240|U.S. BANK|35079|128000|133645||29434|451092
15241|ELEVATOR CONST LOCAL 18|0|855000|8827||846173|451092
15242|UNION BANK AND TRUST|0|35000|35000|0|0|451094
15243|UNITE HERE Local 2850|7551|0|7551|0|0|451101
15244|Ford Motor Credit|2394||2394||0|451102
15245|Ford Motor Credit|2849||2849||0|451102
15246|Ford Motor Credit|4273||4273||0|451102
15247|Ford Motor Credit|4273||4273||0|451102
15248|Ford Motor Credit|5512||5512||0|451102
15249|U.S. Bank (Lyon Financial)|39685||30015||9670|451102
15250|Ford Motor Credit|20737||4459||16278|451102
15251|GMAC|19074||3849||15225|451102
15252|Ford Motor Credit|0|14276|4508||9768|451102
15253|Ally Bank|0|13940|4483||9457|451102
15254|Ally Bank|0|17951|881||17070|451102
15255|UFCW International|267000||60000||207000|451102
15256|GMAC|9032|0|5252||3780|451106
15257|UAW LOCAL 889|108095||13463||94632|451109
15258|First Federal Savings & Loan|175000||175000||0|451111
15259|CAR LOAN|14235||4066||10169|451112
15260|International Brotherhood of Teamsters|0|300000|19187||280813|451113
15261|Atlanta Postal Credit Union|7361|100000|4611||102750|451117
15262| None|0|0|0|0|0|451120
15263|NONE|0|0|0|0|0|451123
15264|SAN DIEGO COUNTY CU|5733|0|5733|0|0|451126
15265|  NONE|0|0|0|0|0|451131
15266|GMAC |18179|0|9828||8351|451135
15267|members|3940|0|180|0|3760|451142
15268|MAH building corp|224713|85000|0|0|309713|451142
15269|Musicians Services|5200|0|0|0|5200|451142
15270|UNITED LABOR BANK|349932|0|32200|0|317732|451143
15271|NONE|0|0|0|0|0|451145
15272|George Elkin|3423452|0|89244|0|3334208|451184
15273|SEIU Locl 2007|451364|993180|529387|0|915157|451184
15274|SEIU SOULA 2006|0|1211228|737353|0|473875|451184
15275|n/a|0|0|0|0|0|451273
15277|NONE|0|0|0|0|0|451297
15278| ||||||451300
15279|SMALL BUSINESS ADMIN.|45536|0|3975|0|41561|451301
15280|None|0|0|0|0|0|451303
15281|LINE OF CREDIT - MERRILL LYNCH|0|99500|0|0|99500|451304
15282|N/A|0|0|0|0|0|451306
15283|FORD MOTOR CREDIT - FLEX|18620|0|8594|0|10026|451319
15284|FORD MOTOR CREDIT - EXPLORER|3013|0|3013|0|0|451319
15285|FORD MOTOR CRIDIT - RANGER|18943|0|6314|0|12629|451319
15286|FORD MOTOR CREDIT - TAURUS|27102|0|9565|0|17537|451319
15287|BENEFICIAL SAVINGS BANK - ESCAPE|11876|0|6331|0|5545|451319
15288|FORD MOTOR CREDIT - LINCOLN|0|42466|12975|0|29491|451319
15289|TEAMSTERS CREDIT UNION|27110|0|27110|0|0|451324
15290|FORD MOTOR CREDIT|14940|0|8964|0|5976|451324
15291|FORD MOTOR CREDIT|14800|0|8880|0|5920|451324
15292|JEFFERSON BANK|0|2000000|||2000000|451329
15293|US BANK|0|6000000|||6000000|451329
15294|BUSINESS LOAN CONDUIT NO 6 LLC|0|8000000|||8000000|451329
15295|BUSINESS LOAN CONDUIT NO 6 LLC|0|10000000|||10000000|451329
15296|INTERNATIONAL BROTHERHOOD OF TEAMSTERS|150000|0|0|0|150000|451353
15297|INTERNATIONAL BROTHERHOOD OF TEAMSTERS|69804|0|9402|0|60402|451353
15298|JP MORGAN CHASE BANK, N.A.|25126|0|4552|0|20574|451353
15299|ALLY|0|42754|9850|0|32904|451354
15300|ALLY|0|28973|4973|0|24000|451354
15301|ALLY|0|30312|4014|0|26298|451354
15302|FORD MOTOR CREDIT|0|39259|2383||36876|451356
15303|FORD MOTOR CREDIT|0|38909|2362||36547|451356
15304|ALLY CREDIT|0|40559|2704||37855|451356
15305|ALLY CREDIT|0|40875|2725||38150|451356
15306|ALPA NATIONAL TO 1625 MASSACHUSSETS AVE NW CORP|69622|244386|255562|58446|0|451357
15307|ALPA NATIONAL TO IPSC|794649|203457|0|144698|853408|451357
15308|CANON FINANCIAL SERVICES INC.|0|2878|0|0|2878|451357
15309|SUNTRUST COMMERCIAL NOTE|0|2200000|335473|0|1864527|451357
15310|WACHOVIA BANK LINE|60000||5000||55000|451364
15311|UURWAW INTERNATIONAL UNION|32500|0|0|0|32500|451367
15312|NONE|0|0|0|0|0|451387
15313|Construction Loan - Frost Bank|249128|2045817|2294945||0|451423
15314|Building Loan - Wells Fargo Bank|0|2600000|9598||2590402|451423
15315|TWU International |20000|0|0|0|20000|451429
15316|LINE OF CREDIT|1500000|0|0|0|1500000|451443
15322|FORD CREDIT|8592|0|4504||4088|451464
15323|NONE|0|0|0|0|0|451479
15324|COMMUNITY BANK 4.60%;36 MONTHS|76717|364676|127628|0|313765|451517
15325|None|0|0|0|0|0|451520
15326|LOUIS PERNICE|0|40000|0|0|40000|451522
15327|LOAN - JOSEPH SENESE|38117|48697|85690|0|1124|451547
15328|NORTHVIEW LOAN|552000|362510|93750|0|820760|451547
15329|LOAN - PROD. WORKERS|257300|106390|0|0|363690|451547
15330|Roofers #149 Property Company|312282|||3600|308682|451548
15331|RWDSU NATIONAL|210845||9999||200846|451554
15332|UNION BANK & TRUST|471489|0|12422|0|459067|451567
15333|UNION BANK & TRUST|0|80000|0|0|80000|451567
15334|OPEIU International|275811|0|68158|0|207653|451569
15335|JOHNSON BANK|2521866|0|445025|0|2076841|451571
15336|NPWU PROTECH|6100|0|0|0|6100|451588
15337|Quad City Bank & Trust|22016|0|22016|0|0|451590
15338|N.E. Teamsters F.C.U.|21254|0|21254|0|0|451604
15339|Culinary Workers Local 226|6500000|1500000|442034|0|7557966|451610
15340|AFSCME|500000|200000|0|0|700000|451610
15341|Local 6|0|13000000|1953501|0|11046499|451610
15343|ENTERPRISE BANK|303149|0|303149|0|0|451618
15344|TEAMSTERS LOCAL NO. 1038|0|0|0|0|14081|451624
15348|LYON FINANCIAL SERVICES|17092|0|4258|0|12834|451635
15349|NONE|0|0|0|0|0|451662
15350|FORD CREDIT|3607||3607||0|451663
15351|FORD CREDIT|3607||3607||0|451663
15352|FORD CREDIT|3384||3384||0|451663
15353|FORD CREDIT|486||486||0|451663
15354|FORD CREDIT|8744||4796||3948|451663
15355|FORD CREDIT|8950||4910||4040|451663
15356|UNITE Here International Union|274763||12000||262763|451672
15357|Blue Technologies|0|22932|0|0|22932|451685
15358|Auto loans payable|20500|40515|7524||53491|451688
15359|NPWU PROTECH|4214|0|0|0|4214|451690
15360|NATIONAL PRODUCTION WORKERS UNION|29500|108500|117701|0|20299|451690
15361|TRUCK DRIVERS, CHAUFFEURS & WSHEMEN|988362|174122|0|0|1162484|451690
15362|Local 829 Pension Fund|347000|50000|118564||278436|451691
15363|Local 829 Hiring Hall|28478|6076|||34554|451691
15364|NONE|0|0|0|0|0|451710
15365|N/A|0|0|0|0|0|451713
15366|Workers Local 34 Bldg Corp|0|160490|10000|0|150490|451714
15367|Fifth Third Bank|871567|0|304595|0|566972|451715
15368|NONE|0|0|0|0|0|451716
15369|GMAC - VEHICLE LOANS|0|282257|66207|0|216050|451724
15370|1ST SECURITY BANK OF WA|180864||37792||143072|451743
15371|PIERCE TRANSIT PAYABLE-NET|10626|11132|||21758|451743
15372|CREDIT CARDS-NET CHANGE|1482||470||1012|451743
15373|Local Union Loans|700000|0|350000|0|350000|451752
15374|Ally Financial|29646||6588||23058|451768
15375|Ally Financial||19488|1745||17743|451768
15376|Ally Financial||20937|1252||19685|451768
15377|Ally Financial||20745|1281||19464|451768
15378|Ally Financial||20898|703||20195|451768
15379|Ally Financial||20667|0||20667|451768
15380|NA|||||0|451778
15381|LOCAL 92 CREDIT UNION|25162|0|12796|0|12366|451782
15382|Auto Loan - GMAC 1|26633|0|26633|0|0|451790
15383|Auto Loan - GMAC 2|25182|0|25182|0|0|451790
15384|Auto Loan - GMAC 3|23757|0|23757|0|0|451790
15385|Auto Loan - GMAC 4|22660|0|22660|0|0|451790
15386|Auto Loan - GMAC 5|26098|0|26098|0|0|451790
15387|Auto Loan - GMAC 6|0|34797|34797|0|0|451790
15388|Auto Loan - GMAC 7|42949|0|3617|39332|0|451790
15389|Equipment Leases|51553|258266|37538|0|272281|451792
15390|Local #410|30000|30000|0|0|60000|451803
15391|Local #407|0|8000|0|0|8000|451803
15392|Wachovia Bank NA|18678714||600000||18078714|451814
15393|None|0|0|0|0|0|451817
15395|Auto loans payable|72195|0|72195|0|0|451838
15396|N/A|0|0|0|0|0|451875
15397|Suntrust Bank|323895|0|60503|0|263392|451876
15398|N/A|||||0|451885
15399|N/A|||||0|451885
15400|N/A|||||0|451885
15401|N/A|||||0|451885
15402|N/A|||||0|451885
15403|N/A|||||0|451885
15404|N/A|||||0|451885
15405|N/A|||||0|451885
15406|N/A|||||0|451885
15407|N/A|||||0|451885
15408|INTL UNION OF ALLIED NOVELTY & PRODUCTION WORKERS|22500|0|16378|6122|0|451891
15409|Chase Bank|1319430|0|396215|0|923215|451929
15410|Amalgamated-Sacramento|1139232|0|17798|0|1121434|451941
15411|Amalgamated-San Jose|570334|0|8853|0|561481|451941
15412|SEIU International|0|0|0|0|4000000|451941
15413|AVAYA FINANCIAL SERVICES|100792|0|100792|0|0|451950
15415|OPEIU INTERNATIONAL|0|250000|16667|0|233333|451961
15416|THE SAVANNAH BANK|19924|0|19924|0|0|451969
15417|CLOTHING WORKERS CENTER|4200000|0|4200000|0|0|451970
15418|LABORERS LOCAL 572|0|10000|2500|0|7500|451977
15420|Chrysler Credit - 2005 Ford|4080||4080||0|452031
15421|Hometown National Bank|121340|0|9404|0|111936|452052
15422|Hometown National Bank|9056|0|3200|0|5856|452052
15423|International Teamsters|0|150000|7477|0|142523|452052
15424|AMALGAMATED BANK|147322||34822||112500|452066
15425|Automobiles Ford|134898|38776|20724|43862|109088|452082
15426|Automobiles - GMAC|42000|0|9450|0|32550|452082
15427|United Union of Roofers Trusteeship|25041|0|24000|0|1041|452082
15429|International Longshoremen's Association, AFL-CIO|117519|0|53750|0|63769|452096
15434|NONE|0|0|0|0|0|452118
15435|NONE|0|0|0|0|0|452137
15436|SEIU International Union - National Labor Organiza|200000|0|200000|0|0|452144
15437|GMAC - Corporation|13528|0|4022|0|9506|452144
15438|GENWORTH|2177351|0|87937||2089414|452176
15439|SSB LIEN|897964|0|894452||3512|452176
15440|LOANS PAYABLE|400|0|0||400|452176
15441|MERRILL LYNCH|0|1000000|1000000||0|452176
15442|NONE|0|0|0|0|0|452178
15443|AFSA Scholarship Fund|1114197|0|106075|0|1008122|452179
15444|United Labor Bank|0|75000|0|0|75000|452182
15445|AFSCME LOCAL 88|30556||18056||12500|452190
15446|AFSCME LOCAL 189|176667||21667||155000|452190
15447|AFSCME LOCAL 328|215556||33704||181852|452190
15448|N/A|0|0|0|0|0|452195
15449|       ||||||452202
15450|National Postal Mail Handlers Union|0|735931|98464|103000|534467|452203
15451|Anthony Branco, Treasurer|0|1000|1000|0|0|452203
15452|Ford Motor Credit|146301|153800|102015|0|198086|452206
15453|Bank of Utica|103513|71416|76078|0|98851|452206
15454|GMAC|16210|0|13857|0|2353|452206
15455|UFCW International Union|16667|0|16667|0|0|452206
15456|  ||||||452207
15457|TOYOTA LOAN|16805|0|5241|0|11564|452209
15458|n/a|0|0|0|0|0|452224
15459|NONE|0|0|0|0|0|452231
15460|BLE-T National Division|10000|0|0|0|10000|452241
15461|First Union Securities|448587|0|60335|0|388252|452243
15462|Teamsters Canada Rail Conference|741877|6198|0|0|748075|452243
15463|Key Bank Loan|693333|0|80000|0|613333|452243
15464|SOFTWARE & INSTALLATION|2338||2338||0|452246
15465|RENTAL DEPOSITS PAYABLE|400|2800|2400||800|452248
15466|NONE|0|0|0|0|0|452253
15467|NONE|0|0|0|0|0|452257
15468|0|0|0|0|0|0|452259
15469|Metro Bank|100000|40000|99969||40031|452261
15470|NONE|0|0|0|0|0|452265
15472|FORD CREDIT  (EDGE)|26438||7553||18885|452275
15473|FORD CREDIT (EXPLORER 08)|22305||4169||0|452275
16218|FORD CREDIT|0|15483|1470||14013|469349
15475|FORD CREDIT (EXPLORER 10-2||49857|3886||45804|452275
15477|Signatrue Bank|4442|0|4442|0|0|452279
15478|Santander Consumer|11817|0|3497|0|8320|452279
15479|Ford Credit|94495|0|18208|0|76287|452279
15481|Bank of America|32778|0|5560|0|27218|452279
15482|Amalgamated Bank|72175||20616||51559|452282
15483|Business Vehicle Finance|11643||6705||4938|452282
15484|Business Vehicle Finance|11326||6283||5043|452282
15485|Business Vehicle Finance|12526||6288||6238|452282
15486|Business Vehicle Finance|12386||6228||6158|452282
15487|Chase Auto Finance|55941||12974||42967|452282
15489|Ford Credit|4094||4094||0|452282
15490|GMAC|24522||5072||19450|452282
15491|GMAC|48671||12401||36270|452282
15492|Ford Credit|773||773||0|452282
15498|Ford Motor Credit|8082||5104||2978|452285
15499|BANK OF AMERICA , N.A||600367|0|0|600367|452290
15501|AMLAMATED BANK|8430035|713767|48475|0|9095327|452297
15503|BANK OF AMERICA|72424||6431||65993|452300
15505|Due to Roofers Building Association|4298||||4298|452309
15506|NONE|0|0|0|0|0|452311
15507|FORD MOTOR CREDIT|13450|0|6829|0|6621|452319
15508|GMAC|25012|0|5466|0|19546|452319
15509|GMAC|29319|0|6952|0|22367|452319
15510|ELECTRICAL HOME ASSOCIATION|724952|0|108818|0|616134|452319
15511|NONE|0|0|0|0|0|452329
15512|N/A|0|0|0|0|0|452331
15513|FORD MOTOR COMPANY|60369|55855|45460||70764|452344
15514|Amalgamated Bank|5000000|0|5000000|0|0|452346
15515|Bank of America Mortgage|80730708|0|7067111|0|73663597|452346
15516|Bank of America Line of Credit|0|5000000|0|0|5000000|452346
15517|CHASE BANK|124211|43332|167543|0|0|452348
15518|UNITED LABOR BANK|0|1000000|65046|0|934954|452354
15519|GMAC FINANCIAL SERVICES|95181|68472|31997|19647|112009|452361
15520|XEROX CORPORATION|0|126669|14075||112594|452364
15522|M&T Bank|80856||18834||62022|452522
15523|FORD MOTOR CREDIT|5754|0|3062|0|2692|452529
15524|FORD MOTOR CREDIT|7534|0|7534|0|0|452529
15525|FORD MOTOR CREDIT|6265|0|2912|0|3353|452529
15526|FORD MOTOR CREDIT|14302|0|7638|0|6664|452529
15527|GMAC FINANCE|13613|0|5106|0|8507|452529
15529|Pinnacle National Bank|14938||14938||0|452544
15530|CHRYSLER FINANCIAL|13631||13631||0|452546
15531|CIT FINANCIAL|1783||1783||0|452546
15532|ALLYE BANK|0|33254|||33254|452546
15545|DRYWALL TAPING JOINT INDUSTRY|0|75000|75000||0|452573
15546|ACCO PRINCETON FCU|21585|0|7619|0|13966|452646
15547|ACCO PRINCETON FCU|19773|0|6987|0|12786|452646
15548|Wells Fargo|243150|0|81875|0|161275|452737
15550|GMAC Commercial Credit|0|125000|16490||108510|452821
15551|Auto loans payable|55820|140161|61909|0|134072|452822
15552|1st Community Credit Union|159358|0|2004|0|157354|452824
15556|WACHOVIA DEALER SERVICES|6127|0|6127|0|0|452827
15557|Fod Credit|20777|0|5678|0|15099|452828
15558|Ally|0|22517|788|0|21729|452830
15559|GMAC|0|283908|24138|0|259770|452830
15560|Ford Credit Co.|0|67890|10008|0|57882|452830
15561|none|0|0|0|0|0|452835
15563|NONE|0|0|0|0|0|452975
15564|Ford Motor Company|61557||20600||40957|453075
15565|GMAC|24928|0|5157|0|19771|453476
15566|NONE|0|0|0|0|0|453507
15567|ALLY|8790|0|6554|0|2236|453877
15568|ALLY|7520|0|3491|0|4029|453877
15569|ALLY|20234|0|6182|0|14052|453877
15570|none|0|0|0|0|0|453879
15571|SERVICE EMPLOYEES INTERNATIONAL UNION|3610000|0|275000|0|3335000|454186
15572|ALLY BANK|0|48265|3705|0|44560|454186
15573|ALLY BANK|0|43720|4155|0|39565|454186
15576|UNITE HERE Affiliates Assistance|1264084|0|0|1264084|0|454788
15577|BANCO POPULAR DE PR|1258085||45972||1212113|454789
15578|None|0|0|0|0|0|454795
15579|n/a|0|0|0|0|0|454797
15580|Ford Motor Company|26226||26226||0|454845
15581|GMAC|13628|0|7433|0|6195|454851
15582|GMAC|13425|0|7323|0|6102|454851
15583|COPIER LEASE|3896|0|1902|0|1994|455019
15584|Capital Lease - Color Copier|8874|0|3032|0|5842|455081
15585|NONE|0|0|0|0|0|455086
15586|FORD MOTER CORP|7059|0|4498|0|2561|455124
15587|DUE TO BACONEF PROPERTIES|226000|0|0|226000|0|455455
15588|NONE|0|0|0|0|0|455927
15589|N/A|0|0|0|0|0|455928
15592|NONE|0|0|0|0|0|456273
15593|NONE|0|0|0|0|0|456292
15594|Key Bank National Association|147408|0|147408|0|0|456311
15595|CITY NATIONAL BANK|0|204307|60599||143708|456328
15596|NONE|0|0|0|0|0|456388
15599|NONE|0|0|0|0|0|457046
15600|RBC Wealth Management|48817|0|48817|0|0|457051
15601|N/A|0|0|0|0|0|457378
15602|NETFCU|7261||7261||0|457392
15603|NETFCU|7714||7714||0|457392
15604|GMAC Finance|24983||24983||0|457392
15605|NETFCU|8664||8664||0|457392
15606|NETFCU|20877||11034||9843|457392
15607|NETFCU|23433||4191||19242|457392
15608|GMAC Finance||24399|2041||22358|457392
15672|N/A|0|0|0|0|0|460340
15609|GMAC Finance||23325|1228||22097|457392
15610|GMAC Finance||23210|635||22575|457392
15611|GMAC Finance||18273|505||17768|457392
15612|Ford Motor Credit||11563|519||11044|457392
15613|NONE|0|0|0|0|0|457397
15614|NONE|0|0|0|0|0|457476
15615|USW DIST 7 STRIKE FUND|49996|0|0|0|49996|457556
15616|Wachovia Bank|662343|0|45655|0|616688|457565
15617|AUTOMOBILE LOAN|22246|0|6943|0|15303|457566
15618|AUTOMOBILE LOAN|22998|0|8195|0|14803|457566
15619|AUTOMOBILE LOAN|0|46426|7738|0|38688|457566
15620|NONE|0|0|0|0|0|457614
15621|NONE|0|0|0|0|0|457711
15622|UFCW Strike Fund|163175|0|3588|0|159587|457729
15623|Equipment loan|0|24483|0|0|24483|457790
15624|NONE|0|0|0|0|0|457791
15625|First State Bank|62058|0|62058|0|0|457880
15626|Credit Cards/Other (Net)|10442||5729||4713|457891
15627|GMAC|18654|0|6995|0|11659|458002
15628|GMAC|3723|0|3723|0|0|458002
15629|I.A.F.F.|38380|0|20004|0|18376|458265
15630|None|0|0|0|0|0|458487
15631|N/A|0|0|0|0|0|458696
15632|FIRST BANK & TRUST|4184333|0|942020|0|3242313|458699
15633|VEHICLE LOAN|7841|0|7841|0|0|458699
15634|U.F.C.W. INTERNATIONAL UNION|27098|0|27098|0|0|458699
15635|FORD MOTOR CREDIT|32194|0|5901|0|26293|458700
15636|GMAC CREDIT|31525|0|6363|0|25162|458700
15637|Bank of America|32505|2453|0|0|34958|458701
15638|Bank of America|2904|0|1397|0|1507|458701
15639|Bank of America|75382|0|24831|0|50551|458701
15640|CHASE|36025|0|6000|0|31298|458720
15643|NONE|0|0|0|0|0|458968
15644|0|0|0|0|0|0|458982
15645|FORD MOTOR CREDIT |85776|18272|57923||46125|459264
15646|Ford Motor Credit Company|50030|112230|19501|0|142759|459451
15647|New England Teamsters Federal Credit Union|5281|0|5281|0|0|459451
15648|Ally|0|32991|4099|0|28892|459451
15649|XEROX CORP.|1399|0|174|0|1225|459454
15650|PETE CRISS (OFFICER)|6|0|6|0|0|459454
15651|(Overwithheld on Payroll Taxes)|0|0|0|0|0|459454
15655|N/A|0|0|0|0|0|459703
15657|NONE|0|0|0|0|0|459782
15658|GMAC|21660|0|5035||16625|459856
15659|FINANCING OF AUTO PURCHASED|0|12592|2230||10362|460023
15660|West Breck Corporation|0|34883|0|0|34883|460024
15661|GMAC|21847||21847||0|460058
15662|Chrysler Financial|9394|13468|9757||13105|460058
15663|Ford Motor Credit|17616|0|6690|0|10926|460094
15670|PROMERICA BANK|1119762|0|19167|0|1100595|460285
15671|International Association of Firefighters|120392||35420||84972|460310
15673|REGIONS BANK|18241|0|5135|0|13106|460431
15675|N/A|0|0|0|0|0|460738
15676|DETROIT EDISON CREDIT UNION|768351|0|17540|0|750811|460773
15679|BANK|0|174932|3923||171009|460848
15680|ALLY|19407|0|4015|0|15392|460866
15681|ALLY|23645|0|5067|0|18578|460866
15683|none|0|0|0|0|0|460940
15690|Due to Public|945746|98842|0|0|1044588|461380
15691|Auto Ford 8386|17666|0|6187|0|11479|461380
15692|Auto Ford 8599|26285|0|6857|0|19428|461380
15693|Auto Ford 8486|20805|0|7286|0|13519|461380
15694|Auto Ford 2852|20726|0|7258|0|13468|461380
15695|Auto Ford 8381|20427|0|7154|0|13273|461380
15696|Ford Auto Loan|1738|0|1738|0|0|461380
15697|Ford Auto Loan|1755|0|1755|0|0|461380
15698|Ford Credit Auto Loan|1826|0|1826|0|0|461380
15699|Ford Credit Auto Loan|2413|0|2413|0|0|461380
15700|Ford Credit Auto Loan|1765|0|1765|0|0|461380
15723|From Local 1037|0|150000|150000||0|463101
15724|M&T Bank Line of credit|48265|0|22066|0|26199|463112
15725|M&T Bank Auto Loan #59958|23261|0|5447|0|17814|463112
15726|Ally(GMAC) Loan#45472|17991|0|3778|0|14213|463112
15727|Ally(GMAC) Loan#47918|17991|0|3778|0|14213|463112
15728|Ally(GMAC) Loan#86673|17991|0|3778|0|14213|463112
15729|Ally(GMAC) Loan#87951|17847|0|3748|0|14099|463112
15730|Ally(GMAC) Loan#24320|23180|0|5058|0|18122|463112
15731|Ally(GMAC) Loan#22165|23521|0|4952|0|18569|463112
15797|N/A|0|0|0|0|0|464489
15735|John Nolen Drive LLC|142200|0|15305|0|126895|463188
15740|none|0|0|0|0|0|463304
15742|UNION|279768|0|40000||239768|463331
15750|NONE|0|0|0|0|0|463555
15756|GMAC|19581|0|4290||15291|463656
15757|GMAC|16641|0|4610||12031|463656
15758|GMAC|27717|0|27717||0|463656
15759|GMAC|13132|0|4751||8381|463656
15760|VALLEY NATIONAL BANK|9545|0|9545||0|463656
15790|Chase Auto Finance|0|21217|3551|0|17666|464140
15793|NONE|0|0|0|0|0|464149
15795|UFCW INTERNATIONAL UNION|160000|0|115000|0|45000|464485
15796|ALLY FINANCING AUTOMOTIVE|0|33685|987|0|32698|464485
15808|Ironstone Bank|363672|0|27936||335736|464971
15815|XEROX CORPORATION|34901|||662|34239|465096
15816|Ford Motor Credit|0|15928|1457|0|14471|465104
15897|FORD MOTOR CREDIT CORP|11222||8957||2265|466333
15898|FORD MOTOR CREDIT CORP|8188||6535||1653|466333
15899|FORD MOTOR CREDIT CORP|31605||5709||25896|466333
16169|VARIOUS BANKS|7817450|0|327390|0|7490060|467877
16170|TD FINANCE AND EQUIPMENT|62559|0|12270|0|50289|467877
16171|TD FINANCE|0|531143|31655|0|499488|467877
16173|NATIONAL POSTAL MAIL HANDLERS|87384|34200|||126358|468215
16176|N/A|0|0|0|0|0|468586
16178|n/a|0|0|0|0|0|468591
16217|CITY OF CLEVELAND|86699||5032||81667|469349
16220|Service Employees Int'l Union|0|0|0|0|606592|469396
16228|GMAC - AUTOMOBILE|4533|0|4533|0|0|469600
16229|GMAC - AUTOMOBILE|10617|0|5120|0|5497|469600
16230|GMAC - AUTOMOBILE|15845|0|4654|0|11191|469600
16231|GMAC - AUTOMOBILE|26487|0|6564|0|19923|469600
16242|UNITE HERE INT'L UNION|352319|0|68749||283570|470108
16244|LOCAL 124 WELFARE FUND|10870|14806|||25676|470125
16252|Labor organization|2000000|0|0|0|2000000|470384
16253|NPMHU|30000|0|12500|0|17500|470395
16254|NAT'L BASKETBALL PLAYERS |739471|339464|330000||748935|470425
16298|CWA INTERNATIONAL|115465|0|6856|0|108609|470736
16312|LOAN PAYABLE - ROOF|57333|0|16000|0|41333|470964
16313|CAPITAL LEASE - TELEPHONE|1137|0|1137|0|0|470964
16354|GMAC Financing|0|48660|0|0|48660|472178
16355|GMAC Financing|0|42374|6474|0|35900|472178
16363|FRASER SYSTEMS|32343|0|8228||24115|472394
16364|Black Hill Federal Credit Union|7647|0|3117|0|4530|472400
16405|Toledo Postal Employees Cr. Un.|152986|0|17671|0|135315|474214
16443|UNITE HERE International Union|513500|0|12000|0|501500|475420
16839|nil|0|0|0|0|0|479890
17223|National Postal Mail Handlers Union|274613|295137|145475||424275|486839
17224|Bank of America|100000||100000||0|486839
17526|N/A|0|0|0|0|0|489459
18069|Bank of America LOC|160000|40000|0|0|200000|495302
18115|International Union, SPFPA|5661|1232|4074||2819|498014
18326|None|0|0|0|0|0|504041
20973|none|||||0|526937
21034|GMAC|17069|0|5077|0|11992|529709
21035|FIRST NATIONAL COMM BANK|20160|0|7014|0|13146|529709
21099|NONE|0|0|0|0|0|532474
21144|Council 79 - Bldg Corp|90990|11395|||102385|533510
21145|Due to Council 79 - Bldg Corp|19630|5363|421||24572|533510
21176|SEIU|1000000|284725|0|0|18715275|534312
21177|Amalgamated National Health Fund|0|0|0|0|980291|534312
21500|Building Loan United Labor Bank|471266|0|17777||453489|536852
21651|GMAC|0|58165|7270||50895|541682
22790|Building Loans|121817||||121817|556496
22791|Amalgamated Bank|400000||400000||0|556496
24354|AMALGAMATED BANK|73865|0|24564|0|49301|586465
