OID|SOURCE|LOANS_OWED_START|LOANS_OBTAINED|CASH_REPAYMENT|NON_CASH_REPAYMENT|LOANS_OWED_END|RPT_ID
29880|RADIUS BANK|224834|0|224834|0|0|662367
31371|ALLY|6114|0|5245|0|869|684812
30962|UNION BANK VISA CHG CARD|4696|0|4696|0|0|675485
31388|N/A|||||0|685173
31025|COMMUNITY BANK 3.74%-5.37%|149188|122030|42439|228779|0|677414
31032|EASTERN BANK MORTGAGE|288001|0|10987||277014|677689
31047|DC 33 LEGAL SERVICES PLAN|122544|0|0|0|122544|679174
31052|NONE|0|0|0|0|0|679454
31053|OHWBST|100000|100000|100000||100000|679534
31054|FORD MOTOR CORP|92425|0|15188|38411|38826|679549
31055|ALLY FINANCIAL|22457|0|6736|0|15721|679549
31056|Wayne Motors Inc|40005|0|14238|0|25767|679555
31057|Ford Credit (Larson Ford)|0|25487|4956|0|20531|679555
31058|Ford Credit (Larson Ford)|0|26449|5142|0|21307|679555
31059|OPCMIA International Union|0|100000|0|0|100000|679563
31060|COMERICA BANK|714798|0|714798|0|0|679568
31061|NONE|0|0|0|0|0|679574
31062|INDEPENDENCE BANK OF KENTUCKY|0|20000|0|0|20000|679599
31063|NONE|0|0|0|0|0|679684
31064|155 WEST 46 OWNER LLC|3935650||77028||3858622|679694
31066|NONE|0|0|0|0|0|679839
31069|KEY BANK LINE OF CREDIT|0|1300000|1300000||0|679948
31070|ILA Great Lakes District Council|33000|67000|5500||94500|680134
31078|BUSEY BANK|38494|0|15073|0|23421|680432
31079|FORD MOTOR CREDIT|37239|0|18685|0|18554|680432
31080|MORTON COMM BANK|15406|0|5155|0|10251|680432
31090|Mortgage Loan|605896|0|27349||578547|680911
31091|NONE|0|0|0|0|0|681232
31092|AUTO LOANS|189146|84105|98465||174786|681344
31095|TELECONNECT LEASE|1974||1974||0|681398
31096|NONE|0|0|0|0|0|681408
31097|Auto loan|13987||4511||9476|681440
31098|Vehicle Loan|18766||18766||0|681473
31101|First State Bank|5605|0|5605|0|0|681661
31103|NONE|0|0|0|0|0|681752
31104|Chrysler Capital - 2016 Dodge|6587|0|6587|0|0|681781
31105|NONE|0|0|0|0|0|681853
31106|NONE|0|0|0|0|0|681925
31107|SSMRC|550000|0|49027|0|500973|681950
31108|John Seid|2|1799|1200||601|681997
31109|Rita Russell|1494||1494||0|681997
31110|N/A|0|0|0|0|0|681999
31111|NONE|0|0|0|0|0|682026
31113|NONE|0|0|0|0|0|682081
31114|PACIFIC NW IRONWKRS CU|5889|31245|8605||28529|682135
31116|NONE|0|0|0|0|0|682147
31117|NONE|0|0|0|0|0|682195
31118|Pinnacle Bank|1536449|0|169281|0|1367168|682197
31119|XEROX CORPORATION|6554||861||5693|682200
31120|NONE|0|0|0|0|0|682233
31122|BANK OF LABOR LOAN AT 4.65% DUE 5/21/23|0|3800000|9277|0|3790723|682304
31123|NONE|0|0|0|0|0|682407
31124|N/A|0|0|0|0|0|682430
31125|NONE|0|0|0|0|0|682456
31126|NONE|0|0|0|0|0|682476
31127|Automobile Loan|25183|0|6529||18654|682491
31128|NONE|0|0|0|0|0|682539
31129|NONE|0|0|0|0|0|682581
31130|NONE|0|0|0|0|0|682585
31131|NONE|0|0|0|0|0|682587
31132|NONE|0|0|0|0|0|682590
31133|NONE|0|0|0|0|0|682610
31134|NONE|0|0|0|0|0|682620
31135|NONE|0|0|0|0|0|682630
31137|N/A|0|0|0|0|0|682634
31138|OP&CMIA Lu 40 App. Fd.|105700|6200|0|0|111900|682640
31139|RAINBOW GMC||45893|0|0|45893|682641
31140|RAINBOW GMC||45354|0|0|45354|682641
31141|None|0|0|0|0|0|682689
31142|NONE|0|0|0|0|0|682722
31143|First Niagra|9670||9670||0|682734
31144|NONE|0|0|0|0|0|682760
31145|NONE|0|0|0|0|0|682762
31146|NONE|0|0|0|0|0|682763
31147|WESTERN STATE OPE PENSION|50129|0|486|0|49643|682822
31148|NONE|0|0|0|0|0|682837
31149|BANK OF LABOR|653072||63949||589123|682844
31150|NONE|0|0|0|0|0|682848
31151|Notes payable - vehicles|185048|0|33003|0|152045|682849
31152|Note payable - vehicles|0|26135|3754|0|22381|682849
31153|NONE|0|0|0|0|0|682859
31156|none|0|0|0|0|0|682897
31157|NONE|0|0|0|0|0|682901
31158|BANK OF O'FALLON MORTGAGE LOAN|50555|0|36558|0|13997|682903
31159|Chrysler|4983|0|4983|0|0|682905
31160|Ford Motor Credit|16050|0|16050|0|0|682925
31161|Ford Credit|0|12469|12775|0|0|682933
31162|FIRST MID-ILLINOIS BANK|1895|0|1895||0|682948
31163|CHASE AUTO FINANCE|15568|0|13355|0|2213|682953
31164|Long-term Debt|196687|0|28477|0|168210|682967
31165|0|0|0|0|0|0|682973
31166|CHASE|13084|0|5973|0|7111|682998
31167|ALLY BANK|47030|0|47030||0|683029
31168|NONE|0|0|0|0|0|683077
31169|POWER CREDIT UNION|176494||9870||166624|683086
31170|NONE|0|0|0|0|0|683105
31171|NONE|0|0|0|0|0|683108
31172|NONE|0|0|0|0|0|683113
31174|FORD MOTOR CREDIT|37578|0|10442|0|27136|683129
31175|FORD MOTOR CREDIT|45459|0|8996|0|36463|683129
31176|FORD MOTOR CREDIT|36862|0|10408|0|26454|683129
31177|FORD MOTOR CREDIT|30552|0|0|30552|0|683129
31178|T.D. BANK|94379|125000|94379|0|125000|683129
31179|NONE|0|0|0|0|0|683132
31180|FIRST COLLINSVILLE BANK|46260||14216||32044|683136
31181|FIRST COLLINSVILLE BANK|71412||21259||50153|683136
31182|FIRST COLLINSVILLE BANK|5711||5711||0|683136
31183|FIRST COLLINSVILLE BANK|83005||21830||61175|683136
31184|FIRST COLLINSVILLE BANK|0|29800|1825||27975|683136
31185|NONE|0|0|0|0|0|683146
31186|N/A|0|0|0|0|0|683203
31187|NONE|0|0|0|0|0|683212
31188|HORIZON BANK|403209|0|385202|0|18007|683222
31189|Ford Motor Credit|27281||4956||22325|683249
31190|AUTOMOBILE LOAN|18522||3894||14628|683254
31191|Diamond Credit Union|18364|0|4601|0|13763|683283
31192|NONE|0|0|0|0|0|683284
31193|Lessor-Pitney Bowes|25642||19056||6586|683298
31194|Lessor-Delange|61823||49079||12744|683298
31195|Lessor-Xerox|149376||44245||105131|683298
31196|Lessor-Presidio|28760||22823||5937|683298
31197|Lessor-Carousel|41224||8879||32345|683298
31198|Lessor-Presidio|99333||41286||58047|683298
31199|NONE|0|0|0|0|0|683300
31200|Ally Bank|21804|0|5499|0|16305|683306
31201|NONE|0|0|0|0|0|683314
31202|LAWLESS, INC.|17246||3874||13372|683315
31204|Automobile loans|40481|0|13564|0|26917|683324
31205|Community Bank|1274|0|1274|0|0|683326
31206|Great American Capital lease on projector 60 mo|27794||10673||17121|683328
31207|Copier lease - Pacific auto 60 mo|0|15008|581||14427|683328
31208|United Association|195000|0|98875||96125|683338
31209|CLEARVIEW FCU AUTO LOAN|29770|0|23640|0|6130|683348
31210|0|0|0|0|0|0|683354
31211|NONE|0|0|0|0|0|683371
31212|NONE|0|0|0|0|0|683372
31213|PROMISSORY NOTE|142401|0|47716|0|94685|683390
31214|NONE|0|0|0|0|0|683391
31215|Ford Credit|10715|0|6082|0|4633|683423
31216|Bank of Labor|493217|0|22419|0|470798|683423
31217|CREDIT CARDS|26729|6675|26729||6675|683438
31218|NO CA CARPENTERS REGIONAL COUNCIL|1587383|0|62330||1525053|683439
31219|FIRST SOUTHERN BANK|543567||43311||500256|683454
31220|FORD CREDIT|37970||7297||30673|683454
31221|XEROX||7550|318||7232|683454
31222|Bryn Mawr Trust Bank|94825|0|94825|0|0|683461
31223|PNC Bank|32000|0|32000|0|0|683461
31224|Massachusetts Nurses Association|264891|0|264891|0|0|683461
31225|NONE|0|0|0|0|0|683472
31226|NONE|0|0|0|0|0|683481
31227|BRENTWOOD BANK|1463224|0|93522|0|1369702|683484
31228|COMMERCE BANK|1229531||52594||1176937|683512
31229|NONE|0|0|0|0|0|683514
31230|NONE|0|0|0|0|0|683530
31231|TD Bank|67362||28168||39194|683533
31232|FileMaker 479||6819|||6819|683533
31233|Illinois Bank & Trust Auto Loans|32696|0|11111|0|21585|683541
31234|M & T Bank |0|4677|4677||0|683542
31235|NONE|0|0|0|0|0|683544
31236|BRYN  MAWR TRUST |4160366|0|1488211|0|2672155|683555
31237|AMALGAMATED BANK|2544841|0|2544841|0|0|683586
31238|CISCO SYSTEM CAPITAL CORP.|185759|0|185759|0|0|683586
31239|AMALGAMATED BANK|0|2748817|0|0|2748817|683586
31240|Not Applicable|0|0|0|0|0|683594
31241|FINANCIAL INSTITUTION|59728|0|59728|0|0|683613
31242|None|0|0|0|0|0|683647
31243|Horizon Bank|3232125|767875|123233|0|3876767|683655
31244|ALLY - 2017 GMC ACADIA|26147|0|6496|0|19651|683663
31245|Ford Motor Credit|5157||5157||0|683701
31246|Ford Motor Credit|38433||38433||0|683701
31247|Ford Motor Credit|31345||31345||0|683701
31248|Ford Motor Credit|33008||33008||0|683701
31249|Ford Motor Credit|38041||38041||0|683701
31250|Ford Motor Credit|33008||33008||0|683701
31251|Ford Motor Credit|38330||38330||0|683701
31252|Ford Motor Credit|30907||30907||0|683701
31253|Ford Motor Credit||39663|39663||0|683701
31254|FORD CREDIT|29397|0|29397|0|0|683702
31255|FORD CREDIT|0|42666|1121|0|41545|683702
31256|NONE|0|0|0|0|0|683707
31259|FORD MOTOR CREDIT CORP|12291||6392||5899|683712
31260|FORD MOTOR CREDIT CORP|12267||6379||5888|683712
31261|FORD MOTOR CREDIT CORP|12384||6440||5944|683712
31262|FORD MOTOR CREDIT CORP|11851||5925||5926|683712
31263|FORD MOTOR CREDIT CORP|11851||5925||5926|683712
31264|UNITED BUSINESS BANK LOAN|3363775||1060237||2303538|683718
31265|UBS FINANCIAL SERVICES|4875553||||4875553|683718
31266|Automobile Loans|67451|37592|13377|0|91666|683729
31267|NONE|0|0|0|0|0|683732
31268|NOT APPLICABLE|0|0|0|0|0|683733
31269|Chrysler Capital|110405|52491|41547|56601|64748|683734
31270|OLD NATIONAL BANK|0|100000|12000||88000|683739
31271|NONE|0|0|0|0|0|683748
31272|NONE|0|0|0|0|0|683759
31273|ANB Bank|0|12000|2655|0|9345|683772
31274|Western States OPEIU Pension Fund|102608|0|0|0|102608|683772
31275|NONE|0|0|0|0|0|683779
31276|Enterprise-Capital Lease on Vehicles|1596596|468958|621634||1443920|683781
31277|Auto Loan - Chevrolet Equinox|0|25193|6340||18853|683784
31278|NONE|0|0|0|0|0|683792
31279|WELLS FARGO|0|37627|37627||0|683794
31280|TEXAS FEDERATION OF TEACHERS|184261|0|82575||101686|683794
31281|CONSTRUCTION CRAFTS|345163|0|38004||307159|683794
31282|NJ STATE FRATERNAL ORDER OF POLICE|244946||5000||239946|683795
31283|Steelcase Finanical Service|21199||9356||11843|683799
31284|IBEW LOCAL NO. 313|146036|0|0|0|146036|683804
31285|IBEW LOCAL NO. 313|121114|0|0|0|121114|683804
31286|IBEW LOCAL NO. 313|112787|0|0|0|112787|683804
31289|Bank of Labor|293184|0|64166||229018|683823
31290|Ford Motor Credit|27473|27189|8694||45968|683835
31291|NONE|0|0|0|0|0|683842
31292|NONE|0|0|0|0|0|683845
31293|NONE|0|0|0|0|0|683848
31295|BANK OF AMERICA CREDIT CARDS-NET|8651||5530||3121|683858
31296|2015 CHEVY TRAVERSE|24144|0|24144|0|0|683865
31297|BANK OF HAWAII|850000||||850000|683867
31298|Bank of Labor|138461||138461||0|683879
31299|Line of credit|0|3454663|0|0|3454663|683882
31300|UNION BANK & TRUST CO|1981284|0|62427|0|1918857|683883
31301|Ford Motor Credit|23001|0|23001|0|0|683884
31302|Ford Motor Credit|23855|0|6844|0|17011|683884
31303|Ford Motor Credit|0|28252|405|0|27847|683884
31304|Ally Auto |0|33440|5006|0|28434|683884
31564|NONE|0|0|0|0|0|691185
31306|PNC Bank Term Loan $500K|149849|0|99900|0|49949|683919
31307|Ford Credit Auto Loan|48354|0|48354|0|0|683919
31308|NONE|0|0|0|0|0|683930
31309|N/A|0|0|0|0|0|683949
31310|Note Payable Vehicle|43299|0|43299|0|0|683973
31311|Capital Lease Obligation|1198|0|1198|0|0|683977
31312|2018 GMC Sierra Loan|0|11943|1821|0|10122|683977
31313|JP MORGAN|2481140|32501868|32620041|0|2362967|683990
31314|BANK OF LABOR|0|1400000|600000|0|800000|683990
31315|Ford Financial|40618||40618||0|684000
31316|Chrysler Financial|28647||11857||16790|684000
31317|Ally Financial|50845||12119||38726|684000
31318|Diversified Members CU LOC|750000||750000||0|684000
31319|AUTOMOBILE LOAN|7093|0|7093|0|0|684004
31320|WESBANCO COMMERCIAL LOAN|442094|35709|477803|0|0|684017
31321|MIDWEST CARPENTERS FCU|0|75000|2476|0|72524|684017
31322|PNC BANK LOAN|0|553461|0|0|553461|684017
31323|NONE|0|0|0|0|0|684023
31324|Citibank|47711850||2489100|0|45222750|684028
31325|NBT BANK|110877|269126|21860|0|358143|684032
31326|NONE|0|0|0|0|0|684033
31327|Automobile Loan|0|39235|2773|0|36462|684041
31328|SAGCD|24000||3264||20736|684045
31329|INTERNATIONAL|24000||||24000|684045
31330|DUE TO OFFICERS|3828||3500||328|684045
31331|DUE TO LOCAL 1922|80438|||80438|0|684045
31332|TD Auto Finance|51742|0|10976|0|40766|684052
31333|None|0|0|0|0|0|684055
31334|NO CA CARPENTERS  REGIONAL COUNCIL|1863625|0|77456|0|1786169|684075
31335|CREDIT CARD BALANCES|10044||5428||4616|684078
31336|UNCLAIMED VACATION FUND CHECKS|7812||126||7686|684078
31337|N/P-POWERNET (AUTO)|18063||18063||0|684116
31338|N/P-POWERNET (AUTO)|0|26406|2163||24243|684116
31339|Ford Credit|23072|0|7058||16014|684125
31340|Ally Bank - Auto Loan|26558|0|4970|0|21588|684127
31341|None|0|0|0|0|0|684130
31342|Suntrust Line of Credit|0|99036508|99036508||0|684131
31343|None|0|0|0|0|0|684157
31344|NONE|0|0|0|0|0|684160
31345|ALLY FINANCIAL--TRUCK NOTE|26478|0|3157|0|23321|684193
31346|JP Morgan Chase|8544||8544||0|684207
31351|Mortgage|24838|0|10475|0|14363|684269
31352|Automobile|0|16450|0|0|16450|684269
31353|PITNEY BOWES EQUIPMENT LEASE|1215|0|1215|0|0|684270
31354|None|0|0|0|0|0|684271
31355|M&T Bank|650524|0|102714||547810|684283
31356|Automobile|57659|112487|55713|0|114433|684292
31357|Automobile Loans|17391|0|17391|0|0|684350
31359|BROTHERHOOD BANK & TRUST|271773|0|1100|0|270673|684368
31360|DUE TO DISTRICT 57|301159|0|0|0|301159|684368
31361|FORD CREDIT|18489|0|4823|13666|0|684407
31362|FORD CREDIT|0|44482|4634|0|39848|684407
31363|Bank of America|143728|0|143728|0|0|684433
31364|Alaria Capital Group|10181|0|6406|0|3775|684433
31365|Konica|47811|0|18505|0|29306|684433
31366|Bank of Labor|29786|0|6770|0|23016|684473
31367|ATLANTIC COAST BANK|123626|0|23852|0|99774|684493
31370|SUNTRUST BANK|22858||5266||17592|684689
31372|UNION YES FEDERAL CREDIT UNION|29189|12000|15524|0|25665|684812
31373|OPEIU INTERNATIONAL|45833|0|25000|0|20833|684812
31374|Bridge Loan|600000|0|600000|0|0|684844
31375|M&T Construction Loan|0|3000000|10900|0|2989100|684844
31376|AMALGAMATED BANK|709182|3878317|1500|4585999|0|684862
31377|First Tennessee Bank|91216|0|33129|0|58087|684867
31378|Ford Motor Credit|83643|36220|37660|0|82203|684867
31379|Citizens One - Auto Loan|16033||16033||0|684882
31380|Ally - Auto Loan||30359|30359||0|684882
31382|Atlanta Federation of Teachers|503|805|503||805|684910
31383|Officer|211|0|211||0|684910
31384|Auto Loans|5070|0|5070|0|0|684918
31385|RWDSU|43236|0|13589|0|29647|684918
31386|RWDSU|0|25000|12000|0|13000|684918
31389|NONE|0|0|0|0|0|685232
31390|Ally Financial |31008|0|6879|0|24129|685237
31392|0|0|0|0|0|0|685376
31393|Ally|0|28000|5355|0|22645|685462
31394|Ford Motor Credit|0|26509|4159|0|22350|685462
31395|GM Financial|0|38707|6969|0|31738|685462
31396|N/A|0|0|0|0|0|685560
31397|GM FINANCIAL|0|69546|801|0|68745|685567
31398|FORD CREDIT|0|46294|643|0|45651|685567
31399|FORD CREDIT|0|46152|0|0|46152|685567
31409|BUSEY BANK|11111|0|5257|0|5854|685616
31410|BUSEY BANK|7084|0|3351|0|3733|685616
31411|BUSEY BANK|11290|0|5342|0|5948|685616
31412|Ford Credit|4410|0|4410|0|0|685629
31413|Ford Credit|0|19920|8303|0|11617|685629
31414|Ford Credit|0|35719|1442|0|34277|685629
31415|Ford Credit|0|16372|6825|0|9547|685629
31416|Pacific Maritime Association|52320|0|28840|0|23480|685688
31417|CWA INTERNATIONAL|707483|0|31580|0|675903|685731
31418|FORD MOTOR CREDIT|19860|0|19860|0|0|685905
31419|ALLY|33331|0|5978|0|27353|685905
31420|COMMERCE BANK|32845|0|6004|0|26841|685905
31421|CWA AFL-CIO, CLC National Union|500616||61623||438993|685935
31422|Advanced Dues from National|0|175700|175700||0|685937
31423|CWA NATIONAL|184466|0|0|3124|181342|685960
31424|0|0|0|0|0|0|685968
31425|Certificates payable|3350|0|0|0|3350|685987
31426|PEOPLES NATIONAL BANK|7374|0|6425|0|949|686021
31427|BANTERRA BANK|0|27974|4313|0|23661|686021
31428|BANTERRA BANK|0|24717|4827|0|19890|686021
31429|FORD CREDIT|0|26642|4928|0|21714|686021
31430|BANTERRA BANK|0|32909|6457|0|26452|686021
31431|NONE|0|0|0|0|0|686022
31433|CWA WASHINGTON, DC|257510|0|13424|0|244086|686079
31434|CWA NATIONAL|632851|0||37658|595193|686081
31435|BUSEY BANK|20884|0|20884|0|0|686125
31436|BUSEY BANK|16012|0|5861|0|10151|686125
31437|BUSEY BANK|0|29208|5799|0|23409|686125
31438|DELL CREDIT|1281|96|1200|0|177|686125
31439|MORTGAGE PAYABLE|52624|0|3558|0|49066|686127
31440|N/A|0|0|0|0|0|686158
31441|CWA NATIONAL|122337|0|122337|0|0|686172
31442|FORD CREDIT|8000|8000|16000|0|0|686173
31443|none appearing|0|0|0|0|0|686214
31446|Advance on Relief Funds for Strike|0|149162|149162|0|0|686249
31447|East Boston Savings Bank|20106|0|20106|0|0|686251
31448|SunTrust LOC|0|500000|500000||0|686254
31449|CWA - National|241588|0|3358|0|238230|686279
31450|NONE|0|0|0|0|0|686284
31451|DUE TO NATIONAL STRIKE FUND|4892|0|0|0|4892|686305
31452|NONE|0|0|0|0|0|686310
31453|US Ameri Bank|16215|0|5107|0|11108|686328
31454|US Ameri Bank|18318|0|4787|13531|0|686328
31455|National Basketball Players Association|0|795482|||795482|686364
31456|Union Yes FCU - Line of Credit|76554|182000|22958|0|235596|686411
31457|N/A|0|0|0|0|0|686435
31458|CWA INTERNATIONAL|196707|0|9936|0|186771|686437
31459|260 PARK AVENUE REALTY CORP.|41234230|0|29251|12615|41235486|686441
31460|49 EAST 21 COMPANY, INC.|8433327|0|0|2800|8433327|686441
31461|INB|46758|0|9319|0|37439|686454
31462|KONICA MINOLTA|21368|0|21368|0|0|686477
31463|CANON LEASE|422565|0|79729|0|334863|686477
31464|NEOPOST LEASE|127394|0|24430|0|102964|686477
31465|CAROUSEL INDUSTRIES|231519|0|63061|0|167564|686477
31466|CWA INTERNATIONAL|42517|0|12699|0|29818|686481
31467|NONE|0|0|0|0|0|686493
31469|PNC BANK|109312|0|9950|0|99362|686530
31470|NOT APPLICABLE|0|0|0|0|0|686552
31471|Capital Lease (Phone System)|9317|0|1801|0|7516|686583
31472|PROMISSORY NOTE CWA INT'L|85636|0|5191|0|80445|686611
31473|NONE|0|0|0|0|0|686615
31474|NONE|0|0|0|0|0|686675
31475|DC 33|83996||12245||71751|686691
31477|International Union|51140|0|6769||44371|686943
31479|Regions|783010||169791||613219|687094
31480|Regions|2118854||252334||1866520|687094
31481|Regions|134988||134988||0|687094
31482|CTU 101-12|59305|105129|26318||138116|687361
31483|WASH TYPO FED CR UN|9907|24616|9895||24628|687361
31484|INTERSTATE SERVICE COMPANY|27216|0|15800||11416|687361
31486|N/A|0|0|0|0|0|687554
31487|Isaac Monroe|0|6325|6325|0|0|687573
31488|FORD CREDIT|1118|0|1118|0|0|687808
31489|FORD CREDIT|0|28388|28388|0|0|687808
31490|GMC FINANCIAL|0|48411|48411|0|0|687808
31491|BANK OF EDWARDSVILLE|11610|0|11610|0|0|687808
31492|BANK OF EDWARDSVILLE|31041|0|7531|0|23510|687808
31493|BANK OF EDWARDSVILLE|0|26285|0|0|26285|687808
31494|BANK OF EDWARDSVILLE|0|48186|0|0|48186|687808
31495|NOT APPLICABLE-NO LOANS PAYABLE |0|0|0|0|0|687868
31496|ALLY CREDIT|38974||38974||0|687954
31497|WELLS FARGO|19800||7200|12600|0|687954
31498|Morgan Stanley Line of Credit|364241|9803||374044|0|688104
31499|Ally Bank auto loans|58546||51669|6877|0|688104
31502|none|0|0|0|0|0|688387
31503|Ford Credit|16762||16762||0|688416
31504|Ford Credit|18702||7739||10963|688416
31505|Ford Credit|27527||27527||0|688416
31506|Ford Credit||59223|3948||55275|688416
31507|NONE|0|0|0|0|0|688420
31508|0|0|0|0|0|0|688422
31509|ALLY FINANCIAL|11293|0|11293|0|0|688519
31510|GM FINANCIAL|0|43587|0|0|43587|688519
31511|Champion Credit Union|62955|0|14209|0|48746|688645
31512|CAPITAL LEASE PAYABLE - PHONE SYSTEM|2059|0|2059|0|0|688670
31513|NONE|0|0|0|0|0|688802
31514|Ameriserv Financial Bank|177189||16253||160936|688902
31515|First National Bank of Pennsylvania|36719||7846||28873|688902
31516|MORTGAGE PAYABLE - M&T BANK|277230|0|30193|0|247037|689008
31517|AUTO LOAN|2357|0|1643|0|714|689008
31519|RWDSU NATIONAL|114966||13633||101333|689267
31520|ALLY BANK|19450|0|19450|0|0|689425
31521|GM FINANCIAL|0|15694|861||14833|689429
31523|None|0|0|0|0|0|689528
31524|TEAMSTERS CREDIT UNION|25063||7713|0|17350|689548
31530|GM Financial Services|51082|0|7672|0|43410|689806
31531|None|0|0|0|0|0|689810
31532|NONE|0|0|0|0|0|689815
31533|American National Bank|169059|0|40020|0|129039|690235
31534|None|0|0|0|0|0|690248
31535|FORD CREDIT|0|44651|44651|0|0|690265
31536|FIRST TN BANK NATL ASSOC|32249|0|6512||25737|690335
31537|Great Western Bank Mortgage|93241|0|11740|0|81501|690370
31538|FNB|16758|0|6751||10007|690457
31540|UNION BANK & TRUST|138176|0|138176|0|0|690529
31541|NONE|0|0|0|0|0|690625
31542|PLATINUM LEASING|4845|0|3952|0|893|690641
31543|UFCW INTL|50620|0|50620|0|0|690641
31544|FORD CREDIT|82311|0|47035|0|35276|690648
31545|N/A|0|0|0|0|0|690738
31546|CREDIT CARDS|3019||3019||0|690781
31547|NONE|0|0|0|0|0|690924
31548|NONE|0|0|0|0|0|690951
31549|Ford Credit|11983|0|5796|0|6187|691075
31550|Ally Auto|6242|0|6242|0|0|691083
31551|Luzerne Bank|0|15055|1844|0|13211|691083
31552|ALLY FINANCIAL|29237|0|6311|0|22926|691100
31553|ALLY FINANCIAL|32766|0|6877|0|25889|691100
31554|ALLY FINANCIAL|30367|0|6140|0|24227|691100
31555|ALLY FINANCIAL|28949|0|6214|0|22735|691100
31556|NONE|0|0|0|0|0|691134
31557|None|0|0|0|0|0|691156
31558|Union Yes FCU- Chrysler 300LX|7445|0|7445|0|0|691157
31559|Union Yes FCU - Chrysler 300S|0|34313|4300|0|30013|691157
31560|Union Yes FCU - Chrysler 300T|0|28792|3604|0|25188|691157
31561|VISA - CREDIT CARD|8183|0|1412|0|6771|691157
31562|NOT APPLICABLE|0|0|0|0|0|691165
31563|FORD MOTOR COMPANY|39924|0|39924|0|0|691170
31792|N/A|0|0|0|0|0|695051
31565|REGIONS BANK|53116||9346||43770|691248
31566|REGIONS BANK|47244||17244||30000|691248
31567|NONE|0|0|0|0|0|691288
31568|Wells Fargo|851216|0|179933|0|671283|691300
31569|Hann Financial Services|14220|0|4147|0|10073|691303
31570|Hann Financial Services|12569|0|3404|0|9165|691303
31571|US Bank|25206|0|4197|0|21009|691303
31572|NONE|0|0|0|0|0|691313
31573|Notes Payable-Autos|33865|0|10582|0|23283|691390
31574|General Electric Credit Union|19603||5626||13977|691402
31575|Line of Credit|115000|0|0|0|115000|691405
31576|WORKERS UNITED|85317|0|0|0|85317|691417
31577|MONROE BANK & TRUST|119698|0|20832|0|98866|691424
31578|A. Soter Car Loan|20634|0|7988|0|12646|691442
31579|P. Carroll Car Loan|21874|0|8203|0|13671|691442
31580|J. White Car Loan|29840|0|5426|0|24414|691442
31581|FORD EXPLORER AUTO LOAN|2086|0|2086|0|0|691450
31582|FORD TAURUS AUTO LOAN|3401|0|3401|0|0|691450
31583|GMC TERRAIN AUTO LOAN|7316|0|7316|0|0|691450
31584|JEEP PATRIOT AUTO LOAN|7059|0|7059|0|0|691450
31585|LAFCU Credit Union|5149|0|5149|0|0|691451
31586|IA Local 45|92377|0|5854|0|86523|691474
31587|Auto Loan Ford Explorer 2016|33037|0|10770|0|22267|691532
31588|Auto Loan Ford Explorer 2017|34676|0|12570|0|22106|691532
31589|Ally - 2015 Malibu|19494|0|6791|0|12703|691536
31590|Ally - 2016 Malibu|24666|0|24666|0|0|691536
31591|Ally - 2016 Impala|25627|0|5092|0|20535|691536
31592|Ally - 2017 Impala|31716|0|5662|0|26054|691536
31593|Ally - 2016 Malibu|35625|0|6292|0|29333|691536
31594|Ally - 2016 Silverado|31646|0|5771|0|25875|691536
31595|CHRYSLER CREDIT|23352||12304||11048|691577
31596|ALLY BANK AUTO LOAN|10256|0|4558|0|5698|691723
31597|National Grid|5193|0|5193|0|0|691884
31598|Lincoln Automotive Financial|18346||4384||13962|691888
31599|East Boston Savings Bank|22370||7284||15086|691888
31600|FORD CREDIT|51897|19891|14606|0|57182|691950
31601|Loan Payable on Building|421495|0|64284|0|357211|691953
31602|NONE|0|0|0|0|0|691965
31603|NONE|0|0|0|0|0|692042
31604|FORD CREDIT|9313|0|6808|0|2505|692046
31605|Ford Credit|7181|0|5714|0|1467|692049
31606|CHRSLER CAPITAL AUTO LOAN|2655|0|2655|0|0|692076
31607|None|0|0|0|0|0|692395
31608|AUTO LOAN - ALLY|8050|0|8050|0|0|692400
31609|AUTO LOAN - ALLY|9511|0|9511|0|0|692400
31610|AUTO LOAN - ALLY|24180|0|6864|0|17316|692400
31611|AUTO LOAN - LINCOLN|25799|0|8659|0|17140|692400
31612|AUTO LOAN - ALLY|0|33350|0|0|33350|692400
31613|NONE|0|0|0|0|0|692439
31614|GMC|35963|0|35963|0|0|692489
31615|Building Mortgage|830591|0|72242|0|758349|692489
31616|MORTGAGE 150 HARTWELL ST, W.BOYLSTON|490878||98706||392172|692499
31617|AUTO LOAN|2826||2826||0|692499
31618|AUTO LOAN|12427||4367||8060|692499
31619|None|0|0|0|0|0|692524
31620|Regions Bank, 201 Milan Parkway, Birmingham, AL|0|288000|611||287389|692541
31621|NONE|0|0|0|0|0|692546
31622|AFM NO-INT NOTE DUE2021|1420|0|500|0|920|692551
31623|Auto Loan-Ally|6890|0|6890|0|0|692568
31624|Auto Loan-Ally|8826|0|6183|0|2643|692568
31625|Auto Loan-Ally|22788|0|5414|0|17374|692568
31626|Auto Loan-Ally|18310|0|3291|0|15019|692568
31627|Auto Loan-Ally|0|13944|1761|0|12183|692568
31628|National Bank of SC|49417||49417||0|692571
31629|International Union, UAW|95368||42632||52736|692577
31630|Verizon Wireless-I Phones & I Pads|0|3770|1621|0|2149|692601
31631|NONE|0|0|0|0|0|692717
31632|FORD CREDIT|35139|18794|16580||37353|692729
31633|NONE|0|0|0|0|0|692746
31634|Vinton County Bank|130631||5524||125107|692791
31635|OPCMIA|100000|0|0|0|100000|692795
31636|NONE|0|0|0|0|0|692874
31637|Bank of Labor|0|513000|26414|0|486586|692876
31638|Ford Motor Credit|37977|0|6910||31067|692999
31639|Ford Motor Credit|4128|0|4128|0|0|693065
31640|Vehicle Loan|26698||12395||14303|693077
31641|Armstrong Bank Truck Loan|8261|0|8261|0|0|693081
31642|Capital Lease Payable|18161|0|5074|0|13087|693128
31643|Salisbury Bank & Trust Co|383783|0|339717|44066|0|693136
31644|GM Financial|13360|0|5984|0|7376|693136
31645|FORD MOTOR CREDIT CO.|82841|35770|43781|7810|67020|693150
31646|n/a|0|0|0|0|0|693207
31647|None|0|0|0|0|0|693212
31648|Northside Bank|39539||6731||32808|693252
31649|NONE|0|0|0|0|0|693259
31652|NA|0|0|0|0|0|693349
31653|NONE|0|0|0|0|0|693379
31655|NONE|0|0|0|0|0|693394
31656|CHASE AUTO FINANCE|44207|0|8839||35368|693404
31657|Wells Fargo|32176|0|32176||0|693407
31658|NONE|0|0|0|0|0|693410
31659|NONE|0|0|0|0|0|693460
31660|NONE|||||0|693473
31661|None|0|0|0|0|0|693514
31662|NONE|0|0|0|0|0|693565
31663|1st Community Bank|142864|0|5498|0|137366|693579
31666|NONE|0|0|0|0|0|693598
31667|None|0||0|0|0|693628
31668|CHRYSLER CAPITAL|14805|0|5378|0|9427|693641
31669|NONE|0|0|0|0|0|693692
31670|NONE|0|0|0|0|0|693704
31673|NE TEAMSTERS FCU|44604||20097||24507|693761
31674|Ally Financial|9939|0|9939|0|0|693763
31675|Ford Motor Credit|29699|0|9632|0|20067|693763
31676|Ford Motor Credit|34499|0|6661|0|27838|693763
31677|Ford Motor Credit|34500|0|6661|0|27839|693763
31678|n/a|0|0|0|0|0|693777
31679|PNC BANK MORTGAGE|230477|0|8904|0|221573|693848
31680|OE FEDERAL CREDIT UNION|15664|0|3424|0|12240|693851
31681|FIVE STAR BANK|0|400000|4862|0|395138|693851
31682|NONE|0|0|0|0|0|693852
31683|LOANS PAYABLE - FIRST COMMONWEALTH|344708|0|20570|0|324138|693853
31684|LOANS PAYABLE - URA|158435|0|9042|0|149393|693853
31685|Laborers Local 1098|44832|0|6172|0|38660|693876
31686|Laborers Local 355|44831|0|6172|0|38659|693876
31687|Laborers Local 1076|44831|0|6172|0|38659|693876
31688|Laborers Local 499|44832|0|6172|0|38660|693876
31689|Laborers Local 1191|44831|0|6172|0|38659|693876
31690|Laboers Local 1329|44831|0|6171|0|38660|693876
31691|Bank of Springfield|1709314|0|83596|0|1625718|693885
31692|N/A|0|0|0|0|0|693925
31694|US BANK|25666|0|8923|0|16743|693951
31695|GM FINANCIAL|26897|0|6038|0|20859|693951
31696|PRINTER LEASE|9213|0|2340|0|6873|693953
31697|M&T Bank|701788|0|85098|0|616690|694066
31698|Owed to Other Fund|7038|8061|7038||8061|694066
31699|ALLY AUTO- BANK|25714|0|5268||20446|694087
31700|FORD CREDIT- AUTO FINANCIER|21456|0|9062||12394|694087
31701|ALLY AUTO- BANK|18640|0|4994||13646|694087
31702|ALLY AUTO- BANK|18279|0|4897||13382|694087
31703|ALLY AUTO- BANK|33357|0|6679||26678|694087
31704|FORD CREDIT- AUTO FINANCIER|47567|0|7673||39894|694087
31705|NOEFCU|156598|0|57814|0|98784|694089
31706|NONE|0|0|0|0|0|694092
31707|FORD CREDIT|68082|0|22265|0|45817|694094
31708|MONEY ONE LOAN|29048|0|2713|0|26335|694094
31709|NONE|0|0|0|0|0|694132
31710|Horizon Bank|30000|40000|||70000|694146
31711|Horizon Bank||47738|8455||39283|694146
31712|Horizon Bank||18600|||18600|694146
31713|Horizon Bank||21300|1085||20215|694146
31714|Horizon Bank||15800|2747||13053|694146
31715|Horizon Bank||15800|2746||13054|694146
31716|Horizon Bank||16800|2590||14210|694146
31717|Horizon Bank||21700|1977||19723|694146
31718|Horizon Bank|255932||137173||118759|694146
31719|None|0|0|0|0|0|694148
31720|SEIU INTERNATIONAL  UNION|300000|0|0|0|300000|694152
31721|AFSCME FL Building Corp|125005|0|0|0|125005|694161
31722|IberiaBank Line of Credit|7959|0|7959|0|0|694165
31723|GM Financial|40953|0|7446|0|33507|694172
31724|N/A|0|0|0|0|0|694182
31725|N/A|0|0|0|0|0|694216
31726|Corning Federal Credit Union - 2 Jeeps|49094|0|13758|0|35336|694236
31727|NONE |0|0|0|0|0|694239
31728|NONE|0|0|0|0|0|694263
31729|n/a|0|0|0|0|0|694264
31730|UA Local 73|777841||25921||751920|694271
31731|NBT Bank|286070||9939||276131|694271
31732|UFCW Strike Fund|128707||4960||123747|694279
31733|United Business Bank|176058||6024||170034|694286
31734|NONE|0|0|0|0|0|694300
31735|International Brother Hood of Electrical Workers|581415||360000||221415|694316
31736|Ford Motor Credit|0|43277|8655|0|34622|694350
31737|Ford Motor Credit|43861|0|12097|2812|28952|694356
31738|NONE|0|0|0|0|0|694417
31739|N/A|0|0|0|0|0|694444
31740|AMERISERVE #1 TECH CENTER|8218342|0|2353304|0|5865038|694462
31741|AMERISERVE #2 TECH CENTER|3286243|0|3286243|0|0|694462
31742|BUSEY BANK|686026|0|29161||656865|694474
31743|ALLY BANK|11822|0|10374||1448|694479
31744|M&T BANK|170000|0|60000|0|110000|694484
31745|NONE|0|0|0|0|0|694485
31746|FORD MOTOR CREDIT COMPANY|2962|0|2962|0|0|694499
31747|Ford Motor Credit|13485||8990||4495|694517
31748|Ford Motor Credit|32347||7261||25086|694517
31749|Car Loan|0|38740|538||38202|694519
31750|None|0|0|0|0|0|694520
31751|Ford Motor Credit Company|9745|0|7226|0|2519|694533
31752|NONE|0|0|0|0|0|694539
31753|Loan Payable to WIT Federal Credit Union|70743||1783||68960|694552
31754|Loan Payable to WIT Federal Credit Union|25303||4979||20324|694552
31755|Loan Payable to WIT Federal Credit Union|28903||5912||22991|694552
31756|Lorn Payable to Ford Credit|31235||5909||25326|694552
31757|Loan Payable to WIT Federal Credit Union|2654||2654||0|694552
31758|Loan payable to Wells Fargo Dealer|6089||6089||0|694552
31759|Loan Payable to Ford Credit|7040||5616||1424|694552
31760|Loan Payable to Ford Credit|0|18338|2488||15850|694552
31761|Credit Card Payable-VISA|368|63|368|0|63|694555
31762|Credit Card Payable-VISA|112|339|112|0|339|694555
31763|Space City C.U.|0|30000|0|0|30000|694555
31764|Houston Musicians Fed Credit Union|7294|0|7294|0|0|694555
31765|BANK OF SPRINGFIELD|122480||10602||111878|694556
31766|GM FINANCIAL||29941|7207||22734|694556
31767|Bank of Labor|379997|0|13562|0|366435|694560
31768|Ally Auto|15488|0|15488|0|0|694612
31769|NONE|0|0|0|0|0|694621
31770|CHASE|16325||5494||10831|694633
31771|ALLY|32404||6073||26331|694633
31772|Black Hills Credit Union|12011|0|3316||8695|694663
31773|NONE|0|0|0|0|0|694678
31774|OHIO TEAMSTERS CREDIT UNION|21970|0|21970|0|0|694681
31775|OHIO TEAMSTERS CREDIT UNION|24454|0|6890|0|17564|694681
31776|OHIO TEAMSTERS CREDIT UNION|22044|0|6210|0|15834|694681
31777|OHIO TEAMSTERS CREDIT UNION|0|39558|557|0|39001|694681
31778|NONE|0|0|0|0|0|694702
31779|Jefferson Bank and Trust|51686||||51686|694703
31780|PLUMBERS & FITTERS LOCAL 675 FEDERAL CREDIT UNION|16222||13502|2720|0|694795
31781|First Class Credit Union|17065|0|5697|0|11368|694879
31782|n/a|0|0|0|0|0|694956
31783|Per Capita - SEIU Loan|769609|0|10000|0|759609|694963
31784|Ford Motor Credit #14|3589||3589||0|695042
31785|Ford Motor Credit #17|12728||6640||6088|695042
31786|Chysler Credit #18|39768||15394||24374|695042
31787|Chyrsler Credit #19|26768||10101||16667|695042
31788|Chysler Credit #20||29611|3034||26577|695042
31789|N/A|0|0|0|0|0|695045
31790|NONE|0|0|0|0|0|695048
31791|NONE|0|0|0|0|0|695050
32022|FORD CREDIT|3731|0|3731|0|0|696995
31795|NONE|0|0|0|0|0|695117
31796|NONE|0|0|0|0|0|695137
31797|HOLCOMB STATE BANK - LOC|0|85000|34057|0|50943|695142
31798|Old Second National Bank|1225158|0|74341|0|1150817|695144
31799|Seafarers International Union of N.A.- AGLIW|870000|0|100000|0|770000|695172
31800|NONE|0|0|0|0|0|695173
31801|0|0|0|0|0|0|695179
31802|NONE|0|0|0|0|0|695197
31803|Ford Credit|60325|0|60325|0|0|695205
31804|Chase Auto|10652|0|5954|0|4698|695220
31805|Seafarers Int'l Union of N.A.- AGLIW|275915|334782|10000|600697|0|695233
31806|JP MORGAN CHASE|237232|0|91023||146209|695234
31808|NONE|0|0|0|0|0|695238
31809|SEIU International|375000|0|0|0|375000|695247
31810|Roofers Local Property Company|308782|0|3600|0|305182|695264
31811|NONE|0|0|0|0|0|695288
31812|Ford Credit|289807|37849|81266||246390|695297
31813|NONE|0|0|0|0|0|695307
31814|CHRYSLER CAPITAL|2045||2045||0|695335
31815|FORD MOTOR CREDIT|29050||5690||23360|695335
31816|FORD MOTOR CREDIT`|21898||4288||17610|695335
31817|Ally Financial, Inc.|0|36758|9695|0|27063|695345
31818|FORD MOTOR CREDIT CORP|15414|0|5781|0|9633|695355
31819|FORD CREDIT|9979|0|9979|0|0|695370
31820|FORD CREDIT|0|37689|2513|0|35176|695370
31821|FORD CREDIT|4782|0|4782|0|0|695387
31822|FORD CREDIT|6456|0|6456|0|0|695387
31823|NONE|0|0|0|0|0|695389
31824|UNITED BUSINESS BANK|111196||33207||77989|695393
31825|NOTE PAYABLE-FORD MOTOR|4287||4287||0|695411
31826|UMB Bank||612708|100330||512378|695435
31827|New England Teamsters Federal Credit Union|0|137261|29405|0|107856|695464
31828|FORD MOTOR CREDIT - GF|0|28910|14394|0|14516|695468
31829|FORD MOTOR CREDIT - ORG|0|30910|15390|0|15520|695468
31830|N/A|0|0|0|0|0|695477
31831|N/A|0|0|0|0|0|695481
31832|GM Financial|22109|0|4077|0|18032|695492
31833|CHRYSLER CAPITAL|30283|0|12699|0|17584|695493
31834|RC Cubed|102161|0|4592|0|97569|695507
31835|MERRILL LYNCH|123564|69825|193389|0|0|695603
31836|MERRILL LYNCH|1000000|0|1000000|0|0|695603
31837|Community Bank|6063|0|6063|0|0|695609
31838|Pitney Bowes Lease|4617||4617||0|695619
31839|NONE|0|0|0|0|0|695620
31840|Elmirs Savings Bank|346754||16403||330351|695623
31841|STREDC|441514||24603||416911|695623
31842|Avaya Capital |3396||2067||1329|695623
31843|Vehicle loans|24866|23287|11423|0|36730|695634
31844|NONE|0|0|0|0|0|695636
31845|CHRYSLER CAPITAL|26928|0|5685|0|21243|695638
31846|FORD MOTOR CREDIT|4283|0|4283|0|0|695641
31847|ALLY BANK|17615|0|5578|0|12037|695641
31848|FORD MOTOR CREDIT|16711|0|16711|0|0|695641
31849|ALLY BANK|33514|0|5290|0|28224|695641
31850|GM FINANCIAL|64575|0|13360|0|51215|695641
31851|GM FINANCIAL|0|34409|2861|0|31548|695641
31852|ALLY BANK|0|36527|1488|0|35039|695641
31853|GARNET FORD|26778|0|4623||22155|695651
31854|New Car Loan|0|18300|0|0|18300|695652
31855|Ford Credit Loan|8959|0|2677|0|6282|695670
31856|CIT|9789|0|2754|0|7035|695672
31857|NONE|0|0|0|0|0|695689
31858|GM Financial-Car Loan 2016 Chevy Impala|27442|0|5460||21982|695734
31859|Ford Credit-Exporer 2011|2808|0|2808||0|695734
31860|Ford Motor Credit Corp. |4924||4924||0|695746
31861|Ford Motor Credit Corp. |26024||6645||19379|695746
31862|Ford Motor Credit Corp.|0|43939|732||43207|695746
31863|NONE|0|0|0|0|0|695765
31864|Building Loans|116754|0|0|0|116754|695777
31865|NE TEAMSTERS FCU|29892|0|11958||17934|695787
31866|KEY BANK|5194||5194||0|695787
31867|Premier GMC. 2000 Eastern Road, Rittman, Ohio|0|27965|20000|0|7965|695797
31868|FINANCE COMPANY|0|22580|3442||19138|695800
31869|Luther Family Ford, Fargo ND|0|27923|1501|3974|22448|695809
31870|GM Financial |92220|0|39332|0|52888|695816
31871|KeyBank|41874||6001||35873|695817
31872|McKees Rocks Community Development Corporation|38574|||6426|32148|695817
31873|AUTO-2017 FORD TAURUS|22028|0|22028|0|0|695825
31874|AUTO-2017 FORD TAURUS|0|29151|4549|24602|0|695825
31875|AUTO-2018 FORD TAURUS|0|27136|27136|0|0|695825
31876|Ford Credit Services|91895|124841|64884|0|151852|695827
31877|US Bancorp Equipment Finance|9685|0|9685|0|0|695827
31878|NONE|0|0|0|0|0|695830
31879|Autos - Ford Motor Credit|26089|0|6389|0|19700|695839
31880|FORD MOTOR CREDIT|0|68052|68052|0|0|695840
31881|FIRST BANK AND TRUST|15481|0|6753||8728|695849
31882|FIRST BANK AND TRUST|15497|0|13685||1812|695849
31883|FIRST BANK AND TRUST|45623|0|10008||35615|695849
31884|NONE|0|0|0|0|0|695854
31885|UNION YES FEDERAL CREDIT UNION|98603|0|98603|0|0|695855
31887|NONE|0|0|0|0|0|695879
31888|Wells Fargo Bank|148132|0|11572||136560|695887
32553|Wells Fargo (Auto Loan)|22158|0|5104||17054|703780
31889|Whitney National Bank Line of credit|267570|0|267570||0|695911
31891|DOLLAR BANK CONSTRUCTION |152274|0|5365||146909|695933
31892|HUNTINGTON LOAN-VEHICLE|0|25726|4226||21500|695933
31893|n/a|0|0|0|0|0|695934
31894|Sheet Metal Workers Local #80|1669522|57382|0|0|1726904|695936
31895|Sheet Metal Workers Local #80|209286|0|86424|0|122862|695936
31896|International Union UAW |41547||41547||0|695973
31897|RBS Citizens -Car Notes|84385||77420||6965|695981
31898|DUE TO PUBLIC|253000|0|0|253000|0|695986
31899|FORD ESCAPE - 246672|1409|0|1409|0|0|695986
31900|FORD ESCAPE - 83653|1181|0|1181|0|0|695986
31901|FORD F-150 - 57751|1834|0|1834|0|0|695986
31902|FORD EDGE - 29475|23854|0|8538|0|15316|695986
31903|FORD ESCAPE - 3837|26385|0|5278|0|21107|695986
31904|FORD ESCAPE - 5793|26324|0|5264|0|21060|695986
31905|RANGE BANK #827766|27636|0|10388|0|17248|695995
31906|N/A|0|0|0|0|0|696004
31907|N/A|0|0|0|0|0|696005
31908|PNC Construction Loan|994382|0|57372|0|937010|696007
31909|PA ISRP Loan|340292|0|32253|0|308039|696007
31910|Ford Motor Company|154106|0|38040|0|116066|696047
31911|FORD CREDIT (14 AUTOMOBILES)|0|263826|263826|0|0|696072
31912|LOCAL 743 HEALTH AND WELFARE FUND|513589|0|116377|0|397212|696073
31913|Ally Bank|37803|0|37803||0|696097
31914|0|0|0|0|0|0|696113
31915|Ford Motor Credit|14052|0|14052|0|0|696126
31916|Ford Motor Credit|5494|0|5494|0|0|696126
31917|Ford Motor Credit - Auto loan|35086|0|10526|0|24560|696136
31918|United Business Bank - Truck loan|64362|0|14080|0|50282|696136
31919|NONE|0|0|0|0|0|696155
31920|Union Fidelity Federal Credit Union|153124|86113|43660|0|195577|696178
31921|Ford Credit|15201|0|15201|0|0|696183
31922|Bank of Labor|782790|0|135108|0|647682|696187
31923|US BANK COMMERCIAL MORTGAGE|238150|0|7294|0|230856|696249
31924|AUTO LOANS|42224|0|42224||0|696277
31927|FORD CREDIT|8469|0|1888|6581|0|696349
31928|CHASE AUTO FINANCE|20101|0|4800|15301|0|696349
31929|FORD CREDIT|17000|0|4350|12650|0|696349
31930|FORD CREDIT|24300|0|6778|0|17522|696349
31931|FORD CREDIT|0|36800|6133|0|30667|696349
31932|FORD CREDIT|0|45052|2503|0|42549|696349
31933|FORD CREDIT|0|49335|2741|0|46594|696349
31934|Installment Notes|31236||10161||21075|696350
31935|IBEW Local Credit Union|4708|0|4708|0|0|696376
31936|Capital Lease|381||381||0|696379
31937|ALLY GMAC|28842|0|13193|6722|8927|696385
31938|Bank|128818|0|14004|0|114814|696386
31939|Wells Fargo Bank|20025|0|3282||16743|696388
31940|TIAA Bank (Everbank Commercial)|5428||1847||3581|696397
31941|N/A|0|0|0|0|0|696430
31944|George Elkins|2502017||2502017||0|696468
31945|TWU Int'l|277179||20805||256374|696469
31946|M & T Bank|89000|0|89000|0|0|696477
31947|None|0|0|0|0|0|696486
31948|N/A|||||0|696490
31949|Synovus Bank|17055|0|5976||11079|696495
31951|WEBSTER BANK|21726|0|12167|0|9559|696508
31952|MEMBERS FIRST CREDIT UNION|14395|0|14395|0|0|696520
31953|MEMBERS FIRST CREDIT UNION|17933|0|17933|0|0|696520
31954|MEMBERS FIRST CREDIT UNION|15784|0|15784|0|0|696520
31955|MEMBERS FIRST CREDIT UNION|17112|0|17112|0|0|696520
31956|Workers United|715930|0|10000|335000|370930|696550
31957|SEIU|150000|0|0|150000|0|696550
31958|total loan payable|0|0|0|0|0|696551
31961|Webster Bank|64752|0|31113|0|33639|696579
31962|NONE|0|0|0|0|0|696581
31963|AUTOMOBILE LOAN|21122|0|2986|18136|0|696585
31964|AUTOMOBILE LOAN|33724|0|4849|28875|0|696585
31965|AUTOMOBILE LOAN|42688|0|5687|0|37001|696585
31966|AUTOMOBILE LOAN|0|90924|6327|0|84597|696585
31967|NONE|0|0|0|0|0|696602
31968|BANK OF AMERICA|6104141|0|453532||5650609|696632
31969|None|0|0|0|0|0|696669
31970|N/A|0|0|0|0|0|696683
31971|Mailroom Consultants|7882|0|3877|0|4005|696691
31972|Canon Financial Services, Inc.|5699|0|3996|0|1703|696691
31973|First National Bank|22970|0|22970|0|0|696697
31974|NONE|0|0|0|0|0|696704
31975|N/A|0|0|0|0|0|696709
31976|n/a|0|0|0|0|0|696734
31977|0|0|0|0|0|0|696737
31978|NONE|0|0|0|0|0|696745
31979|None|0|0|0|0|0|696754
31980|SUNTRUST - JOILET, IL|186564|0|186564|0|0|696755
31982|AUTO-FORD|136871|72460|57401|13683|138247|696759
31981|BB&T Commercial||53040|8696||44344|696758
31983|Bank of Labor|997699|0|29548|0|968151|696763
31984|NONE|0|0|0|0|0|696773
31985|NONE|0|0|0|0|0|696788
31986|MECHANICS SAVINGS BANK|42979|25230|32265||35944|696822
31987|CONNECTIVITY POINT|4527|0|0|4527|0|696822
31988|Burke And Herbert Line of Credit|248873|200000|448873||0|696845
31989|UBS Line of Credit|0|503851|0||503851|696845
31990|Roxie Pride|651|6258|5885||1024|696848
31991|None|0|0|0|0|0|696852
31992|None|0|0|0|0|0|696852
31993|None|0|0|0|0|0|696852
31994|None|0|0|0|0|0|696852
31995|None|0|0|0|0|0|696852
31996|None|0|0|0|0|0|696852
31997|None|0|0|0|0|0|696852
31998|None|0|0|0|0|0|696852
31999|None|0|0|0|0|0|696852
32000|None|0|0|0|0|0|696852
32001|None|0|0|0|0|0|696852
32002|None|0|0|0|0|0|696852
32003|Pinnacle Bank|131410||32585||100276|696856
32004|AMERISERV|240274||16818||223456|696859
32005|COMMUNITY FIRST|31181||31181||0|696859
32006|Security National Bank|0|200000|738||199262|696871
32008|NONE|0|0|0|0|0|696897
32009|Line of credit|97547|0|18900|0|78647|696900
32010|Cherry Avenue loan|914134|0|25449|0|888685|696900
32011|Auto loans|65614|247229|39017|0|273826|696900
32012|ALLY|12031|0|5682|0|6349|696913
32013|AFSCME International|266560|0|266560|0|0|696955
32014|FIRST STATE BANK|9867|28630|9886||28611|696957
32554|VALLEY NATIONAL BANK|49524||5250||44274|703855
32015|INTERNATIONAL BROTHERHOOD OF TEAMSTERS|40827||16507||24320|696957
32016|no loans exist n/a|0||||0|696964
32017|Citizens One Auto Finance|32036|0|32036||0|696971
32018|GM Financial|0|31285|3515|0|27770|696971
32019|LINE OF CREDIT|520455||34658||485797|696982
32020|BCTGM International|26337|0|5680||20657|696990
32021|NONE|0|0|0|0|0|696991
32251|IUOE LOCAL 012 BURIAL FD|1000000|0|0|0|1000000|698769
32023|GMAC|0|28626|28626|0|0|696995
32024|LINE OF CREDIT|277604|0|277604|0|0|696999
32025|ALLY AUTO LOAN|32569|0|4834|0|27735|696999
32026|DUE TO SCHOLARSHIP|6453|0|2660|0|3793|696999
32027|FORD CREDIT|0|188863|188863|0|0|697004
32028|TD Bank - Vehicle Loan|9180|0|5741|0|3439|697007
32029|Peoples United Bank CC|0|20754|20117|0|637|697007
32030|American Express CC|0|12029|12029|0|0|697007
32031|Credit Union|30183|0|18014|0|12169|697010
32032|Bank of Labor|46796||6830||39966|697025
32034|NONE|0|0|0|0|0|697041
32035|Auto loan payable|16158|0|8850||7308|697049
32036|FORD MOTOR CREDIT|3847|0|3847|0|0|697050
32038|Auto loans payable|36778|163915|40364|0|160329|697103
32039|NONE|0|0|0|0|0|697120
32040|Old National Bank|0|200000|14371|0|185629|697158
32041|FORD CREDIT CORP|23058|0|12031|0|11027|697227
32042|PLUMBERS 55 FEDERAL CREDIT UNION|7185|0|7185|0|0|697237
32043|PLUMBERS 55 FEDERAL CREDIT UNION|10343|0|10343|0|0|697237
32044|PLUMBERS 55 FEDERAL CREDIT UNION|6951|0|5187|0|1764|697237
32045|The Finishing Trades Institute of New York|94328|0|10530||83798|697238
32046|Ford Credit|26380|0|5203||21177|697238
32047|Small Business Administration|130700|0|3367|0|127333|697250
32048|Louis Pernice|30000|0|30000|0|0|697250
32049|NONE|0|0|0|0|0|697251
32050|BB&T Bank Card|17005|85533|93739||8799|697257
32051|FORD MOTOR CREDIT CO.|79912|18603|51697|0|46818|697274
32052|ALLY BANK|678|0|678|0|0|697274
32053|Huntington Bank|0|48634|8244|0|40390|697291
32054|LINE OF CREDIT- BANK OF AMERICA|961157|0|260174|0|700983|697294
32055|gm financial|16004|0|1193|0|14811|697296
32056|NONE|0|0|0|0|0|697297
32057|AMALGAMATED BANK|8269310|1730690|10000000|0|0|697300
32058|AMALGAMATED BANK|0|10000000|1070955|30853|8898192|697300
32059|NONE|0|0|0|0|0|697307
32060|NONE|0|0|0|0|0|697315
32061|Ally Financing (Auto)|40726|0|14652||26074|697317
32062|IMCU 2016 Lincoln MKZ|20242|0|4839|0|15403|697323
32063|ALLY GMC|70265|0|17158|0|53107|697349
32064|TELEPHONE SYSTEM|3274|0|1403|0|1871|697349
32065|UFCW International Union|0|120000|70000|0|50000|697351
32066|AMALGAMATED BANK CONSTRUCTION LOAN|7814584|1105416|8920000|0|0|697361
32067|AMALGAMATED BANK CONSTRUCTION LOAN|0|2000000|0|0|2000000|697361
32068|American National Bank|1111638|912131|373751|0|1650018|697373
32069|GM FINANCIAL|27000|0|12000|0|15000|697377
32070|NYC District Council of Carpenters|58559|0|6000||52559|697382
32071|WEA Trust|20072|0|15304|0|4768|697383
32072|TEAMSTERS CREDIT UNION|0|43402|4065|0|39337|697386
32073|Valley National|84435|0|84435||0|697411
32074|Ford Motor Credit 4.89% 60 months lona on vehicle|22864|0|14974||7890|697426
32075|Ford Credit|52565|0|52565|0|0|697427
32076|NONE|0|0|0|0|0|697431
32077|Peoples National Bank|33412|0|5157|0|28255|697432
32078|None|0|0|0|0|0|697441
32079|FORD CREDIT 2017 EXPLORER 4WD|41464|0|8579|0|32885|697442
32080|FORD CREDIT 2017 EXPLORER 4WD|41096|0|8503|0|32593|697442
32081|FORD CREDIT 2017 EXPLORER 4WD|41761|0|8640|0|33121|697442
32082|CHRYSLER/CHEVY|34725|0|15592|0|19133|697444
32083|CHEVY IMPALA|0|21647|3223|0|18424|697444
32085|Car Loan|11541|0|5143|0|6398|697499
32086|Mortgage Loan|236891|0|22063||214828|697513
32087|Construction Loan|127224|0|127224|0|0|697513
32088|Auto Loan||35628|17403||15041|697513
32090|LOAN INTERNATIONAL|0|138997|30000||108997|697527
32091|None|0|0|0|0|0|697530
32092|CAPITAL LEASE-TIAA BANK|29660|0|14125|0|15535|697543
32093|IBEW CREDIT UNION|13410||13410||0|697551
32094|IBEW CREDIT UNION|0|16404|3481||12923|697551
32095|BUSEY BANK|0|26000|3662||22338|697551
32096|NONE|0|0|0|0|0|697552
32097|NONE|0|0|0|0|0|697558
32098|ALLY|6305||6305||0|697566
32104|BUILDING 520 W MADISON, PONTIAC, IL 61764|82991|0|9445|0|73546|697568
32105|Amalgamated Bank of Chicago|1285806|0|76217|0|1209589|697573
32106|Ally Finance Company|112079|57924|94864|0|75139|697573
32107|FORD CREDIT|8850||2243|6607|0|697607
32108|FORD CREDIT |9293||2372|6921|0|697607
32109|FORD CREDIT|9269||2729|6540|0|697607
32110|FORD CREDIT|14455||5102||9353|697607
32111|FORD CREDIT|7805||3714||4091|697607
32112|FORD CREDIT |9899||4710||5189|697607
32113|FORD CREDIT|6408||3076||3332|697607
32114|FORD CREDIT|13078||4359||8719|697607
32115|FORD CREDIT||34404|2867||31537|697607
32116|FORD CREDIT||26521|1768||24753|697607
32117|FORD CREDIT||25723|2144||23579|697607
32118|NONE|0|0|0|0|0|697634
32119|Due to 1S Realty|36135|0|9304|0|26831|697636
32120|Due to PAC|4200||||4200|697639
32121|N/A|0|0|0|0|0|697665
32122|JPMORGAN CHASE|369600|0|57600||312000|697668
32123|Ford Credit|251683|0|98982|0|152701|697671
32124|NONE|0|0|0|0|0|697681
32125|Line of Credit from BB&T|20678|0|4799|0|15879|697687
32126|Credit Card from BB&T|4524|0|777|0|3747|697687
32127|Line of Credit from Health & Welfare|18642|0|0|4102|14540|697687
32128|SONA Bank Auto Loan|12221|0|3466|0|8755|697687
32129|FORD CREDIT|17292|0|12969|0|4323|697688
32130|FORD CREDIT|26115|0|7461|0|18654|697688
32131|FORD MOTOR CREDIT|47942|0|47942|0|0|697705
32132|GM FINANCIAL|0|24070|1363|0|22707|697705
32133|Honor Credit Union|0|22460|2614|0|19846|697733
32134|Ally Bank|48789|0|24699|9103|14987|697749
32135|GM Financial |0|36340|2523|0|33817|697760
32137|NOTE PAYABLE - FORD CREDIT|27830|0|7766|0|20064|697764
32138|GM FINANCIAL - 2018 GMC SIERRA|0|22841|436|0|22405|697769
32139|2018 GMC SIERRA 1500|0|9940|543||9397|697779
32140|M&T BANK - AUTO LOANS|26142|31554|9900|0|47796|697783
32141|ETTELSON- CADILLAC BUICK GMC|14932|0|3227|0|11705|697793
32142|FORD CREDIT|0|16971|961|0|16010|697793
32143|Powernet CU-Auto Loan||21016|3217||17799|697831
32144|LINCOLN FINANCIAL SERVICES|1656||1656||0|697847
32145|FORD MOTOR CREDIT|22919||7055||15864|697847
32146|LINCOLN FINANCIAL SERVICES|0|59751|||59751|697847
32147|Ally Bank|4032||4032||0|697858
32148|Univest Capital|39226||14264||24962|697858
32149|GM Financial||48280|48280||0|697858
32150|NONE|0|0|0|0|0|697860
32151|Fifth Third Bank Credit Line|3885|0|40||3845|697873
32152|Fifth Third Bank Loan|12333|0|4718||7615|697873
32153|Ford Motor Credit|31321|0|31321|0|0|697881
32154|Ally Auto|0|31501|29303|0|2198|697881
32155|FORD MOTOR CREDIT|49771|93243|37328||105686|697887
32158|MORGAN STANLEY - HD|1272366|54934|510000|0|817300|697892
32159|MORGAN STANLEY - NWLU|5534303|310722|5845025|0|0|697892
32160|AMALGAMATED BANK|150000|0|0|0|150000|697951
32161|AUTOMOBILE FINANCING|69414|0|19945||49469|697962
32162|BANK FINANCING|0|994010|11992||982018|697962
32163|Ford|28848||8522||20326|697965
32165|Labor Organizations|1156035|0|713085|0|442950|698022
32166|East Boston Savings Bank|10579|0|10579|0|0|698030
32167|Ford Credit|30050|0|5748|0|24302|698030
32168|Ally Bank|43438|0|13474|0|29964|698030
32169|Wells Fargo|22556|0|6200|0|16356|698030
32170|GM Financial|22724|0|3804|0|18920|698030
32171|CONSTRUCTION LOAN|4900000|0|4900000|0|0|698077
32172|MORTGAGE|0|4900000|27555|0|4872445|698077
32173|LOAN FROM JATC|0|31951|0|0|31951|698077
32174|LOAN FROM PAC|0|450|0|0|450|698077
32175|REIMBURSEMENT PAYABLE|0|15770|0|0|15770|698077
32176|CITIZENS ONE|7800|0|3362||4438|698103
32177|NONE|0|0|0|0|0|698109
32178|2017 Buick LaCrosse|35297|0|35297|0|0|698147
32179|Fifth Third Bank|401377|0|27433|0|373944|698185
32180|Powernet|21117|0|4113||17004|698217
32181|None|0|0|0|0|0|698231
32182|CAPITAL LEASE PAYABLE|2510||242||2268|698261
32183|Viriva Credit Union|199608|0|89769|0|109839|698268
32184|GM|17020|0|11315|0|5705|698268
32185|Ally Bank|48702|0|11864|0|36838|698268
32186|Amalgamated Bank|0|1000000|0|0|1000000|698268
32187|Ford Motor Credit|53068||12246||40822|698301
32189|NONE|0|0|0|0|0|698307
32190|Ford Motor Credit|12314|0|12314|0|0|698309
32191|Ford Motor Credit||24271|12135||12136|698309
32192|None|0|0|0|0|0|698316
32193|Ally|28617|0|7994|0|20623|698319
32194|Wesbanco Bank|12108||12108||0|698324
32195|Wesbanco Bank|21667||21667||0|698324
32196|NONE|0|0|0|0|0|698337
32197|FORD CREDIT|3329|0|3329|0|0|698356
32198|SARATOGA NATIONAL BANK|0|74214|12828|0|61386|698356
32199|LINE OF CREDIT - BANK OF LABOR|0|11000000|0|0|11000000|698362
32200|Loan BMO Harris|181778|0|13435||168343|698365
32201|Bank of America|60983605|0|2889262|0|58094343|698373
32202|FORD MOTOR CREDIT|6427|0|5495||932|698375
32203|Allegheny Valley Bank|300564|0|12377||288187|698387
32204|Urban Redevelopment Authority of Pittsburgh|189900|0|9283||180617|698387
32205|Great American Financial Services (Capital Lease)|11870|0|4571||7299|698387
32206|Konica Minolta (Capital Lease)|11912|0|2234||9678|698387
32207|ENTERPRISE BANK|1074792|0|140208|0|934584|698427
32208|FORD MOTOR CREDIT|4695|0|4695||0|698456
32209|International Organization|49000||49000||0|698459
32210|SEIU|16641922|0|0|0|16641922|698477
32211|FIRST Insurance Funding|30573|0|30573|0|0|698477
32212|FIRST Insurance Funding|0|112534|81857|0|30677|698477
32213|FIRST Insurance Funding|0|61464|39113|0|22351|698477
32214|FORD MOTOR CORP|70559|128000|190671|0|7888|698478
32215|UNION FIDELITY CU|13018||7155||5863|698491
32216|Ally (Auto Loans)|26857|0|8896|0|17961|698514
32217|Ford Credit|0|100604|11024|0|89580|698514
32218|Liberty Bay Credit Union - Auto Loan|0|18500|3095|0|15405|698530
32219|N/A|0|0|0|0|0|698534
32220|NONE|0|0|0|0|0|698538
32222|0|0|0|0|0|0|698569
32223|Lincoln Auto Financial Svc|11264|0|6829||4435|698572
32224|Union Bank and Trust|336217|0|20979|0|315238|698573
32225|GRANITE CITY STEEL CREDIT UNION|22036|0|22036||0|698579
32226|Labor Organization|54335|0|||15527|698584
32227|Local 19-D Welfare Fund|244981|0|244981|0|0|698606
32229|Tulsa Federal Credit Union|30085|0|30085|0|0|698652
32230|Chrysler|28784|0|5830|0|22954|698653
32231|Chrysler|22925|0|5453|0|17472|698653
32232|Ally|0|45780|1309|0|44471|698653
32233|GM Financial|0|32336|5177|0|27159|698653
32237|Discovery Federal Credit Union|586|0|586|0|0|698685
32238|Lucas County Builds|609555|365614|9859||965310|698686
32239|NONE|0|0|0|0|0|698688
32240|UNITE HERE International Union|178763||12000||166763|698724
32242|Mortgage Note|297744|0|203378||94366|698732
32243|Auto Loan - Canandaguia National Bank|4306|0|4306|0|0|698757
32244|Auto Loan - Canandaguia National Bank|16382|0|8752|0|7630|698757
32245|Auto Loan - Canandaguia National Bank|18253|0|3320|0|14933|698757
32246|NONE|0|0|0|0|0|698764
32247|Xerox|64912|0|16228||63335|698767
32248|IUOE LOCAL 003|5000000|0|0|0|5000000|698769
32249|IUOE LOCAL 004|2000000|0|0|0|2000000|698769
32250|IUOE LOCAL 012|2000000|0|0|0|2000000|698769
32476|2016 Ford Explorer|23561|0|4962|18599|0|700650
32252|IUOE LOCAL 015|7000000|0|0|0|7000000|698769
32253|IUOE LOCAL 017|500000|0|0|0|500000|698769
32254|IUOE LOCAL 018|2000000|0|0|0|2000000|698769
32255|IUOE LOCAL 030|2000000|0|0|0|2000000|698769
32256|IUOE LOCAL 037|250000|0|0|0|250000|698769
32257|IUOE LOCAL 039|1000000|0|0|0|1000000|698769
32258|IUOE LOCAL 039 EDUC FD|250000|0|0|0|250000|698769
32259|IUOE LOCAL 066|2000000|0|0|0|2000000|698769
32260|IUOE LOCAL 101|1000000|0|0|0|1000000|698769
32261|IUOE LOCAL 103|250000|0|0|0|250000|698769
32262|IUOE LOCAL 103 STRIKE FD|250000|0|0|0|250000|698769
32263|IUOE LOCAL 112|1000000|0|0|0|1000000|698769
32264|IUOE LOCAL 132|1000000|0|0|0|1000000|698769
32265|IUOE LOCAL 132 HPE|1000000|0|0|0|1000000|698769
32266|IUOE LOCAL 137|1000000|0|0|0|1000000|698769
32267|IUOE LOCAL 139|3000000|0|0|0|3000000|698769
32268|IUOE LOCAL 158|1000000|0|0|0|1000000|698769
32269|IUOE LOCAL 181|500000|0|0|0|500000|698769
32270|IUOE LOCAL 234|500000|0|0|0|500000|698769
32271|IUOE LOCAL 295|250000|0|0|0|250000|698769
32272|IUOE LOCAL 302|7000000|7000000|0|0|14000000|698769
32273|IUOE LOCAL 324|2000000|0|0|0|2000000|698769
32274|IUOE LOCAL 399|500000|0|0|0|500000|698769
32275|IUOE LOCAL 420|300000|0|0|0|300000|698769
32276|IUOE LOCAL 450|1000000|0|0|0|1000000|698769
32277|IUOE LOCAL 463|250000|0|0|0|250000|698769
32278|IUOE LOCAL 478|250000|0|0|0|250000|698769
32279|IUOE LOCAL 513|1000000|0|0|0|1000000|698769
32280|IUOE LOCAL 520|250000|0|0|0|250000|698769
32281|IUOE LOCAL 542|3000000|0|0|0|3000000|698769
32282|IUOE LOCAL 649|500000|400000|0|0|900000|698769
32283|IUOE LOCAL 793|1000000|0|0|0|1000000|698769
32284|IUOE LOCAL 825|5000000|0|0|0|5000000|698769
32285|IUOE LOCAL 841|2000000|0|0|0|2000000|698769
32286|IUOE LOCAL 68|500000|0|0|0|500000|698769
32287|IUOE LOCAL 115|500000|0|0|0|500000|698769
32288|IUOE LOCAL 178|250000|0|0|0|250000|698769
32289|IUOE LOCAL 148|250000|0|0|0|250000|698769
32290|IUOE LOCAL 351|500000|0|0|0|500000|698769
32291|WELLS FARGO CREDIT LINE|29839461|48551785|41079449|0|37311797|698769
32292|COLUMBIA BANK|0|34500000|452200|0|34047800|698769
32293|GM FINANCIAL LEASING|0|38013|4125|0|33888|698769
32294|Merrill Lynch Margin Loan|152207|65636|56584||161259|698773
32295|Capital Lease - Tamco|4052||3027||1025|698773
32296|REPUBLIC BANK|334835||69701||265134|698799
32297|TD EQUIPMENT FINANCE|6266||6266||0|698799
32298|FORD MOTOR CREDIT|25068||5785||19283|698799
32299|Blackhawk Bank |1242630|0|477300|0|765330|698817
32301|FORD MOTOR CREDIT|0|42873|38471||4402|698890
32302|OPEIU International|75164|0|29096|0|46068|698894
32303|Auto Loans|127668|0|26977|0|100691|698894
32304|ALLY|22988|0|6022||16966|698919
32305|ALLY|25864|0|5143||20721|698919
32306|ALLY|17675|0|4563||13112|698919
32307|ALLY|26170|0|4951||21219|698919
32308|ALLY|24800|0|4789||20011|698919
32309|ALLY|25448|0|4958||20490|698919
32310|Lincoln Financial|33651|0|33651|0|0|698964
32311|GM Financial|27389|0|5360|0|22029|698964
32312|GMC Financial|0|11503|351|0|11152|698964
32313|FORD MOTOR CREDIT|42836|0|42836||0|698975
32314|N/A|0|0|0|0|0|698984
32315|NONE|0|0|0|0|0|698988
32317|REP. BANK (TERM LOAN #1)|6800000|0|122345|0|6677655|699021
32318|REP. BANK (TERM LOAN #2)|762908|0|24097|0|738811|699021
32319|REPUBLIC BANK (L.O.C.)|0|0|0|0|0|699021
32320|AFSCME (TERM LOAN)|661380|0|0|147884|513496|699021
32321|ALLY/GM FIN (AUTO LOANS)|23865|0||7159|16706|699021
32322|UFCW C.U. (AUTO LOANS)|70901|70000|39986|23593|77322|699021
32323|COMMUNITY BANK (TERM LOAN)|976927|0|110886||866041|699021
32324|COMMUNITY BANK (AUTO LOANS)|228941|25465|10338|67463|176605|699021
32325|Vehicle Loan Payable - Ally|18168|0|18168|0|0|699022
32326|Vehicle Loan Payable - Union Yes FCU|47816|0|19203|0|28613|699022
32327|Vehicle Loan Payable - Ford|53135|35959|27869|0|61225|699022
32328|DE LAGE LANDEN|11822||5756||6066|699023
32329|EVERBANK COMMERCIAL|7624||3278||4346|699023
32330|WELLS FARGO|49370||11274||38096|699023
32331|MAILFINANCE|11120||11120||0|699023
32332|NONE|0|0|0|0|0|699034
32333|Capital lease payable - Marlin Business Bank|48898|0|16554|0|32344|699090
32334|Republic Bank|285950||9454||276496|699094
32335|FORD MOTOR COMPANY|185859|46472|73196|972|158163|699108
32336|304 PENN AVE NW CORP|0|27590|0|0|27590|699112
32337|ALPA TO 1625 MASS AVE|983316|169458|128163|0|1024611|699112
32338|SUNTRUST COMMERICAL LOAN #2|1234605|0|259768|0|974837|699112
32339|na|0|0|0|0|0|699122
32341|National Postal Mail Handlers Union|107142||49839||57303|699134
32342|Jefferson Bank|5614942|0|1009166|0|4605776|699136
32343|IBEW Credit Union|352114|0|19674|0|332440|699142
32344|N/A|0|0|0|0|0|699146
32345|Simmons Bank|360366|88268|18954|0|429680|699149
32346|Loan - Prosper Bank |467393|0|20559|0|446834|699168
32347|Building - Loan United Labor Bank|420825|0|29154|0|391671|699169
32349|NOT APPLICABLE|0|0|0|0|0|699183
32350|NONE|0|0|0|0|0|699186
32351|Loan Payable - HRSA-ILA Fund S/T|7146|0|2738||4408|699222
32352|Loan Payable HRSA-ILA Fund - LT|4343|0|4343||0|699222
32353|FIRST BANK & TRUST |2982563|0|211841|0|2770722|699232
32354|LINCOLN AUTOMOTIVE FINANCIAL SERVICES|9762|0|9762|0|0|699232
32355|AMUR EQUIPMENT FINANCE, INC.|83358|0|26200|0|57158|699232
32356|SEIU International|240000|0|240000|0|0|699233
32357|Ford Vehicle Loan|9489||2952||6537|699236
32358|Camry Loan|24118||24118||0|699236
32359|Toyota Loan|0|40609|5288||35321|699236
32360|N/A|0|0|0|0|0|699239
32361|SEIU INTERNATIONAL|0|475196|0|0|475196|699242
32362|NONE|||0|0|0|699248
32363|N/P - 2013 Ford Taurus|6101||4531||1570|699252
32364|N/P - 2013 Ford|4369||4369||0|699252
32365|N/P - 2016 Ford|20222||3575||16647|699252
32366|N/P - 2017 Chrysler||27275|2120||25155|699252
32367|N/P - 2017 Chrysler||17525|1681||15844|699252
32368|CALIFORNIA BANK AND TRUST|0|250000|0||250000|699256
32369|GENWORTH|1311633||138593||1173040|699258
32370|Members|25080||||25080|699267
32371|FORD MOTOR CREDIT|0|25128|1774|0|23354|699269
32372|Accion Politica PCUNista||6007|||6007|699271
32373|n/a|0|0|0|0|0|699283
32374|Note Payable, MFCU-2015|25386|0|5558|0|19828|699285
32375|Line of Credit|315293|0|11528|0|303765|699287
32376|Capital Leases (Automobiles)|0|118711|18320|0|100391|699287
32377|HUNTINGTON BANK|0|600000|14751|0|585249|699297
32378|Ford Motor Credit Company|4013|0|4013|0|0|699305
32379|Prosperity Bank|75593|0|75593|0|0|699311
32380|Prosperity Bank|22782|0|22782|0|0|699311
32381|Marlin|7164|0|7164|0|0|699311
32382|AMALGAMATED - SACRAMENTO|924834|0|52478||872356|699318
32383|AMALGAMATED - SAN JOSE|463395|0|26295||437100|699318
32384|Note Payable- US Bank|7246||4071||3175|699465
32385|LOAN|189121|0|31968|0|157153|699468
32386|LOAN AUTOMOBILE|13513|0|9538|0|3975|699468
32387|LINE OF CREDIT|300000|0|0|0|300000|699468
32388|Building Loan|251227|0|48189|0|203038|699472
32389|N/A - None|0|0|0|0|0|699476
32390|Ford Credit|6357|0|5853|0|504|699478
32391|Ford Credit|8285|0|5839|0|2446|699478
32392|Ford Credit|12708|0|12708|0|0|699478
32393|Ford Credit|19531|0|5152|0|14379|699478
32394|Ally Bank|20524|0|9594|0|10930|699478
32395|Ford Credit|34772|0|6589|0|28183|699478
32396|Ford Credit|28375|0|5434|0|22941|699478
32397|Ally Bank|44979|0|6861|0|38118|699478
32398|Ford Credit|32943|0|6137|0|26806|699478
32399|Ford Credit|25661|0|4362|0|21299|699478
32400|Ford Credit|0|34834|4497|0|30337|699478
32401|Ally Bank|0|28679|1260|0|27419|699478
32402|Ford Credit|0|23300|1930|0|21370|699478
32403|Key Bank|12961|0|3776|0|9185|699506
32404|Camden National Bank|14290|0|2881|0|11409|699506
32405|Camden National Bank|19709|0|3902|0|15807|699506
32406|AMALGANATED BANK|2160395||177730||1982665|699529
32407|IASTE Local 114 Payroll Company|7446|0|7446|0|0|699548
32408|TD Bank Credit Card|238|435|673|0|0|699548
32409|IRS REFUND|6307|393|0|0|6700|699551
32410|Auto Loan - Ally Bank |18418|0|1143|17275|0|699568
32411|Auto Loan - Ally Bank |18126|0|4595|0|13531|699568
32412|Auto Loan - Ally Bank |2445|0|2445|0|0|699568
32413|Auto Loan - Canandaigua National Bank |31404|0|7684|0|23720|699568
32414|Auto Loan - Canandaigua National Bank|0|31059|3209|0|27850|699568
32415|Auto Loan - Ford Credit|0|33276|3218|0|30058|699568
32416|Auto Loan - GM Financial |0|32529|2459|0|30070|699568
32418|N/A|0|0|0|0|0|699602
32419|Notes Payable-Autos|73523|0|73523|0|0|699638
32420|Service Employees International Union|306592|0|0|0|306592|699650
32421|Luther Family Ford, Fargo ND|22448||750||21698|699654
32422|0|0|0|0|0|0|699695
32423|N/A|0|0|0|0|0|699703
32424|CREDIT UNION CHEVY EQUINOX|7337||6754||583|699736
32426|EMERGENCY DISPUTE FUND|14000|0|0|0|14000|699897
32427|Amalgamated Bank|367729|0|10537||357192|699899
32428|Ford|189868|204348|136959|0|257257|699922
32429|Ally|61342|10049|34039|0|37352|699922
32430|Bank of Utica|45889|0|45889|0|0|699922
32431|Bank of Utica|89342|0|89342|0|0|699922
32432|BANK OF LABOR|0|204000|1193||202807|699997
32433|Auto loan payable - Chrysler Jeep|0|22742|1793|0|20949|700060
32434|CAPITAL ONE LINE OF CREDIT|10462|0|10462|0|0|700077
32435|UAW Interntational|116654|0|5080|20320|91254|700105
32436|NA|0|0|0|0|0|700110
32437|BANK OF LABOR-AUTO LOAN|33874|54000|22242||65632|700143
32438|Ally Bank|1083|0|1083|0|0|700192
32439|Ford Motor Credit|2320|0|2320|0|0|700192
32440|Ally Bank|4819|0|4819|0|0|700192
32441|Ford Motor Credit|17066|0|4579|0|12487|700192
32442|Ally Bank|12614|0|3200|0|9414|700192
32443|Ford Motor Credit|15585|0|5343|0|10242|700192
32444|Ford Motor Credit|15221|0|5219|0|10002|700192
32445|Ford Motor Credit|12325|0|3892|0|8433|700192
32446|Ford Motor Credit|12522|0|5298|0|7224|700192
32447|Ally Bank|19957|0|6017|0|13940|700192
32448|Ally Bank|0|15967|2930|0|13037|700192
32449|GM Financial|0|22519|4894|0|17625|700192
32450|TEAMSTERS CREDIT UNION|116511|0|23659|0|92852|700232
32451|NONE|0|0|0|0|0|700266
32452|SPECIALTY TRADES JOINT INDUSTRY FUND|1689|0|1689||0|700285
32453|NATIONAL ASSOCIATION OF SPECIALTY TRADES BENEFIT |2159|0|2159|0|0|700285
32454|None|0|0|0||0|700369
32455|SEIU Loan Payable|100000|50000|33333||116667|700425
32456|INTL BROTHERHOOD TEAMSTERS|100000|50000|33333||116667|700425
32457|CESAR CHAVEZ FOUNDATION|0|350000|350000||0|700425
32458|PSSDC PENSION FUND-WITHDRAWAL LIABILITY|560541|0|42457|0|518084|700516
32459|UFCW INTERNATIONAL LOAN|336918|0|37730|0|299188|700516
32460|None|0|0|0|0|0|700517
32461|SEIU |20872||||20872|700524
32462|SEIU |645899||150000||495899|700524
32463|MORTGAGE POPULAR |784338||78162||706176|700524
32464|CHRYSLER CAPITAL|8623||3633||4990|700533
32465|GMAC AUTO LOAN|16046||4280||11766|700566
32466|COMERICA BANK-MORTGAGE PAYABLE|102708||5826||96882|700597
32468|Automobiles - Enterprise Fleet Leasing|58937|0|15895|0|43042|700634
32469|N/A|0|0|0|0|0|700636
32470|Auto Loans|105324|33438|54220|0|84542|700644
32471|Construction Loan Wells Fargo|903583|0|903583||0|700647
32472|Credit Union Loan Payable|0|149403|32312||117091|700647
32473|2016 Ford Explorer|27026|0|4999|22027|0|700650
32474|2016 Ford Explorer|22183|0|6230|15953|0|700650
32475|2016 Ford Explorer|26051|0|5422|20629|0|700650
32477|2016 Ford Explorer|33389|0|6978|26411|0|700650
32478|2018 Chevy Silverado|0|41685|693|0|40992|700650
32479|2018 Chevy Silverado|0|41352|687|0|40665|700650
32480|2018 Chevy Truck|0|42149|700|0|41449|700650
32481|2019 Chevy Traverse|0|37928|630|0|37298|700650
32482|2018 GMC Sierra 1500|0|53802|1903|0|51899|700650
32483|Vacation Fund|65911|60953|65911|0|60953|700654
32485|NONE|||||0|700708
32486|Line of Credit|0|57780|0|0|57780|700820
32487|THE BANK OF EDWARDSVILLE|9780|0|5056|0|4724|700824
32488|Automobile Loan|16860|0|3050|0|13810|700996
32490|NA|0|0|0|0|0|701301
32491|NA|0|0|0|0|0|701301
32492|NA|0|0|0|0|0|701301
32493|NA|0|0|0|0|0|701301
32494|NA|0|0|0|0|0|701301
32495|NA|0|0|0|0|0|701301
32496|NA|0|0|0|0|0|701301
32497|NA|0|0|0|0|0|701301
32498|NA|0|0|0|0|0|701301
32499|NA|0|0|0|0|0|701301
32500|NA|0|0|0|0|0|701301
32501|NA|0|0|0|0|0|701301
32502|First Hawaiian Bank (Building)|311449|0|10621||300828|701478
32503|First Hawaiian Bank (Auto)|20402|0|13087||7315|701478
32504|N/A|0|0|0|0|0|701636
32505|Automobile Loan|4256|0|4256|0|0|701658
32506|Automobile Loan|0|28585|5452|0|23133|701658
32507|Automobile Loan|27979|0|27979|0|0|701665
32508|BANCO POPULAR OF PR|57000|0|0|3155|53845|701886
32509|BANCO POPULAR OF PR|119497|18371|0|0|137868|701886
32511|International IUE-CWA|0|15792|0|0|15792|701984
32513|Old Vehicle Loan|34551|0|34551||0|702220
32514|New Vehicle Loan|0|25590|599||24991|702220
32515|NONE|0|0|0|0|0|702273
32516|employee payroll|3|||0|3|702484
32517|KUBOTA CREDIT|6620||4674||1946|702504
32518|GM Financial |0|8796|0|0|8796|702560
32519|n/a|0|0|0|0|0|702586
32520|None|0|0|0|0|0|702622
32523| N/A|0|0|0|0|0|703019
32524| N/A|0|0|0|0|0|703019
32525| N/A|0|0|0|0|0|703019
32526| N/A|0|0|0|0|0|703019
32527| N/A|0|0|0|0|0|703019
32528| N/A|0|0|0|0|0|703019
32529| N/A|0|0|0|0|0|703019
32530| N/A|0|0|0|0|0|703019
32531| N/A|0|0|0|0|0|703019
32532| N/A|0|0|0|0|0|703019
32533| N/A|0|0|0|0|0|703019
32534| N/A|0|0|0|0|0|703019
32535|LOCAL 698|250000|0|7000||243000|703020
32537|NBSC/Synovus Bank|0|400000|400000|0|0|703039
32538|N/A|0|0|0|0|0|703163
32539|N/A|0|0|0|0|0|703163
32540|N/A|0|0|0|0|0|703163
32541|N/A|0|0|0|0|0|703163
32542|N/A|0|0|0|0|0|703163
32543|N/A|0|0|0|0|0|703163
32544|N/A|0|0|0|0|0|703163
32545|N/A|0|0|0|0|0|703163
32546|N/A|0|0|0|0|0|703163
32547|N/A|0|0|0|0|0|703163
32548|N/A|0|0|0|0|0|703163
32549|N/A|0|0|0|0|0|703163
32550|AFSCME COUNCIL 27|50000|0|0|50000|0|703208
32555|PIERCE TRANSIT PAYABLE-NET  CHANGE|56632||12677||43955|703866
32556|CREDIT CARDS-NET CHANGE|3018|6|||3024|703866
32557|PAYROLL LIABILITY |0|65|||65|703866
32558|Brittain Rd Loan|1183876|0|1472|0|1182404|704002
32559|SunTrust Bank|424838||20395||404443|704021
32560|Credit Cards/Other-Net Change|2653|7564|||10217|704049
32562|Ford Motor Credit|7862||2297|5565|0|705101
32566|NONE|0|0|0|0|0|705283
32571|BEWCO|65969|0|30803|0|35166|705551
32572|BEWCO|36927|0|0|0|36927|705551
32590|SERVICE EMPLOYEES INTERNATIONAL UNION|2775000|0|0|0|2775000|706483
32591|First Citizens Bank|85084||45246||39838|706525
32592|Capital Lease/Printer|7213||2287|382|5308|706525
32600|Musicians Association of St. Louis|29379|0|0|0|29379|706643
32612|NONE|0|0|0|0|0|707322
32615|UFCW International Union|99086|0|99086|0|0|707395
32617|MTPSI to ISTAE|7540|0|0|7540|0|707497
32619|FORD CREDIT |6676|0|6676|0|0|707587
32620|ALLY|10438|0|10438|0|0|707587
32622|Nissan motor Acceptance Corp|15870|0|3963|0|11907|707593
32623|Unite Here International Union|427500|0|427500|0|0|707693
32624|COMMUNITY BANK|45362||45362||0|707719
32626|First Tennessee|133276||5705||127571|707756
32627|First Tennessee||40000|||40000|707756
32629|NONE|0|0|0|0|0|707919
32630|INTERNATIONAL UNION OF BRICKLAYERS|105000|0|42000|0|63000|707998
32631|NA|0|0|0|0|0|708007
32633|Ford Motor Credit|524090|0|132173||391917|708140
32634|NONE|0|0|0|0|0|708186
32642|Ally Bank/GM Financial|138116|0|47264||90852|708495
32645|ALLY BANK|3333|0|3333|0|0|708587
32646|ALLY BANK|42632|0|14192|0|28440|708587
32647|FORD CREDIT|0|19573|1503|0|18070|708587
32648|BPPR|400441||24598||375843|708624
32652|LOAN - JOSEPH SENESE|1124|0|0|0|1124|708710
32653|NORTHBROOK LOAN - 005|168849||168849|0|0|708710
32654|NORTHBROOK LOAN - 006|91654|0|91654|0|0|708710
32655|NORTHBROOK LOAN - 007|0|169417|12999|0|156418|708710
32656|LOAN - LOCAL 707|283805|297305|380981|0|200129|708710
32661| ||||||708974
32697|Regions Bank - Credit Card|1981|0|1981|0|0|709642
32703|REGIONS BANK|27|0|0|0|27|709737
32737|CHICAGO TEACHERS UNION FOUNDATION|4952187|0|0|0|5021213|710063
32885|none|0|0|0|0|0|711114
32888|NPWU PROTECH|6311|153600|0|0|159911|711256
32889|TRUCK DRIVERS, CHAUFFEURS & WHSEMEN|409160|188551|0|0|597711|711256
32890|NPWU INSURANCE FUND|101069|0|0|0|101069|711256
32891|CLEVELAND & VICINITY LOCAL 707|10450|31118|0|0|41568|711256
32892|AMEX BUSINESS LAON|0|25725|6000|0|19725|711256
32917|Ally Bank Vehicle Loan|33114|0|10942|0|22172|712076
32957|Bank of America LOC|200000|0|0|0|200000|713008
33003|OPCMIA|0|45422|1922|0|43500|713927
33019|N/A|0|0|0|0|0|714872
33042|BANCO POPULAR DE PR|821369|16339|40762||796946|716243
33043|COOP A&C BO. QUEBRADA|37917||4137||33780|716243
33044|XEROX-CONTRATO ARRENDAMIENTO|15509|||4424|11085|716243
33045|PRESTAMO DE AUTO - HIGHLANDER|50433||7836||42597|716243
33124|Huntington Bank Loan|135917||15158||120759|718692
33076|2012 Town & Country Van|5605|0|5605|0|0|717224
33077|2009 GMC pick up truck|4661|0|4661|0|0|717224
33078|Ocean First Mortg.|728794|0|19145|0|709649|717224
33079|SBA mortg.|389033|0|10517|0|378516|717224
33080|Cap Lease on Phone system|50468|0|24555|0|25913|717224
33081|Copier Lease|106676|0|3816|0|102860|717224
33372|Bank of America|1023658||85136||938522|722196
33373|UFCW International Union|1370||1370||0|722196
33534|Note Payable - Paducah Bank|15000||3108||11892|723622
34118|POPULAR AUTO|19039||3586||15453|732112
34374|BANK OF AMERICA|20680546|0|600000|0|20080546|736708
