OID|SOURCE|LOANS_OWED_START|LOANS_OBTAINED|CASH_REPAYMENT|NON_CASH_REPAYMENT|LOANS_OWED_END|RPT_ID
27551|SOUTHWESTERN GROUP|100000|0|100000|0|0|627297
25034|Ironworkers Local #340|207558|0|0|207558|0|599515
27150|None|0|0|0|0|0|617425
27149|N/A|0|0|0|0|0|616801
27167|Auto Loan Payable|0|128082|0|128082|0|618343
27222|SunTrust Line of Credit|2399652|302161|197994||2503819|620824
27223|EASTERN BANK - MORTGAGE|308416|0|9982||298434|620829
27226|NONE|0|0|0|0|0|621403
27231|COMERICA BANK|961220|0|130222|0|830998|621794
27234|NONE|0|0|0|0|0|621842
27237|None|0|0|0|0|0|622001
27238|DC 33 LEGAL SERVICES PLAN|122544|0|0|0|122544|622016
27244|GMAC - 2011 CHEVROLET IMPALA|2619|0|2619|0|0|622124
27246|OHWBST|100000|100000|100000||100000|622209
27247|FORD MOTOR CORP |93841|0|26856||66985|622259
27248|Ford Credit - Automobile|2044||2044||0|622320
27249|NONE|0|0|0|0|0|622437
27250|155 WEST 46 OWNER LLC|4083985|0|73142|0|4010843|622459
27251|M&T Bank|645294|0|100565|0|544729|622474
27255|Northeastern Engineers Federal Credit Union|241911|0|15097|0|226814|623802
27256|Chase Bank|28611|0|28611|0|0|623802
27257|Chase Bank|28055|0|28055|0|0|623802
27260|OPEIU International union|28750|0|15000|0|13750|624053
27261|POWERNET BANK - AUTO LOAN|2756|0|2756|0|0|624127
27263|First State Bank|0|15178|4471||10707|624198
27264|FORD CREDIT|9291|0|1941|0|7350|624268
27265|FORD CREDIT|0|10001|1466|0|8535|624268
27266|HERGET BANK|67715|0|14814|0|52901|624275
27267|FORD MOTOR CREDIT|72355|0|17160|0|55195|624275
27268|MORTON COMM BANK|25333|0|4899|0|20434|624275
27269|AUTOSERV OF TILTON NH|21029|0|21029|0|0|624285
27270|Mortgage loan|638695|0|30836|0|607859|624325
27277|Note Payable Vehicle|33261|0|5460||27801|624752
27280|CHASE BANK|944154|0|114664||829490|624864
27281|PITNEY BOWES|2681|0|1787||894|624864
27282|NONE|0|0|0|0|0|624902
27283|FIRST BANK AND TRUST|18623|111186|52510||77299|625003
27284|ALLY|4538|0|0|4538|0|625049
27285|ALLY|28530|0|0|28530|0|625049
27286|ALLY|29093|0|0|29093|0|625049
27287|NONE|0|0|0|0|0|625116
27288|XEROX CORPORATION|5331||2446||2885|625150
27290|NONE|0|0|0|0|0|625225
27291|NONE|0|0|0|0|0|625259
27293|NONE|0|0|0|0|0|625272
27297|NONE|0|0|0|0|0|625367
27299|SUNTRUST BANK|40418339|0|40418339|0|0|625371
27300|NONE|0|0|0|0|0|625387
27301|Vehicle Loan|0|24513|0|0|24513|625431
27302|Line of Credit|25114|0|25114|0|0|625434
27303|NONE|0|0|0|0|0|625503
27305|NONE|0|0|0|0|0|625516
27306|JOHN J SEID||1086|||1086|625603
27307|Chrysler Capital|22071||2417||19654|625686
27308|Chrysler Capital|22372||2366||20006|625686
27309|Chrysler Capital|24744||4042||20702|625686
27310|Chrysler Capital|33015||33015||0|625686
27311|JOINT APPRENTICE FUND|13200||||13200|625691
27312|None|0|0|0|0|0|625774
27313|N/A|0|0|0|0|0|625870
27316|NONE|0|0|0|0|0|625909
27317|N/A|0|0|0|0|0|625939
27318|NONE|0|0|0|0|0|625940
27319|None|0|0|0|0|0|625959
27320|None|0|0|0|0|0|626009
27322|NONE|0|0|0|0|0|626085
27323|NONE|0|0|0|0|0|626139
27324|NONE|0|0|0|0|0|626142
27325|NONE|0|0|0|0|0|626143
27326|BANK OF O'FALLON MORTGAGE LOAN|86272|0|7405|0|78867|626158
27327|NONE|0|0|0|0|0|626172
27328|NONE|0|0|0|0|0|626188
27329|NONE|0|0|0|0|0|626200
27330|BANCO POPULAR DE PR|920249||47346||872903|626223
27331|COOP A&C BO. QUEBRADA|45400||3616||41784|626223
27332|XEROX-CONTRATO ARRENDAMIENTO|21167||2400||18767|626223
27333|PAC NW IRONWKRS CU|12278||3149||9129|626249
27334|NONE|0|0|0|0|0|626343
27335|PNC|0|130000|3902|0|126098|626393
27336|Chrysler|12670|449|4383|0|8736|626398
27337|S&T Bank|0|1000|0|0|1000|626398
27338|NONE|0|0|0|0|0|626421
27339|CHASE|24622|0|5706||18916|626427
27340|ALLY BANK|28209|0|7272|0|20937|626433
27341|N/A|0|0|0|0|0|626439
27342|Revolving Line of Credit|164129|139823|18294|0|285658|626448
27343|NONE|0|0|0|0|0|626512
27344|N/A|0|0|0|0|0|626543
27345|Lessor-Xerox|0|0|0|0|0|626550
27346|Lessor-Wells Fargo|26117|0|26117|0|0|626550
27347|Lessor-Presidio|91134|0|57114|0|34020|626550
27348|Lessor-Pitney Bowes|61879|0|17829|0|44050|626550
27349|Lessor-Delange|0|124509|16511|0|107998|626550
27350|Lessor-Xerox|0|223374|32211|3756|187408|626550
27351|Lessor-Presidio|0|65718|15540|0|50178|626550
27352|NONE|0|0|0|0|0|626562
27353|Automobile|0|33160|1579|0|31581|626630
27354|NONE|0|0|0|0|0|626636
27355|N/A|0|0|0|0|0|626681
27356|NONE|0|0|0|0|0|626682
27357|FIRST COLLINSVILLE BANK|0|71418|11291|0|60127|626685
27358|FIRST COLLINSVILLE BANK|0|94037|0|0|94037|626685
27359|FIRST COLLINSVILLE BANK|33350|0|33350|0|0|626685
27360|FIRST COLLINSVILLE BANK|41948|0|17955|0|23993|626685
27361|FIRST COLLINSVILLE BANK|27845|0|27845|0|0|626685
27362|NONE|0|0|0|0|0|626698
27363|Ford Motor Credit|8923||1843||7080|626705
27364|Ford Motor Credit|20140||4254||15886|626705
27365|Ford Motor Credit|17497||3866||13631|626705
27366|Ford Motor Credit|17459||3862||13597|626705
27367|Due to Affiliates|1200000||600000||600000|626705
27368|NONE|0|0|0|0|0|626731
27369|None|0|0|0|0|0|626733
27370|NONE|0|0|0|0|0|626735
27371|0|0|0|0|0|0|626736
27372|Ford Motor Credit|37569|0|32351|0|5218|626745
27374|N/A|0|0|0|0|0|626756
27381|FORD CREDIT|13249|0|13249||0|626776
27382|FORD CREDIT|0|39045|3718||35327|626776
27383|Ford Motor Credit|15148|0|3991|0|11157|626785
27384|Diamond Credit Union|13362|23564|14093|0|22833|626813
27395|MORGAN STANLEY|2255859|38656|2294515||0|626824
27398|NONE|0|0|0|0|0|626843
27407|TD Bank|178046|0|48774|0|129272|626865
27414|HORIZON BANK|658466|0|44432|0|614034|626882
27415|BB&T BANK & TRUST L/T|70372||18061||52311|626883
27416|None|0|0|0|0|0|626884
27417|NONE|0|0|0|0|0|626886
27418|NONE|0|0|0|0|0|626889
27425|Illinois Bank & Trust Auto Loans|34949|0|12717|0|22232|626896
27440|0|0|0|0|0|0|626936
27441|NONE|0|0|0|0|0|626938
27443|IBEW International Office Loan|47500|0|6000|0|41500|626949
27444|ANB Bank|0|12150|715|0|11435|626949
27445|AMALGAMATED BANK|2544841|0|0|0|2544841|626957
27446|CISCO SYSTEMS CAPITAL CORP.|0|278639|0|0|278639|626957
27447|NO.CA. CARPENTERS REGIONAL COUNCIL|2180298|0|143717|0|2036581|626964
27448|Eversource|28161|0|7347|0|20814|626992
27451|NONE|0|0|0|0|0|627007
27452|2015 CHEVY TRAVERSE AUTO LOAN|35488||5755||29733|627010
27453|ALLY FINANCIAL - L110|12866|0|12866|0|0|627013
27454|ALLY FINANCIAL - L69|12855|0|12855|0|0|627013
27455|ALLY FINANCIAL - L37|12861|0|12861|0|0|627013
27456|MORTGAGE PAYABLE|170691|0|18079|0|152612|627020
27457|None|0|0|0|0|0|627022
27458|BANK OF LABOR|769339||56235||713104|627029
27459|UNITED BUSINESS BANK LOAN|10759977||6522326||4237651|627031
27460|UBS FINANCIAL SERVICES|4924218||48665||4875553|627031
27461|PNC Bank|36698|0|36698|0|0|627040
27462|NONE|0|0|0|0|0|627053
27463|N/A|0|0|0|0|0|627054
27464|Automobile|17502|0|17502|0|0|627055
27465|NBT BANK|4560|0|4560|0|0|627061
27466|BB&T COMMERCIAL LOAN|522849|0|51324|0|471525|627063
27469|M&T BANK|27829|0|2981|24848|0|627074
27470|ALLY BANK (AUTO)|22218|0|6487|0|15731|627075
27471|Powernet Credit Union|194932|0|8813|0|186119|627078
27472|FORD MOTOR CREDIT CORP|23600|0|5409|0|18191|627080
27473|FORD MOTOR CREDIT CORP|23553|0|5398|0|18155|627080
27474|FORD MOTOR CREDIT CORP|23778|0|5449|0|18329|627080
27475|FORD MOTOR CREDIT CORP|23701|0|5925|0|17776|627080
27476|FORD MOTOR CREDIT CORP|23701|0|5925|0|17776|627080
27477|NONE|0|0|0|0|0|627084
27478|First Tennessee Bank|197018|122587|96613|0|222992|627085
27479|BANK LOAN|6633|0|6633|0|0|627092
27480|ALLY - 2015 BUICK ENCLAVE|40040|0|7745|32295|0|627101
27481|ALLY - 2016 GMC YUKON|0|52994|0|0|52994|627101
27482|NONE|0|0|0|0|0|627104
27483|Great American Capital lease on projector 60 month|47503|0|9591||37912|627110
27484|AMALGAMATED BANK OF CHICAGO|2300000|0|1200000|0|1100000|627114
27485|EAGLE BANK|865000|0|865000|0|0|627114
27486|NONE|0|0|0|0|0|627116
27487|Ford Motor Credit|36678|0|6108|0|30570|627152
27488|Ford Motor Credit|0|33798|5163|0|28635|627152
27499|Marietta JATC|38|0|38|0|0|627176
27500|1. Joe Cecconi's Chryslet Complex|11058||11058||0|627178
27501|FIRST SOUTHERN BANK|624434|0|39456||584978|627179
27502|XEROX|2374|0|1756||618|627179
27503|First Niagara|17156|0|3743||13413|627180
27505|Ally|10171||10171||0|627183
27506|Ford Credit|0|35495|5565||29930|627183
27507|CHASE AUTO FINANCE|11113||11113|0|0|627184
27508|CHASE AUTO FINANCE |0|39040|10510|0|28530|627184
27509|Ally Financial|20364|0|4526|0|15838|627187
27510|Bank of America|1180800|0|76404|0|1104396|627188
27511|Ally Financial Auto|11210|0|4082|0|7128|627188
27512|Ford Credit|16232|0|5359|0|10873|627188
27513|UFCW International Loan|173870|0|82500|0|91370|627188
27514|NONE|0|0|0|0|0|627189
27515|Ford Motor Credit|10874||5274||5600|627190
27516|Ford Motor Credit|12190||5912||6278|627190
27517|First NBC Bank|214218||9163||205055|627198
27518|NONE|0|0|0|0|0|627200
27519|N/A|0|0|0|0|0|627204
27520|NONE|0|0|0|0|0|627205
27521|United Association|250000|0|0|0|250000|627207
27522|LU 538 JATC|209502|0|209502|0|0|627207
27523|N/A|0|0|0|0|0|627208
27524|NONE|0|0|0|0|0|627212
27525|FIRST BANK OF DELAWARE|5444222||658717||4785505|627222
27526|ALLOY|21057||21057||0|627222
27527|CONSTRUCTION LOAN|3906||3906||0|627222
27528|NONE|0|0|0|0|0|627225
27529|NONE|0|0|0|0|0|627227
27531|NA|0|0|0|0|0|627229
27532|PROMISSORY NOTE|0|200000|22720|0|177280|627241
27533|WESTERB STATES OPE|51007|0|103|0|50904|627242
27534|NONE|0|0|0|0|0|627244
27535|Ford Credit|28422|0|28422|0|0|627254
27536|First NBC Bank||750000|50000||700000|627263
27537|ALLY FINANCIAL-TRUCK NOTE|6726|0|6726|0|0|627264
27538|ALLY FINANCIAL-TRUCK NOTE|0|34326|3475|0|30851|627264
27539|LAWLESS, INC.|0|24054|3140||20914|627268
27540|SAGCD|24000|0|0|0|24000|627270
27541|INTERNATIONAL |24000|0|0|0|24000|627270
27542|DUE TO OFFICERS|4223|0|4223|0|0|627270
27543|DUE TO LOCAL 1922|84589|0|3651|0|80938|627270
27544|NONE|0|0|0|0|0|627272
27545|IBEW LOCAL NO. 313|0|146036|0|0|146036|627277
27546|IBEW LOCAL NO. 313|0|121114|0|0|121114|627277
27547|IBEW LOCAL NO. 313|0|112787|0|0|112787|627277
27548|GMAC CREDIT CORPORATION|231458|0|80447|0|151011|627297
27549|INT'L BROTHERHOOD OF BOILERMAKERS|279533|0|279533|0|0|627297
27550|CHRYSLER CREDIT|21471|0|5785|0|15686|627297
27854|Duplicator Sales|911||911||0|633351
27552|BRENTWOOD BANK|1693025|0|80744|0|1612281|627297
27553|Teleconnect Lease|4034|0|1030||3004|627299
27554|NONE|0|0|0|0|0|627303
27555|NONE|0|0|0|0|0|627316
27556|NONE|0|0|0|0|0|627332
27557|BOA Investment Fund III, LLC|10612500|0|0|0|10612500|627352
27558|BOA Investment Fund III, LLC|4387500|0|0|0|4387500|627352
27559|Enterprise-Capital Lease on Vehicles|1234979|835655|541119|0|1529515|627352
27560|Ally Bank - Auto Loan|6976|0|828|6148|0|627361
27561|Ally Bank - Auto Loan|0|35852|3656||32196|627361
27563|Not Applicable|0|0|0|0|0|627368
27564|NONE|0|0|0|0|0|627380
27565|ALLY BANK|131584|0|85583|0|46001|627390
27566|MORTGAGE PAYABLE|1350000||500000||850000|627404
27568|NONE|0|0|0|0|0|627447
27569|Line of Credit, M&T Bank|4403|6046|10449|0|0|627458
27570|Ally Bank - Auto loan|27446|0|6289||21157|627465
27571|PowerNet Credit Union|54923|16504|10523|0|60904|627471
27572|NONE|0|0|0|0|0|627475
27573|Bank of Labor|155634|150000|17152|0|288482|627477
27574| NO. CA CARPENTERS REGIONAL COUNCIL |1694781|0|52493|0|1642288|627482
27575|CREDIT CARDS|9904|14763|9904||14763|627498
27576|NONE|0|0|0|0|0|627503
27577|Commerce Bank |1341994||55645||1286349|627507
27578|FORD MOTOR CREDIT|40675|0|7898|0|32777|627509
27579|FORD MOTOR CREDIT|30094|0|9181|0|20913|627509
27580|FORD MOTOR CREDIT|25710|0|1246|24464|0|627509
27581|FORD MOTOR CREDIT|0|41636|6465|0|35171|627509
27582|T.D. BANK|0|270000|0|0|270000|627509
27583|PNC Bank Term Loan $90K|31253|0|31253|0|0|627510
27584|PNC Bank Term Loan $500K|349643|0|99897|0|249746|627510
27585|Ally Financial Auto Loan|37266|0|37266|0|0|627510
27586|NONE|0|0|0|0|0|627517
27587|Commumity Bank|32456|0|14736|0|17720|627520
27588|NONE|0|0|0|0|0|627550
27589|Citibank|66000000|0|14455000||51545000|627551
27590|NONE|0|0|0|0|0|627567
27591|NONE|0|0|0|0|0|627570
27592|Ford Credit|0|22646|5781|0|16865|627573
27593|Bank of Labor|534395|0|20845|0|513550|627573
27594|CLEARVIEW FCU|87123|0|23670|0|63453|627577
27595|CREDIT CARD BALANCES|5064|6715|5064||6715|627580
27596|UNCLAIMED VACATION FUND CHECKS|8051|0|0|0|8051|627580
27597|WESBANCO|0|229618|0|0|229618|627590
27598|Bryn Mawr Trust Bank|50516|55000|10162|0|95354|627612
27599|Bank of Labor|748627|0|220742||527885|627614
27601|none|0|0|0|0|0|627622
27604|JP MORGAN|489375|32349039|30288814|0|2549600|627628
27605|NONE|0|0|0|0|0|627629
27606|N/A|0|0|0|0|0|627635
27607|US BANCORP EQ FINANCE|664||664||0|627637
27608|RBS Citizens Bank|490000||490000||0|627652
27609|Chrysler Capital|110165||20017||90148|627652
27610|BANK OF AMERICA CREDIT CARDS-NET|5330|1769|||7099|627670
27611|LEASE BUYOUT PAYABLE|13974||10614||3360|627670
27612|CAR LOANS|22149||22149||0|627670
27613|REC FUND PAYABLE|0|1300|||1300|627670
27614|Ford Financial|0|59441|6935|0|52506|627682
27615|Chrysler Financial|0|47430|6926|0|40504|627682
27616|Ally Financial|28762|63911|29767|0|62906|627682
27617|N/A|0|0|0|0|0|627690
27620|NONE|0|0|0|0|0|627711
27622|KONICA MINOLTA|9735||3658||6077|627750
27623|TEXAS GULF BANK|45929||45929||0|627768
27624|Ally|3685|0|3685|0|0|627770
27625|Ally|5437|0|5437|0|0|627770
27626|Regions|784328|0|784328|0|0|627770
27627|Regions|891238|0|51902|0|839336|627770
27628|F&M|341777|0|341777|0|0|627770
27629|Ally|34701|0|34701|0|0|627770
27630|F&M|296000|0|296000|0|0|627770
27631|Pinnacle|30000|0|30000|0|0|627770
27632|Regions|183414|0|183414|0|0|627770
27633|Regions|200552|0|200552|0|0|627770
27634|F&M|70530|0|70530|0|0|627770
27635|Regions|0|2229209|43096|0|2186113|627770
27636|Regions|0|644000|266104|0|377896|627770
27637|Capital Lease Obligation||3712|1278||2434|627798
27640|AUTOMOBILE LOANS|74448|0|44455|10209|19784|627869
27641|First Mid-Illinois Bank|12747|0|5325||7422|627870
27643|JP Morgan Chase|207776||102686||105090|627886
27646|PowerNet Credit Union |24067|0|12321|0|11746|627908
27647|Pitney Bowes Equipment Lease|26379|0|11184|0|15195|627924
27648|Mortgage|43903|0|10275|0|33628|627931
27649|Automobile|14641|0|7189|0|7452|627931
27653|NONE|0||||0|628029
27656|N/A|0|0|0|0|0|628372
27657|Auto Installment Loan|19829||19829||0|628494
27660|FORD CREDIT|175829|0|45295|87772|42762|628672
27663|East Side Neighborhood Dev.|1571|||1571|0|628732
27664|N/A|0|0|0|0|0|628759
27666|Auto Loans|34313|0|15540|2718|16055|628826
27667|RWDSU|0|60000|1179|0|58821|628826
27668|ALLY|2221|0|2221|0|0|628827
27669|ALLY|2221|0|2221|0|0|628827
27670|ALLY|16880|0|5521|0|11359|628827
27671|NOTE PAYABLE - M&M AUTO|21797||6703||15094|628831
27672|CREDIT CARD PAYABLE|8897||8897||0|628831
27673|Citizens One - Auto Loan|27913||5883||22030|628837
27683|0|0|0|0|0|0|628892
27698|Ford Motor Credit Company|38741|0|20152|0|18589|629059
27699|TD Auto Finance, LLC|1119|0|1119|0|0|629059
27700|Car Loan|8342|0|8342||0|629159
27701|FEDERAL EDUC ASSOC|0|14000|0|0|14000|629164
27702|Not Applicable|0|0|0|0|0|629242
27703|UBS|170461||170461||0|629311
27704|FORD CREDIT|0|22707|8515|0|14192|629368
27705|Ally Financial|11759|0|11759|0|0|629400
27708|N/A|0|0|0|0|0|629474
27710|Clay CEA Service Unit||984|984||0|629525
27711|Big Bend Central Panhandle||1276|1276||0|629525
27717|Total Loans Payable|0|0|0|0|0|629655
27722|Ford Credit|9594|0|5929|0|3665|629781
27723|Ford Credit|16319|0|5869|0|10450|629781
27724|0|0|0|0|0|0|629784
27726|NO LOANS|||||0|629863
27727|Advanced Dues from National|25100|150600|175700|0|0|629929
27728|PEOPLES NATIONAL BANK|19384|0|5897|0|13487|629933
27729|Automobile Loan|21542|0|3483|0|18059|629937
27730|ILLINOIS NATIONAL BANK|29692|0|7994|0|21698|629939
27731|Citizens One|0|22510|2201||20309|629954
27732|Riverside Line of Credit|80000|0|80000|0|0|629955
27733|CWA WASHINGTON, DC|281434|0|11501|0|269933|630000
27734|Certificate payable |3350|0|0|0|3350|630103
27735|FORD MOTOR CREDIT|16894||5631||11263|630114
27736|FORD MOTOR CREDIT|37514||8827||28687|630114
27737|N/A|0|0|0|0|0|630121
27738|NONE|0|0|0|0|0|630172
27739|National Basketball Players Association|0|322823|0|322823|0|630175
27740|UnionTrack|0|200500|60500|0|140000|630281
27741|Marlin Leasing Corp|36571|0|21694||14877|630289
27742|Chrysler Capital|0|22701|22701||0|630289
27743|Chrysler Capital|0|25664|25664||0|630289
27744|First NBC|0|22747|1739||21008|630289
27745|First NBC|0|25696|1965||23731|630289
27746|Capital Lease (Xerox x7525)|4005|0|2806|0|1199|630294
27748|FORD CREDIT|24313|30320|54633|0|0|630312
27749|ALLY FINANCIAL |10306|0|10306|0|0|630312
27750|Regions|70116||8500||61616|630344
27751|Regions|38990||0||38990|630344
27752|CWA - National|247684|0|2949|0|244735|630354
27753|East Boston Savings Bank|61267|0|20070|0|41197|630359
27754|NONE|0|0|0|0|0|630360
27755|AUTOMOBILE INSTALLMENT LOAN|8167||4900||3267|630377
27756|KONICA MINOLTA PREMIER FINANCE|260445||163388||97057|630409
27757|KONICA MINOLTA|75382||24187||51195|630409
27758|CAROUSEL INDUSTRIES||328763|37641||291122|630409
27759|DUE TO NATIONAL|413078|0|413078|0|0|630414
27760|DUE TO WASHINGTON  NATIONAL STRIKE FUND|0|1176979|0|0|1176979|630414
27761|CWA INTERNATIONAL|824080||31793||792287|630423
27763|None|0|0|0|0|0|630498
27764|CWA NATIONAL|190721|||3029|187692|630503
27772|NONE|0|0|0|0|0|630527
27773|CTU LOCAL 101-12|50563|84859|96823|0|38599|630531
27774|WASH TYPO FED CR UN|0|30000|0|0|30000|630531
27778|N/A|0|0|0|0|0|630536
27979|NP|17515|34912|16183||36244|636290
27783|US BANK NA|16670|0|4601|0|12069|630543
27788|None|0|0|0|0|0|630557
27789|SOUTHSIDE BANK|5434|0|5434|0|0|630560
27790|SOUTHSIDE BANK|35984|0|7436|0|28548|630560
27791|DELL BUSINESS CREDIT|3036|325|1200|0|2161|630560
27792|SOUTHSIDE BANK|0|23531|1829|0|21702|630560
27793|CWA INTERNATIONAL|0|212000|5935|0|206065|630579
27794|NOT APPLICABLE|0|0|0|0|0|630581
27795|260 PARK AVENUE REALTY CORP|41234767|0|30134|10560|41240487|630585
27796|49 EAST 21 COMPANY, INC.|8433327|0|0|2800|8433327|630585
27797|CWA NATIONAL|696947|0|0|30814|666133|630595
27798|Union Yes FCU - Line of Credit|21448|100000|28389||93059|630596
27799|CWA AFL-CIO, CLC National Union|610491|0|52822|0|557669|630646
27800|N/A|0|0|0|0|0|630655
27801|PROMISSORY NOTE CWA INT'L|95758|0|4891|0|90867|630656
27802|MORTGAGE PAYABLE|59130|0|2617|0|56513|630739
27804|0|0|0|0|0|0|630930
27805|Columbia Bank|28188||28188||0|630998
27806|International Union|64131|0|6408||57723|631053
27810|Automobile|22661|0|7077||15584|631088
27811|Automobile|6707|0|2477||4230|631088
27812|Automobile|19865|0|5114||14751|631088
27813|No Loans during the period|0|0|0|0|0|631106
27820|Brotherhood Bank and Trust|3138313|0|267698|2870615|0|631572
27821|NO LOANS PAYABLE |0|0|0|0|0|631840
27827|None|||||0|632089
27828|None|0|0|0|0|0|632165
27836|Bank of Springfield|1865386|0|76160||1789226|632240
27837|N/A|||||0|632278
27838|CWA INTERNATIONAL|65160|0|10887|0|54273|632354
27842|None|0|0|0|0|0|632635
27843|FNB Bank|196000|0|12000||184000|632786
27844|Ford Motor Credit|8218|0|3864||4354|632786
27847|FORD EXPLORER AUTO LOAN|14599|0|6257|0|8342|633077
27848|FORD TAURUS AUTO LOAN|14455|0|5410|0|9045|633077
27849|GMC TERRAIN AUTO LOAN|20234|0|6365|0|13869|633077
27850|JEEP PATRIOT AUTO LOAN|12658|0|2725|0|9933|633077
27851|None|0|0|0|0|0|633126
27852|NONE|0|0|0|0|0|633144
27855|Ford Credit|34203||8720||25483|633351
27856|Ford Credit|34180||7739||26441|633351
27857|none|0|0|0|0|0|633379
27858|None|0|0|0|0|0|633434
27859|ALLY BANK|6540|0|6540|0|0|633435
27860|ALLY BANK|6735|0|6735|0|0|633435
27861|ALLY BANK|7518|0|7518|0|0|633435
27862|TEAMSTERS CREDIT UNION|0|146842|7347|0|139495|633435
27863|Ally|5820|0|5820|0|0|633452
27864|First National Bank|32386|34000|22301||44085|633458
27865|MORTGAGE 150 HARTWELL ST W. BOYLSTON, MA|575098||35355||539743|633578
27866|AUTO LOAN|9886||3432||6454|633578
27867|AUTO LOAN|20706||4065||16641|633578
27868|LOCAL 4 JOINT APPRENTICE COMMITTEE|24621|||18675|5946|633578
27869|n/a|0|0|0|0|0|633731
27870|FORD CREDIT|0|21586|1568|0|20018|633733
27871|ALLY BANK|29567|39106|35708|0|32965|633733
27872|NONE|0|0|0|0|0|633808
27873|Key Bank|0|10000|10000|0|0|633821
27874|NJ STATE FRATERNAL ORDER OF POLICE|251946||1500||250446|633826
27875|INVESTORS BANK|4395||4395||0|633826
27876|NONE|0|0|0|0|0|633831
27878|NONE|0|0|0|0|0|633864
27879|AMERICAN NATIONAL BANK|249673|0|39333|0|210340|633894
27880|PLATINUM LEASING|11647|0|3230||8417|633921
27881|NONE|0|0|0|0|0|633971
27882|PNC BANK LOUISVILLE, KY|8489|0|4937|0|3552|634088
27883|None|0|0|0|0|0|634091
27884|APPLICATION SOFTWARE|1779|0|1779|0|0|634137
27885|N/A|0|0|0|0|0|634152
27886|ALLY FINANCIAL|24543||9891||14652|634190
27887|ALLY FINANCIAL|24751||9972||14779|634190
27888|ALLY FINANCIAL|23834||8382||15452|634190
27889|ALLY FINANCIAL|26238||8540||17698|634190
27890|NONE|0|0|0|0|0|634265
27891|none|0|0|0|0|0|634286
27892|Ally|22801|19598|5489|0|36910|634336
27893|M&T Bank|7384|0|4141|0|3243|634336
27896|M&T Bank|830458|0|58915|0|771543|634368
27897|Owed to Other Funds|11959|49843|11959||49843|634368
27899|Five Star Credit Union|1350223||302629||1047594|634572
27900|UNION YES FEDERAL CREDIT UNION|20658||8048||12610|634577
27901|VISA - CREDIT CARD|5836|1092|||6928|634577
27902|FORD CREDIT|17910|0|5251||12659|634600
27904|Ford Motor Credit|11974|0|11974|0|0|634603
27905|ALLY FINANCIAL|34580|0|11429||23151|634604
27906|N/A|0|0|0|0|0|634610
27907|Chevy Silverado|18854|0|7789|0|11065|634640
27908|METROPOLITAN CREDIT UNION|215022|0|215022|0|0|634645
27909|Laborers Local 1098|56288|0|5585|0|50703|634647
27910|Laborers Local 355|56288|0|5585|0|50703|634647
27911|Laborers Local 1076|56288|0|5585|0|50703|634647
27912|Laborers Local 499|56288|0|5585|0|50703|634647
27980|0|0|0|0|0|0|636305
27913|Laborers Local 1191|56288|0|5586|0|50702|634647
27914|Laborers Local 1329|56289|0|5587|0|50702|634647
27915|HUNTINGTON BANK|13000||13000||0|634649
27916|n/a|0|0|0|0|0|634652
27917|NONE|0|0|0|0|0|634790
27918|NONE|0|0|0|0|0|634805
27919|NONE|0|0|0|0|0|634885
27920|VINTON COUNTY BANK|133505||11441||122064|634892
27921|WORDERS UNITED|85317|0|0|0|85317|634915
27922|BANK OF AMERICA|6947459|0|411068|0|6536391|634959
27923|none||||0|0|634962
27924|NONE|0|0|0|0|0|634984
27925|MORTGAGE PAYABLE - M&T|333345|0|27355|0|305990|634992
27926|AUTO LOAN|5363|0|1458|0|3905|634992
27927|TEAMSTERS CREDIT UNION|0|38742|6155|0|32587|635057
27928|FIRST TN BANK NATL ASSOC|0|38524|898||37626|635071
27932|Auto Loan Payable|33786|0|8814|0|24972|635164
27933|RWDSU NATIONAL|142634||13489||129145|635245
27938|NONE|0|0|0|0|0|635363
27939|n/a|0|0|0|0|0|635367
27940|FORD CREDIT|9070|0|8795|275|0|635400
27941|FORD CREDIT|9100|0|8838|262|0|635400
27942|ALLY BANK AUTO LOAN|19373|0|4559|0|14814|635400
27943|NONE|0|0|0|0|0|635406
27944|NONE|0|0|0|0|0|635407
27945|INTERNATIONAL UNION,UAW|0|0|0|0|0|635421
27946|None|0|0|0|0|0|635449
27947|N/A|0|0|0|0|0|635464
27948|Wells Fargo|0|69000|0|0|69000|635477
27949|COMMUNITY BANK 3.13%-4.07%|187531|61938|98803|0|150666|635485
27950|Ameriserv Financial Bank|207358||14708||192650|635535
27951|First National Bank of Pennsylvania|0|48935|4722||44213|635535
27952|ALLY AUTO|22178|0|22178|0|0|635584
27953|ALLY AUTO|0|22770|2136|0|20634|635584
27954|ALLY AUTO|0|27217|0|0|27217|635584
27955|FORD CREDIT|23681|0|5684||17997|635628
27956|Notes Payable-Autos|13924||10092||3832|635637
27957|CWA NATIONAL|133663||9679||123984|635663
27958|KUBOTA CREDIT|15967||4673||11294|635709
27959|000|0|0|0|0|0|635800
27962|NONE|0|0|0|0|0|635850
27963|NONE|0|0|0|0|0|636005
27964|NONE|0|0|0|0|0|636047
27965|UNION BANK & TRUST|167681|0|13815|0|153866|636048
27966|Mortgage Note|306507||18437||288070|636069
27967|Construction loan|138179||7969||130210|636069
27968|Vehicle Loans|374993|25451|400444||0|636069
27969|NONE|0|0|0|0|0|636071
27970|NONE|0|0|0|0|0|636095
27971|NONE|0|0|0|0|0|636099
27973|NONE|0|0|0|0|0|636124
27974|First NBC Bank||400000|400000||0|636152
27975|0|0|0|0|0|0|636171
27976|Loans Payable on Building|541702|0|58128|4873|478701|636178
27977|OPEIU International Union|32325|0|18480|0|13845|636196
27978|IBEW Credit Union|388492|0|17599|0|370893|636196
27981|Toledo Postal Employees Credit Union|87482||9986||77496|636333
27982|NONE|0|0|0|0|0|636337
27983|ALLY BANK - CAR LOAN|17071|0|17071|0|0|636357
27984|N/A|0|0|0|0|0|636360
27986|PNC BANK|0|125000|6455|0|118545|636373
27987|FORD MOTOR COMPANY|800|54621|5112|0|50309|636388
27989|Copier lease buyout|0|6083|4739|0|1344|636411
27990|SunTrust Bank|388510|0|11913||376597|636513
27991|0|0|0|0|0|0|636527
27992|NONE|0|0|0|0|0|636541
27993|National Grid|0|41542|17309|0|24233|636557
27994|NONE|0|0|0|0|0|636592
27995|Northside Bank|52162|0|5488|0|46674|636612
27996|Ford Motor Credit Company|22820|0|6318|0|16502|636633
27997|Ford Credit #17||19923|553||19370|636648
27998|Ford Credit #14|20674||8504||12170|636648
27999|Ford Credit #15|24804||10630||14174|636648
28000|Chryler Credit #16||33671|8892||24779|636648
28001|Chryler Credit #11|9775||9775||0|636648
28002|Ford Credit #12|7012||7012||0|636648
28003|Ford Credit #13|7012||7012||0|636648
28004|FORD MOTOR CREDIT COMPANY|16974|0|7005|0|9969|636691
28005|FORD MOTOR CREDIT|11906|0|0|11906|0|636700
28006|NONE|0|0|0|0|0|636720
28007|1st Community Bank|148174|0|2464|0|145710|636755
28008|JP MORGAN CHASE|0|250125|5804|0|244321|636775
28009|M & T BANK|290000|0|60000|0|230000|636781
28010|NONE|0|0|0|0|0|636788
28013|Key Bank|83170||83170||0|636834
28014|UA Local 73|825709||23295||802414|636834
28015|Alley|11987||8379||3608|636834
28016|NBT Bank|0|300000|3424||296576|636834
28024|Chase Bank|484800|0|57600|0|427200|636873
28025|Chrysler Financial|33954|0|13582|0|20372|636889
28026| Enterprise Bank|366165|0|366165|0|0|636889
28027|0|0|0|0|0|0|636890
28028|SEIU INTL. UNION|300000|0|0||300000|636893
28029|A. Soter car loan|36610|0|7988|0|28622|636897
28030|P. Carroll car loan|37595|0|8202|0|29393|636897
28031|PNC Bank|76492|0|9640|0|66852|636911
28032|Auto Loan Payable-Ally|33302|0|7027|0|26275|636931
28033|Auto Loan Payable-Union Yes FCU|128136|0|28972|0|99164|636931
28034|Notes Payable-Autos|11168|22671|9847|0|23992|636994
28035|421743|360310|0|32511|0|327799|636996
28036|OPCMIA|211950|0|30000|0|181950|637005
28037|Automobile loan|8695|0|8695|0|0|637029
28038|None|0|0|0|0|0|637032
28039|None|0|0|0|0|0|637033
28040|n/a|0|0|0|0|0|637091
28041|Huntington Bank Loan|150740||8226||142514|637099
28042|DE LAGE LANDEN|22469||5184||17285|637148
28043|EVERBANK COMMERCIAL|13687||2952||10735|637148
28044|WELLS FARGO|0|61294|1628||59666|637148
28045|WELLS FARGO|29224||18726|10498|0|637148
28046|MAILFINANCE|32126||10295||21831|637148
28047|NONE|0|0|0|0|0|637150
28048|NONE|0|0|0|0|0|637158
28049|Ford Credit|0|25980|13052||12928|637179
28050|Ford Credit|0|18174|18174||0|637179
28052|International Union, UAW|176079|0|39628||136451|637234
28053|N/A|0|0|0|0|0|637258
28054|0|0|0|0|0|0|637280
28055|NONE|0|0|0|0|0|637281
28056|NONE|0|0|0|0|0|637332
28057|None|0|0|0|0|0|637362
28058|.|||||0|637376
28059|CHRYSLER CAPITAL|0|36079|3798|0|32281|637418
28060|Auto Loan Ford Fusion Grey|4918||3863||1055|637435
28061|Auto Loan Ford Fusion Bordeaux|4892||4192||700|637435
28062|Auto Loan Ford Explorer 2016|57209||11442||45767|637435
28063|Auto Loan Ford Explorer 2017||46235|963||45272|637435
28064|FORD CREDIT|19760|0|5646|0|14114|637437
28065|CHASE AUTO FINANCE|32097|0|5822|0|26275|637437
28066|FORD CREDIT|28187|0|5513|0|22674|637437
28067|FORD CREDIT|0|34230|3279|0|30951|637437
28068|LINE OF CREDIT|392608|19604|78465|0|333747|637442
28069|ALLY AUTO LOAN|20540|0|5388|0|15152|637442
28070|LINCOLN AUTO FINANCIAL SERVICES|15234||2999|12235|0|637446
28071|LINCOLN AUTO FINANCIAL SERVICES||22161|3586||18575|637446
28072|NONE|0|0|0|0|0|637495
28073|Ford Motor Credit|20417||6145||14272|637514
28074|Ford Motor Credit|4783||4783||0|637514
28075|NONE|0|0|0|0|0|637518
28076|CHASE AUTO FINANCE|26289||7839|18450|0|637520
28077|CHASE AUTO FINANCE|0|51920|527|0|51393|637520
28078|Sheet Metal Workers Local #80|1584372|48985|0|0|1633357|637545
28079|Sheet Metal Workers Local #80|368536|0|77441|0|291095|637545
28080|RC Cubed|0|105275|343||104932|637548
28081|Empire Bank|9325||5043||4282|637560
28082|NONE|0|0|0|0|0|637565
28083|NO LOANS|0|0|0|0|0|637568
28084|PRINTER LEASE|0|12500|1296|0|11204|637569
28085|Credit Card Payable-VISA|574|490|574|0|490|637572
28086|Credit Card Payable-VISA|0|84|0|0|84|637572
28087|Houston Musicians Fed Credit Union|47289|0|19785|0|27504|637572
28088|Vacation Fund|74553|66777|74553|0|66777|637577
28341|AUTO LOAN ALLY|34006|0|15430||18576|639817
28099|TD BANK|75525|0|75525|0|0|637635
28100|GRANITE CITY STEEL CREDIT UNION|53080|0|16018|0|37062|637638
28101|GM Financial|72975|0|14595|0|58380|637656
28102|Ally|0|28096|0|0|28096|637656
28103|Ford Motor Credit|24930|0|5440|0|19490|637657
28104|Ford Motor Credit|10333|0|2368|0|7965|637657
28105|CHRYSLER CAPITAL|0|16593|16593||0|637677
28106|NE TEAMSTERS FCU|109973|0|24737||85236|637712
28107|Verizon Wireless|0|1300|244|0|1056|637733
28108|FORD MOTOR CREDIT CO.|184489|29641|95508|0|118622|637809
28109|Auto Loan - Ally Bank|16890|0|0|16890|0|637815
28110|Auto Loan - Ally Bank|14913|0|3261|0|11651|637815
28111|Auto Loan - Ally Bank|27614|0|4208|0|23405|637815
28112|Auto Loan - Ally Bank|26371|0|4021|0|22350|637815
28113|Auto Loan - Ally Bank|10943|0|4081|0|6864|637815
28114|AUTO LOAN|12963|0|6274|0|6689|637840
28115|NONE|0|0|0|0|0|637856
28116|IMCU Operating Loan ($25,000 CD Collateral)|6298||3662||2636|637858
28117|IMCU 2010 Lincoln MKZ|6778||4996||1782|637858
28118|Star Financial Line-of-Credit (Bldng Collateral)|7367||5525||1842|637858
28119|IMCU 2006 Buick Lucerne|4461||2314||2147|637858
28120|ALLY GMAC|102164|0|15595|0|86569|637862
28121|TELEPHONE SYSTEM LEASE|6081|0|1403|0|4678|637862
28122|RICHLAND BANK|0|22569|3779|0|18790|637868
28123|NONE|0|0|0|0|0|637879
28124|NONE|0|0|0|0|0|637880
28134|Ford Motor Credit|37591|0|24338|0|13253|637926
28137|Labor Organization|20000|0|0||20000|637934
28138|GMAC/CHRYSLER FINANCIAL|74675|0|19943|0|54732|637939
28139|FORD FINANCIAL|9900|0|5256|0|4644|637939
28140|UFCW Strike Fund|137812||4286||133526|637944
28141|PER CAPITA LOAN|8282|0|8282|0|0|637948
28142|IBERIABANK LINE OF CREDIT|10463|18221|25562||3122|637962
28143|CHRYSLER CAPITAL|51527||16345||35182|637971
28144|First Citizens Bank|554032|0|0|554032|0|637976
28145|N/A|0|0|0|0|0|637977
28146|Horizon Bank|12576|0|2428|0|10148|637981
28147|Horizon Bank|12079|0|3383|0|8696|637981
28148|Horizon Bank|13524|0|2471|0|11053|637981
28149|Horizon Bank|13888|0|2367|0|11521|637981
28150|Horizon Bank|16108|0|4234|0|11874|637981
28151|Horizon Bank|13279|0|2520|0|10759|637981
28152|Horizon Bank|14078|0|2557|0|11521|637981
28153|Horizon Bank|0|18979|2602|0|16377|637981
28154|Horizon Bank|0|15800|2194|0|13606|637981
28155|Horizon Bank|0|15400|4533|0|10867|637981
28156|Horizon Bank|0|68143|7910|0|60233|637981
28157|Horizon Bank|65000|60000|25000|0|100000|637981
28158|Horizon Bank|48713|0|48713|0|0|637981
28159|Horizon Bank|12617|0|12617|0|0|637981
28160|Horizon Bank|12617|0|12617|0|0|637981
28161|Horizon Bank|13279|0|13279|0|0|637981
28162|NONE|0|0|0|0|0|638011
28163|Ally Financial|21171||21171||0|638013
28164|Ally Financial|39754||14908||24846|638013
28165|Ford Motor Credit|48962||9631||39331|638013
28166|0|0|0|0|0|0|638018
28167|COMERICA BANK|516860|0|516860|0|0|638122
28168|MECHANICS SAVINGS BANK|41068|41894|37724||45238|638125
28169|CONECTIVITY POINT|6791|0|2264||4527|638125
28171|Wells Fargo (auto loan)|0|28718|1296|0|27422|638138
28173|Tulsa Federal Credit Union|39193|0|4412||34781|638174
28174|TRADESMAN COMMUNITY CREDIT UNION|10196|0|5535|0|4661|638188
28175|NONE|0|0|0|0|0|638213
28176|Roofers Local Property Company|315982|0|3600||312382|638223
28177|FORD CREDIT|0|141105|11759|0|129346|638230
28178|Car Loan|20956|0|4568|0|16388|638236
28179|OHIO TEAMSTERS CREDIT UNION|12945|31317|16334|0|27928|638245
28180|OHIO TEAMSTERS CREDIT UNION|13397|35030|17305|0|31122|638245
28181|OHIO TEAMSTERS CREDIT UNION|13767|31578|17289|0|28056|638245
28182|ACCOUNTS PAYABLE|6145|0|6145|0|0|638245
28183|LOANS PAYABLE - FIRST COMMONWEALTH|382771|0|18518|0|364253|638253
28184|LOANS PAYABLE - URA|175123|0|9199|0|165924|638253
28185|ALLY FINANCIAL BANK|8430|0|8430|0|0|638269
28188|US AmeriBank|61025|0|7000|0|54025|638292
28186|Ameriserve #1 Tech Center|0|8449200|0|0|8449200|638290
28187|Ameriserve #2 Tech Center|0|5888453|0|0|5888453|638290
28189|NONE|0|0|0|0|0|638312
28190|Ally Auto|2767|0|2767|0|0|638319
28191|Ally Auto|28968|0|11165|0|17803|638319
28192|ALLY CREDIT|132708|0|55552|0|77156|638324
28193|INVESTORS BANK|53|0|53|0|0|638324
28194|TD BANK|9436|0|9436|0|0|638324
28195|M&T BANK|10876|0|10876|0|0|638324
28196|WELLS FARGO|34200|0|7200|0|27000|638324
28198|Blackhawk Bank |1948166|29068|421738|0|1555496|638346
28199|CIT|0|14146|1873||12273|638350
28200|MORTG-1ST SECURITY BANK OF WA|25462||25462||0|638383
28201|PIERCE TRANSIT PAYABLE-NET CHANGE|23828|12787|||36615|638383
28202|CREDIT CARDS-NET CHANGE|2505|768|||3273|638383
28203| ||||||638405
28204|Brotherhood Bank|253948|0|253948|0|0|638418
28206|CHRYSLER CAPITAL|15252||3228||12024|638445
28207|The Finishing Trades Institute of New York|112698|0|8501|0|104197|638449
28208|Union Bank and Trust|379096||20819||358277|638456
28211|NONE|0|0|0|0|0|638464
28212|Ford Credit|29009|0|29009||0|638466
28216|NONE|0|0|0|0|0|638561
28219|NONE|||||0|638582
28220|NE TEAMSTERS FCU|25871|22545|17753||30663|638590
28221|FIRST NIAGARA|13587||3601||9986|638590
28222|N/A|0|0|0|0|0|638593
28223|AUTO LOAN - ALLY|2426|0|2426|0|0|638610
28224|AUTO LOAN - ALLY|16828|0|3829|0|12999|638610
28225|AUTO LOAN - ALLY|17472|0|3976|0|13496|638610
28226|AUTO LOAN - ALLY|17786|0|4048|0|13738|638610
28227|AUTO LOAN - ALLY|19376|0|4551|0|14825|638610
28228|Burke and Herbert Line of Credit|250000|600000|601000|0|249000|638616
28229|NONE|0|0|0|0|0|638618
28233|0|0|0|0|0|0|638645
28234|Line of Credit - Associated Bank|18986|0|18986|0|0|638649
28236|Bank of the Ozarks||98944||98944|0|638673
28237|Building Loans|116754|0|0|0|116754|638689
28238|NONE|0|0|0|0|0|638697
28240|None|0|0|0|0|0|638704
28242|NONE|0|0|0|0|0|638729
28243|SERRAMONTE FORD|6815|0|6815|0|0|638738
28245|none|0|0|0|0|0|638747
28246|MAILROOM CONSULTANTS|15269|0|3633|0|11636|638773
28247|MAILROOM CONSULTANTS|3377|0|3377|0|0|638773
28248|CANON FINANCIAL SERVICES, INC.|13310|0|3744|0|9566|638773
28249|Elmira Savings Bank|375049|0|13813|0|361236|638788
28250|STREDC|489987|0|24115|0|465872|638788
28251|Avaya Capital Lease|6834|0|1613|0|5221|638788
28252|FORD MOTOR CREDIT CORP|26974|0|5780|0|21194|638800
28254|N/A|0|0|0|0|0|638856
28256|None|0|0|0|0|0|638881
28257|none|0|0|0|0|0|638927
28258|NONE|0|0|0|0|0|638929
28259|Peoples National Bank|44493|0|6126|0|38367|638938
28260|NOT APPLICABLE|0|0|0|0|0|638939
28261|FORD CREDIT|32331||13678||18653|638948
28262|ALLY|0|18064|18064||0|638948
28263|Ford Motor Credit|43639|0|12178|0|31461|638949
28264|NONE|0|0|0|0|0|638986
28265|Installment Notes|16260|46446|20859||41847|638998
28266|Auto- 2017 Ford Escape|0|14992|0|0|14992|639009
28267|Chase|7700||7700||0|639016
28268|NONE|0|0|0|0|0|639039
28269|PNC BANK MORTGAGE|246667|0|8074|0|238593|639043
28270|M&T Bank - Auto Loans|42132|0|7810|0|34322|639058
28271|NONE|0|0|0|0|0|639067
28272|None|0|0|0|0|0|639070
28273|CITY OF CLEVELAND|54958||54958||0|639088
28274|FORD CREDIT|15232||15232||0|639088
28275|NONE|0|0|0|0|0|639100
28276|NONE|0|0|0|0|0|639106
28277|Credit Union|29913|0|1945|27968|0|639107
28278|LONGO LEXUS|7278||7278||0|639132
28279|NONE|0|0|0|0|0|639203
28280|NONE|0|0|0|0|0|639205
28281|RANGE BANK #820050|0|35484|10440|0|25044|639242
28282|RANGE BANK #822593|0|29568|2340|0|27228|639242
28283|Media Members FCU|14599|0|14599|0|0|639245
28284|SEIU International|375000|0|0|0|375000|639267
28285|COMMUNITY BANK|19961|0|6828|0|13133|639272
28286|FORD MOTOR CREDIT|0|38185|38185|0|0|639279
28287|FORD MOTOR CREDIT|0|39500|39500|0|0|639279
28288|FORD MOTOR CREDIT|0|39000|39000|0|0|639279
28289|FORD MOTOR CREDIT|0|24184|24184|0|0|639279
28294|N/A|0|0|0|0|0|639307
28296|CHRYSLER CAPITAL|17573|0|8070|0|9503|639339
28297|CHRYSLER CAPITAL|18485|0|8489|0|9996|639339
28298|NONE|0|0|0|0|0|639371
28299|N/A|0|0|0|0|0|639398
28300|Ford Credit|148164|95019|52636||190547|639432
28301|No loans exist|0||||0|639433
28303|GM FINANCIAL|15377|0|15377|0|0|639437
28304|Ally Bank|33339||4889|28450|0|639441
28305|Ford Motor Credit||45029|527|0|44502|639441
28307|FIRST NATIONS BANK|94027|0|94027|0|0|639464
28308|None|0|0|0|0|0|639473
28310|Huntington Loan|34373||8569||25804|639541
28311|Old Second National Bank|1362342|0|66669|0|1295673|639571
28312|FORD MOTOR CREDIT CO.|104434|74736|68867|0|110303|639572
28313|CHRYSLER CAPITAL|53068|0|33008|0|20060|639572
28314|ALLY|29854|0|11933||17921|639573
28315|ALLY BANK|6109|0|6109|0|0|639581
28316|FORD MOTOR CREDIT|7468|0|3943|3525|0|639581
28317|LINCOLN AUTOMOTIVE FINANCIAL|0|23626|1025|0|22601|639581
28318|EAST BOSTON SAVINGS BANK|0|36500|6523|0|29977|639581
28319|FORD MOTOR CREDIT|22940|0|22940|0|0|639602
28320|FORD MOTOR CREDIT|27983|0|27983|0|0|639602
28321|FORD MOTOR CREDIT|0|16907|0|0|16907|639602
28322|FORD MOTOR CREDIT|0|32642|0||32642|639602
28323|NONE|0|0|0|0|0|639607
28324|NONE|0|0|0|0|0|639630
28325|RBS Citizens-Car Notes|0|154774|||154774|639632
28326|LINE OF CREDIT - BANK OF AMERICA|1432411|0|227725|0|1204686|639635
28327|Chase auto finance|31932|0|10448|0|21484|639640
28328|NATIONAL POSTAL MAIL HANDLERS UNION|55||55||0|639649
28329|CAPITAL LEASE PAYABLE - PHONE SYSTEM|12501|0|4836|0|7665|639660
28330|0|0|0|0|0|0|639694
28331|Key Bank|47659|14000|10786||50873|639713
28332|McKees Rocks Community Development Corporation|0|45000|0||45000|639713
28333|FORD MOTOR CREDIT|17418|0|5332||12086|639721
28335|NONE|0|0|0|0|0|639739
28336|Enterprise Fleet Management|44991|0|44991|0|0|639805
28337|UNION YES FEDERAL CREDIT UNION|209810|0|83888|0|125922|639807
28338|SO CA PIPE TRADES DC 16|151971|0|151971|0|0|639807
28339|NONE|0|0|0|0|0|639814
28340|AUTO LOAN ALLY|23905|0|23905||0|639817
28654|IUOE LOCAL 420|0|300000|||300000|641587
28342|AUTO LOAN ALLY|28783|0|6837||21946|639817
28343|AUTO LOAN ALLY|0|35000|4231||30769|639817
28344|AUTO LOAN LINCOLN|0|35000|756||34244|639817
28345|None|0|0|0||0|639818
28346|  ||||||639834
28347|IBEW LOCAL FCU|7827||1534||6293|639846
28348|REGIONS BANK|89021|0|89021|0|0|639851
28349|Leasing Company |22215||6530||15685|639857
28350|NONE|0|0|0|0|0|639858
28351|ALLY (AUTO LOANS)|30123|35564|24868||40819|639880
28352|FORD CREDIT (AUTO LOANS)|37075|0|11407||25668|639880
28353|N/A|0|0|0|0|0|639894
28354|N/A|0|0|0|0|0|639912
28355|AUTOMOBILE LOANS|136238||46762||89476|639917
28356|0|0|0|0|0|0|639996
28357|ALLY BANK|22205|0|22205|0|0|640002
28358|Ally Bank Vehicle Loans|150460|0|35650|0|114810|640026
28359|Town & Country Bank|101340|0|101340||0|640043
28360|Ford Landmark|10000|0|10000||0|640043
28361|Ford Landmark|10000|0|10000||0|640043
28362|Ford Landmark|0|10000|10000||0|640043
28363|FORD MOTOR CO CREDIT|30469|36668|19644|0|47493|640070
28364|Dell Computers|5249|0|2779|0|2470|640075
28365|ALLY FINANCIAL|32091|0|32091||0|640088
28366|Ford Motor Credit|359098|0|143476||215622|640104
28367|Reclass Note to Mortgage|343514||23781|319733|0|640104
28368|N/A|0|0|0|0|0|640112
28369|CHRYSLER CAPITOL LOAN|18585|0|7965|0|10620|640123
28372|KANSAS STATE BANK OF MANHATTAN|112160||112160||0|640141
28373|FORD MOTOR CREDIT|0|34163|17287||16876|640158
28374|MERRILL LYNCH|0|529897|338880|0|191017|640161
28375|MERRILL LYNCH|500000|1000000|500000|0|1000000|640161
28376|FORD MOTOR CREDIT|12175|0|4031|0|8144|640167
28377|PRO SERV|3988|0|2886|0|1102|640167
28378|Peoples United Bank CC|0|11813|10224|0|1589|640172
28379|American Express CC|0|14599|14599|0|0|640172
28380|THE BANK OF EDWARDSVILLE|19599|0|4861||14738|640210
28382|Credit Union|0|35485|9481|0|26004|640212
28386|NONE|0|0|0|0|0|640247
28387|NONE|0|0|0|0|0|640280
28388|0|0|0|0|0|0|640285
28389|Amalgamated Bank|160417|0|137500||22917|640287
28390|NONE|0|0|0|0|0|640300
28393|0|0|0|0|0|0|640381
28394|0|0|0|0|0|0|640381
28395|0|0|0|0|0|0|640381
28396|0|0|0|0|0|0|640381
28397|0|0|0|0|0|0|640381
28398|0|0|0|0|0|0|640381
28399|0|0|0|0|0|0|640381
28400|0|0|0|0|0|0|640381
28401|0|0|0|0|0|0|640381
28402|0|0|0|0|0|0|640381
28403|0|0|0|0|0|0|640381
28404|0|0|0|0|0|0|640381
28405|NONE|0|0|0|0|0|640387
28406|N/A|0|0|0|0|0|640388
28407|Ally Financing (Auto)|22923|26240|25666||23497|640403
28408|Park Bank|543905|447350|22250|0|969005|640420
28409|Jefferson Bank and Trust|47860||6000||41860|640450
28410|Jefferson Bank and Trust|15326||0||15326|640450
28411|Discovery Federal Credit Union|5997|0|4249|0|1748|640458
28412|Discovery Federal Credit Union|7001|0|3079|0|3922|640458
28413|FORD CREDIT|30587||7216||23371|640460
28420|Ally Bank|2962|0|2962|0|0|640478
28421|Bank|156026|0|13436|0|142590|640499
28437|NONE|0|0|0|0|0|640520
28438|First Niagara Bank NA (Key Bank)|19955|0|3393|0|16562|640531
28439|Bank of Labor|0|161000|0|0|161000|640546
28441|ALLIANCE BANK-2709 BLOOMFIELD |200000|0|6188|0|193812|640554
28442|FORD CREDIT CORP|47118|0|12030|0|35088|640561
28443|LAFCU Credit Union|25283|0|9826|0|15457|640563
28444|Everbank Commerical Finance|9021||1847||7174|640568
28445|NONE|0|0|0|0|0|640571
28446|GEORGE ELKINS MORTGAGE BANKING|2782234||135255||2646979|640576
28447|Vectra Bank|19378|0|19378||0|640585
28448|Ford Motor Company|34647|91897|13006|0|113538|640591
28449|REGIONS BANK|7947|0|2825|0|5122|640605
28453|UNITED BUSINESS BANK|249930|0|31872||218058|640623
28463|Notes Payable-Autos|76705|56946|49932|0|83719|640653
28465|CAPITAL LEASE PAYABLE|840||840||0|640663
28467|FORD MOTOR CREDIT|0|54741|54741|0|0|640691
28468|None|0|0|0|0|0|640712
28469|Ford Credit|1784|0|1784|0|0|640732
28470|PULASKI BANK|740424||24692||715732|640737
28471|Ally Auto|0|51840|10510|0|41330|640747
28472|Toledo Teamsters Federal CU|2540|0|2540||0|640768
29226|Commerce Bank|137870|0|45029||92841|647836
28473|Toledo Teamsters Federal CU|46505||13230||33275|640768
28474|First Tennessee|143801|0|5113|0|138688|640770
28475|Valley National Bank|162876|0|38495|0|124381|640780
28476|NONE|0|0|0|0|0|640801
28480|Line of Credit|137921|0|47989|0|89932|640805
28481|Mortgage|90208|0|66349|0|23859|640805
28483|Ford Credit|576|25439|5876||20139|640821
28487|0|0|0|0|0|0|640848
28491|Fifth Third Bank Credit Line|20596|7984|7957|0|20623|640868
28492|Fifth Third Bank Credit Cards|1618|6573|6810|0|1381|640868
28496|Workers United|335000|0|0|0|335000|640879
28497|SEIU|150000|0|0|0|150000|640879
28498|UFCW|210000|0|8000|0|202000|640904
28499|Regions Bank|35546|0|17458|0|18088|640904
28500|Navitas Lease Corporation|371|0|371|0|0|640904
28501|ALLY GMAC|198518|0|46977|109117|42424|640923
28502|Sterling Bank|26776|0|26776|0|0|640923
28503|Seafarers International Union of N.A.- AGLIW|985000|0|15000||970000|640928
28504|Ally Bank|95679|54421|32758||117342|640930
28505|Ford Motor Credit|25276|0|19088||6188|640930
28506|Auto Loans Payable|149821|0|58760|0|91061|640934
28510|Seafarers International Union of N.A.- AGLIW|50000|0|50000|0|0|640946
28511|JP MORGAN CHASE BANK|9202|0|9202|0|0|640951
28512|ALLY|33827|0|8636|0|25191|640951
28513|CHASE BANK|0|22270|403|0|21867|640951
28514|n/a|0|0|0|0|0|640960
28518|NONE|0|0|0|0|0|640968
28519|NONE|0|0|0|0|0|640969
28532|n/a|0|0|0|0|0|640987
28535|NONE|0|0|0|0|0|640991
28538|NONE|0|0|0|0|0|641044
28539|Union Yes Credit Union - Auto Loans|167968|0|95727|0|72241|641047
28546|BANCO POPULAR DE PR|925898||68371||857527|641060
28547|SEIU|20872||||20872|641060
28548|SEIU|895900||50000||845900|641060
28554|Members|27580||2500||25080|641088
28555|Capital Lease|17785||12234||5551|641088
28556|Unconsolidated Subsidiary|20157|1372|10873||10656|641088
28557|Sterling Bank|13600|27516|18083||23033|641092
28558|Seafarers International Union of N.A.- AGLIW|1844645|302305|10000|0|2136950|641105
28559|AUTOMOBILE LOAN|16867|0|6471|0|10396|641119
28560|AUTOMOBILE LOAN|31021|0|4818|0|26203|641119
28561|AUTOMOBILE LOAN|49737|0|7808|0|41929|641119
28562|AMALGAMATED BANK|243047|0|243047||0|641120
28563|FORD CREDIT|2807|0|2807|0|0|641122
28564|FORD CREDIT|0|38907|8646|0|30261|641122
28565|FORD CREDIT|0|37307|3730|0|33577|641122
28567|Labor Organizations|9387816|0|381505|7233776|1772535|641128
28568|Black Hills Federal Credit Union|10006|16825|11590||15241|641129
28569|N/A|0|0|0|0|0|641154
28570|None|0|0|0|0|0|641158
28571|AFSCME Florida Council 79|84418|0|84418|0|0|641204
28572|UA LUOE PENSION FUND|4978||2756||2222|641205
28573|ALLY BANK|27252||7031||20221|641205
28575|Ford Motor Credit|54401|0|12859|0|41542|641241
28576|Toyota Financial Services|0|28235|4337|0|23898|641241
28579|UNITE HERE INTERNATIONAL|450500||12000|0|438500|641244
28580|Ford Motor Credit|42721|60189|19115|21068|62727|641247
28581|PNC Bank Line of Credit|100000|0|0|100000|0|641247
28582|HANCOCK BANK|2707|0|2707|0|0|641261
28583|First Citizens Bank|167780|0|40072|0|127708|641265
28584|Xerox|0|11538|1753|0|9785|641265
28586|Note Payable- US Bank|0|12075|935||11140|641303
28587|Ford|224498|159721|151416|0|232803|641326
28588|Bank of Utica|15455|0|7909|0|7546|641326
28589|Ally|49653|47995|36241|0|61407|641326
28590|Bank of Utica|13865|0|10143|0|3722|641326
28591|Bank of Utica|45752|0|45752|0|0|641326
28592|Bank of Utica|0|100000|21353|0|78647|641326
28593|NONE|0|0|0|0|0|641335
28594|NONE|0|0|0|0|0|641408
28595|Amalgamated Bk of Chicago|1427487|0|69043|0|1358444|641409
28596|Ally Finance Company|71834|0|17786|0|54048|641409
28597|Plumbers 55 Federal Credit Union|10557|0|10557||0|641418
28598|Plumbers 55 Federal Credit Union|0|21166|3452||17714|641418
28599|Plumbers 55 Federal Credit Union|0|24428|1993||22435|641418
28600|CREDIT UNION CHEVY EQUINOX|20397|0|6385|0|14012|641431
28601|LINCOLN FINANCIAL SERVICES|21503|0|9915||11588|641441
28602|FORD MOTOR CREDIT|0|35274|5300||29974|641441
28603|FORD MOTOR CREDIT|0|20488|20488||0|641443
28604|FORD MOTOR CREDIT|0|20488|20488||0|641443
28605|FORD CREDIT|38241|0|38241|0|0|641445
28606|Wesbanco Bank|23731||5687||18044|641448
28607|Wesbanco Bank|31743||4907||26836|641448
28608|ALLY|22904|0|5371|0|17533|641453
28609|Ford Credit|26991|0|26991|0|0|641475
28610|Ford Motor Credit Company|22505|0|9861|0|12644|641476
28611|NONE|0|0|0|0|0|641479
28612|Ford Vehicle Loan|31648||8025||23623|641481
28613|Roxie Pride|0|700|||700|641482
28614|LINE OF CREDIT - BANK OF LABOR|0|2500000|226|0|2499774|641490
28615|Small Business Administration|137129|0|3165||133964|641498
28616|Louis Pernice|40000|0|10000|0|30000|641498
28617|Ally Inc|10593|0|10593|0|0|641503
28618|UBS Financial Services Inc|469743|0|392591|0|77152|641503
28619|Republic Bank|0|168800|0|0|168800|641514
28620|NONE|0|0|0|0|0|641523
28621|DUE TO PAC FUND|2500|0|2500||0|641524
28622|NOEFCU|186899|0|44840|0|142059|641554
28623|Citizens One Auto Finance|34872|0|8641|0|26231|641570
28624|Merrill Lynch Margin Loan|74831|183719|63815||194735|641580
28625|Capital Lease - Tamco|15490||5588||9902|641580
28626|LINE OF CREDIT|3476|693492|3476||693492|641584
28627|IUOE LOCAL 003|0|5000000|||5000000|641587
28628|IUOE LOCAL 004|0|2000000|||2000000|641587
28629|IUOE LOCAL 012|0|2000000|||2000000|641587
28630|IUOE LOCAL 012 BURIAL FD|0|1000000|||1000000|641587
28631|IUOE LOCAL 015|0|7000000|||7000000|641587
28632|IUOE LOCAL 017|0|250000|||250000|641587
28633|IUOE LOCAL 018|0|2000000|||2000000|641587
28634|IUOE LOCAL 030|0|2000000|||2000000|641587
28635|IUOE LOCAL 037|0|250000|||250000|641587
28636|IUOE LOCAL 039|0|1000000|||1000000|641587
28637|IUOE LOCAL 039 EDUC FD|0|250000|||250000|641587
28638|IUOE LOCAL 066|0|2000000|||2000000|641587
28639|IUOE LOCAL 101|0|1000000|||1000000|641587
28640|IUOE LOCAL 103|0|250000|||250000|641587
28641|IUOE LOCAL 103 STRIKE FD|0|250000|||250000|641587
28642|IUOE LOCAL 112|0|1000000|||1000000|641587
28643|IUOE LOCAL 132|0|1000000|||1000000|641587
28644|IUOE LOCAL 132 HPE|0|1000000|||1000000|641587
28645|IUOE LOCAL 137|0|1000000|||1000000|641587
28646|IUOE LOCAL 139|0|3000000|||3000000|641587
28647|IUOE LOCAL 158|0|1000000|||1000000|641587
28648|IUOE LOCAL 181|0|500000|||500000|641587
28649|IUOE LOCAL 234|0|500000|||500000|641587
28650|IUOE LOCAL 295|0|250000|||250000|641587
28651|IUOE LOCAL 302|0|7000000|||7000000|641587
28652|IUOE LOCAL 324|0|2000000|||2000000|641587
28653|IUOE LOCAL 399|0|500000|||500000|641587
28933|2012 Ford Edge|9380|0|9380||0|643013
28655|IUOE LOCAL 450|0|1000000|||1000000|641587
28656|IUOE LOCAL 463|0|250000|||250000|641587
28657|IUOE LOCAL 478|0|250000|||250000|641587
28658|IUOE LOCAL 513|0|1000000|||1000000|641587
28659|IUOE LOCAL 520|0|250000|||250000|641587
28660|IUOE LOCAL 542|0|3000000|||3000000|641587
28661|IUOE LOCAL 649|0|500000|||500000|641587
28662|IUOE LOCAL 793|0|1000000|||1000000|641587
28663|IUOE LOCAL 825|0|5000000|||5000000|641587
28664|IUOE LOCAL 841|0|1000000|||1000000|641587
28665|BB&T Bankcard|1493|89398|81666|0|9225|641592
28666|LOAN|242998|0|27692|0|215306|641594
28667|LOAN AUTOMOBILE|28755|0|8532|0|20223|641594
28668|LINE OF CREDIT|300000|0|0|0|300000|641594
28669|BUSINESS LOAN CONDUCT NO 6 LLC|8000000||||8000000|641597
28670|BUSINESS LOAN CONDUCT NO 6 LL|10000000||||10000000|641597
28671|JEFFERSON BANK|1831144||45569||1785575|641597
28672|US BANK|5483565||137268||5346297|641597
28673|0|0|0|0|0|0|641601
28674|AUTO - FORD|120245|32329|31720|0|120854|641608
28676|N/A|0|0|0|0|0|641616
28677|Bank Of America|66276144|0|2568418|0|63707726|641617
28678|Allegheny Valley Bank|323888|0|11368||312520|641629
28679|Urban Redevelopment Authority of Pittsburgh|207236|0|8461||198775|641629
28680|Capital lease obligation|3092|0|1285|0|1807|641636
28681|NONE|0|0|0|0|0|641637
28682|Culinary Union L226|21460|0|21460|0|0|641638
28683|2012 Town & Country Van|15034|0|4570|0|10464|641638
28684|2009 GMC truck|13192|0|4527|0|8665|641638
28685|Cape Bank (now Ocean First), mortg.|769813|0|20075|0|749738|641638
28686|SBA mortg.|409144|0|9905|0|399239|641638
28687|Cap. Lease on phone system|94709|0|21438|0|73271|641638
28688|LOAN BMO HARRIS|207475|0|12750||194725|641645
28689|FORD CREDIT (9 AUTOMOBILES)|10217|149852|160069||0|641649
28690|NONE|0|0|0|0|0|641655
28691|NONE|0|0|0|0|0|641658
28692|CAPITAL LEASE|55981||13477||42504|641661
28693|0|0|0|0|0|0|641668
28694|WELLS FARGO|22889|0|10000|0|12889|641672
28695|n/a|0|0|0|0|0|641705
28696|Loans Payable-Autos|74686|0|74686|0|0|641738
28697|AMALGAMATED -SACRAMENTO|1013670|0|38568|0|975102|641741
28698|AMALGAMATED - SAN JOSE|507884|0|19301|0|488583|641741
28699|N/P - 2013 Ford|18249||6737||11512|641742
28700|N/P - 2013 Ford Taurus|14406||4031||10375|641742
28701|FORD MOTOR CREDIT|0|57351|0|0|57351|641746
28702|Pinnacle Financial Partners|1949038||251918||1697120|641749
28703|FORD MOTOR CREDIT|19467|0|7046|0|12421|641779
28704|ALLY CREDIT|23072|0|5180|0|17892|641779
28705|GM FINANCIAL|0|40449|4045|0|36404|641779
28706|Building - Loan United Labor Bank|483606|0|29142|0|454464|641788
28707|FIRST BANK & TRUST|3773977|0|587904|0|3186073|641792
28708|LINCOLN AUTOMOTIVE FINANCIAL SERVICES|29286|0|9762|0|19524|641792
28709|none|0|0|0|0|0|641810
28711|AMERISERV|271428||15164||256264|641834
28712|COMMUNITY FIRST|37249||3141||34108|641834
28713|Honor Credit Union|2356|0|2356|0|0|641848
28714|FORD MOTOR CREDIT|1209|0|1209|0|0|641860
28715|AFSCME Building Corp|125005|0|0|0|125005|641862
28716|NOTE PAYABLE LOCAL 72-147-2015|35969|0|5275||30694|641868
28717|Ford Credit|9785|0|6254|3531|0|641891
28718|Nissan|3121|0|3121|0|0|641891
28719|Toyota|3320|0|3320|0|0|641891
28720|Ally Bank|153664|0|49619|8856|95189|641891
28721|MORTGAGE NOTE|762226|0|125149|0|637077|641903
28723|Ford Credit-Auto loan|0|92327|12310|0|80017|641905
28724|Ascentium-Truck loan|82722|0|13660|0|69062|641905
28722|SUNTRUST - JOILET, IL|727287||266852||460435|641904
28725|WEBSTER BANK|44198|0|11823||32375|641916
28726|Ford Credit|12589|0|12589|0|0|641923
28727|Ford Credit|111363|0|21435||89928|641943
28728|UBB Convention Loan|0|97600|8|0|97592|641946
28729|Cherry Avenue Loan|961591|0|22813|0|938778|641946
28730|Ally Bank|8026||8026||0|641949
28731|Ford Motor Credit|25019||25019||0|641949
28732|Ford Motor Credit|24051||24051||0|641949
28733|GMC|58940||10989||47951|641949
28734|NONE|0|0|0|0|0|641953
28735|NONE|0|0|0|0|0|641957
28736|UFCW International|76500|0|49000|0|27500|641958
28737|Ford Credit|13049|0|4789|0|8260|641958
28738|Ford Credit|17008|0|5157|0|11851|641958
28739|Ford Credit|18898|0|5139|0|13759|641958
28740|Chrysler Credit|29733|0|6906|0|22827|641958
28741|Ford Credit|22629|0|4829|0|17800|641958
28742|Ford Credit|27993|0|6258|0|21735|641958
28743|Ford Credit|0|26619|2285|0|24334|641958
28744|Ally Bank|0|37667|8001|0|29666|641958
28745|IA Local 45|102771|0|4990|0|97781|641972
28746|N/A|0|0|0|0|0|641981
28747|FORD CREDIT|17281||4111||13170|641991
28748|FORD CREDIT|18146||4316||13830|641991
28749|FORD CREDIT|18099||4305||13794|641991
28750|FORD CREDIT|24659||5102||19557|641991
28751|FORD CREDIT|14729||3280||11449|641991
28752|FORD CREDIT|18680||4160||14520|641991
28753|FORD CREDIT|12302||2819||9483|641991
28754|FORD CREDIT||17437|||17437|641991
28755|SEIU|16707535|0|0|0|16707535|641992
28756|FIRST Insurance Funding|30573|0|30573|0|0|641992
28757|Pennsylvania Joint Board|160417|0|137500|0|22917|641992
28758|Premium Assignment Corp|22376|0|22376|0|0|641992
28759|Premium Assignment Corp|0|74382|74382|0|0|641992
28760|Premium Assignment Corp|0|54627|54627|0|0|641992
28761|FIRST Insurance Funding|0|112101|81528|0|30573|641992
28762|Premium Assignment Corp|0|61535|39159|0|22376|641992
28763|FORD CREDIT|42918|0|19705|0|23213|641997
28764|ALLY BANK AUTO LOAN|2678|0|2678|0|0|642003
28765|ALLY BANK AUTO LOAN|10751|0|2549|0|8202|642003
28766|ALLY BANK AUTO LOAN|0|21395|1070|0|20325|642003
28767|CREDIT CARD PAYABLE|3463|1595|3463||1595|642010
28768|WEA Trust|50679|0|15303|0|35376|642015
28769|Ally Bank|21941||6449||15492|642019
28770|Ally Bank|21941||6449||15492|642019
28772|NONE|0|0|0|0|0|642031
28773|Ally|4776|0|4776||0|642034
28774|Ally|10365||6331||4034|642034
28775|UNITE HERE International Union|202763||12000||190763|642037
28776|N/A|0|0|0|0|0|642041
28777|First Hawaiian Bank (Building)|330936|0|9377||321559|642056
28778|First Hawaiian Bank (Car)|42053|0|10122||31931|642056
28779|Ford Credit|5849|0|5849|0|0|642078
28780|Ford Credit|4866|0|4866|0|0|642078
28781|Ally Bank|19828|0|4455|0|15373|642078
28784|U.S. Bank|250000|0|4988|0|245012|642086
28782|CISCO|17479||10041||7438|642084
28783|FIRST MIDWEST BANK|29508||||29508|642084
28791|NONE|||||0|642195
28792|FORD CREDIT|6650|0|6650|0|0|642203
28793|US BANK|43079|0|9361|0|33718|642203
28794|GM FINANCIAL|0|42322|8838|0|33484|642203
28795|AUTOMOBILE FINANCING|31565|42791|27214|0|47142|642227
28796|BANK FINANCING|451689|0|208724|0|242965|642227
28797|Amalgamated Bank|75000|150000|75000|0|150000|642238
28798|REPUBLIC BANK|464518||68638||395880|642256
28799|FORD MOTOR CREDIT|6420||6420||0|642256
28800|FORD MOTOR CREDIT|6157||5667||490|642256
28801|AXIS|34358||34358||0|642256
28802|TD EQUIPMENT FINANCE|54078||23401||30677|642256
28803|GRAYBAR FINANCIAL|15487||7209||8278|642256
28804|ALLY|16732|0|8705|0|9334|642261
28805|None|0|0|0|0|0|642263
28806|XEROX COPIER|27873||13214||14659|642264
28807|N/A|0|0|0|0|0|642266
28808|N/A|0|0|0|0|0|642271
28809|Prosperity Bank|94759||9347||85412|642272
28813|NONE|0|0|0|0|0|642317
28819|SEIU, INTERNATIONAL|0|60000|0|0|60000|642331
28820|SEIU HEALTHCARE IL/IN|0|179157|179157|0|0|642331
28829|FORD CREDIT|1247||1247||0|642391
28830|COMMUNITY BANK|0|70000|1921||68079|642391
28854|BANK OF LABOR|200000|0|15184|0|191317|642469
28855|FIRST BANK AND TRUST|39696|0|11433||28263|642472
28856|GMAC|26574|0|10228||16346|642472
28857|FORD MOTOR CO|18415|0|10648||7767|642472
28858|FIRST BANK AND TRUST|34564|0|9193||25371|642472
28860|N/A|0|0|0|0|0|642523
28861|N/A|0|0|0|0|0|642525
28863|TORREY PINES BANK|750000|0|300000|0|450000|642546
28866|Ford Credit Co.|17008|0|3170|0|13838|642569
28867|FORD CREDIT|105283|0|19453||85830|642623
28868|Ford Credit Services|147513|0|56904|0|90609|642640
28869|US Bancorp Equipment Finance|37412|0|14887|0|22525|642640
28870|N/A|0|0|0|0|0|642677
28871|NONE|0|0|0|0|0|642699
28872|OPEIU International Union|7600|0|4800|0|2800|642719
28873|Ford Motor Credit|83062||46294||36768|642728
28874|Chrysler Capital|24715|0|4569|0|20146|642746
28875|FORD CREDIT|13386|0|6748|0|6638|642767
28876|FORD CREDIT|13926|0|6706|0|7220|642767
28877|MEMBERS FIRST CREDIT UNION|14738|0|3320|0|11418|642771
28878|MEMBERS FIRST CREDIT UNION|12191|0|12191|0|0|642771
28879|MEMBERS FIRST CREDIT UNION|12395|0|12395|0|0|642771
28880|MEMBERS FIRST CREDIT UNION|16078|0|3385|0|12693|642771
28881|MEMBERS FIRST CREDIT UNION|0|21373|2911|0|18462|642771
28882|MEMBERS FIRST CREDIT UNION|0|20270|2675|0|17595|642771
28883|FORD CREDIT|0|22159|551|0|21608|642771
28884|BANK OF LABOR AUTO LOAN|0|54200|8227||45973|642774
28885|FORD MOTOR CORP|78679|64000|142679||0|642777
28886|Fifth Third Bank|458983|0|28196|0|430787|642781
28887|Ally bank|0|50325|2962||47363|642783
28888|NONE|0|0|0|0|0|642789
28889|NONE|0|0|0|0|0|642804
28890|None|0|0|0|0|0|642842
28891|PSSDC PENSION FUND-WITHDRAWAL LIABILITY|637550|0|37244||600306|642888
28892|UFCW INTERNATIONAL LOAN|392036|0|17436||374600|642888
28893|N/A|0|0|0|0|0|642893
28894|N/A|0|0|0|0|0|642893
28895|N/A|0|0|0|0|0|642893
28896|N/A|0|0|0|0|0|642893
28897|N/A|0|0|0|0|0|642893
28898|N/A|0|0|0|0|0|642893
28899|N/A|0|0|0|0|0|642893
28900|N/A|0|0|0|0|0|642893
28901|N/A|0|0|0|0|0|642893
28902|N/A|0|0|0|0|0|642893
28903|N/A|0|0|0|0|0|642893
28904|N/A|0|0|0|0|0|642893
28905|NONE|0|0|0|0|0|642894
28906|Vehicle loan|18042|21169|6185|0|33026|642923
28907|East Boston Savings Bank|22255|0|5703|0|16552|642935
28908|Ford Credit|0|37444|1956|0|35488|642935
28909|Ally Bank|0|67675|11219|0|56456|642935
28910|Wells Fargo|0|31467|2887|0|28580|642935
28912|Ally|7021||5580||1441|642949
28913|Chrysler|33200||5178||28022|642949
28914|Citizens Bank|234837||23989||210848|642949
28915|Chrysler|0|39167|4168||34999|642949
28916|NONE|0|0|0|0|0|642955
28919|Wells Fargo - Business Loan|9523|0|9523|0|0|642980
28920|NONE|0|0|0|0|0|642982
28921|EAGLE BANK AND TRUST|1313332||115569||1197763|642986
28922|AFSCME|200000|0|0|0|200000|642989
28923|n/a|0|0|0|0|0|642992
28924|Ford Motor Credit|18849|0|18849||0|642994
28925|Ford Motor Credit|22628|0|22628||0|642994
28926|N/A - None|0|0|0|0|0|643005
28928|2016 Ford Exp|0|36937|3078||33859|643013
28929|2016 Ford Exp|0|34261|6500||27761|643013
28930|2016 Ford Exp|0|35565|2963||32602|643013
28931|2016 Ford Exp|0|34137|4653||29484|643013
28932|2016 Ford Exp|0|47059|5276||41783|643013
29269|FORD MOTOR CREDIT|28723|0|6789|0|21934|648956
28934|2012 Dodge Durango|11529|0|11529||0|643013
28935|2012 Dodge Durango|17263|0|17263||0|643013
28936|2013 Dodge Journey|16285|0|16285||0|643013
28937|2014 Chevy|16359|0|16359||0|643013
28938|MORGAN STANLEY|1177030|53325|0|0|1230355|643021
28939|Hometown National Bank|37631||18930||18701|643029
28940|International Teamsters|72277||15470||56807|643029
28941|First State Bank|18881||4398||14483|643029
28942|CITIZENS BUSINESS BANK|2269|0|2269|0|0|643084
28943|ALLY|0|30742|952||29790|643118
28944|ALLY|9083|0|4428||4655|643118
28945|ALLY|2994|0|2994|0|0|643118
28946|ALLY|3074|0|3074|0|0|643118
28947|ALLY|4658|0|4658|0|0|643118
28948|ALLY|10067|0|6679|0|3388|643118
28949|ALLY|0|23479|1780|0|21699|643118
28968|NONE|0|0|0|0|0|643152
28969|OPEIU INTERNATIONAL|135781|0|29096||106685|643153
28970|AUTO LOANS|37859|99388|23063||114184|643153
28971|Ford Motor Credit Corp. |16876||5386||11490|643157
28972|Ford Motor Credit Corp. |41046||8378||32668|643157
28973|Viriva Credit Union|0|294314|0|0|294314|643172
28974|Ally Bank|25667|0|25667|0|0|643172
28975|Ally Bank|173708|0|107737|65971|0|643172
28976|Ally Bank|41342|0|19724|0|21618|643172
28977|ALLY FINANCIAL|5013||5013||0|643183
28978|Ally Bank|20158||8063||12095|643187
28979|PNC Bank|316624||316624||0|643187
28980|N/A|0|0|0|0|0|643192
28981|Chrysler Capital|20400|0|20400|0|0|643205
28984|FORD CREDIT|19558|0|4789|0|14769|643224
28985|IBEW Intl Office|0|3375000|1000000||2375000|643239
28986|0|0|0|0|0|0|643252
28987|UNION FIDELITY CU|26533||6947||19586|643279
28988|Marlin Business Bank|0|78297|14114||64183|643283
28989|Line of Credit|413927|0|57244|0|356683|643293
28998|0|||||0|643298
28999|Hann Financial Services|22714||4142|0|18572|643305
29000|Hann Financial Services|20051||3656|0|16395|643305
29001|Hann Financial Services|18939||1997|16942|0|643305
29002|Foulke Management Corp.|0||0|0|29903|643305
29003|N/A|0|0|0|0|0|643310
29004|Powernet CU-Auto Loan|9706||4378||5328|643312
29005|TD Auto Finance|20073||20073||0|643339
29006|BCB Bancorp Mortgage|30506|0|7114|0|23392|643353
29007|DUE TO PUBLIC|1970595|216323|0||2186918|643360
29008|FORD ESCAPE - 246672|12596|0|5447|0|7149|643360
29009|FORD ESCAPE - 91339|12136|0|12136|0|0|643360
29010|FORD ESCAPE - 83653|10543|0|4560|0|5983|643360
29011|FORD F-150 - 57751|16411|0|7098|0|9313|643360
29012|FORD EDGE - 29475|39396|0|7735|0|31661|643360
29013|FORD ESCAPE - 3837|0|31662|0|0|31662|643360
29014|FORD ESCAPE - 5793|0|31589|0|0|31589|643360
29015|TWU Int'l|315801||18829||296972|643368
29016|Service Employees International Union|306592|0|0|0|306592|643370
29017|NATIONAL UNION OF HOSPITAL AND HEALTH CARE|67027||67027||0|643372
29018|n/a|0|0|0|0|0|643373
29020|AFM-NO INTRST NOTE DUE 2021|2420|0|500||1920|643378
29021|FORD MOTOR CREDIT|4551||4551||0|643386
29022|Ford Credit|269949|122497|76880|0|315566|643404
29023|Due to PAC||2267|||4200|643420
29024|Ford Credit|0|23845|1870|0|21975|643421
29025|n/a|0|0|0|0|0|643439
29031|JEREMY CRUZ-HAICKEN|25|0|0|0|25|643451
29029|ALPA NATIONAL TO 1625 MASS AVE|878686|239872|122021|0|996537|643450
29030|SUNTRUST COMMERCIAL LOAN|1722569|0|240705|133|1481731|643450
29032|ED Jones Investments|36847||36847||0|643459
29033|FORD CREDIT|6123|0|6123|0|0|643463
29034|FORD CREDIT|7797|0|7797|0|0|643463
29035|FORD CREDIT|20882|0|8400|0|12482|643463
29036|FORD CREDIT|0|15551|1285|0|14266|643463
29037|COMERICA BANK-MORTGAGE PAYABLE|113409||5182||108227|643471
29039|IAFF Emergency Dispute Fund Loan|46000||32000||14000|643485
29040|ALLY FINANCIAL, FINANCE COMPANY|51851|0|10502|0|41349|643497
29041|First Class Credit Union|0|24000|1357||22643|643499
29042|Automobile Loan|5168|34749|3118|0|36799|643501
29048|AFSCME COUNCIL 27|50000||||50000|643526
29068|N/A - None|0|0|0|0|0|643557
29069|Fod Motor Credit 4.89% 60 months loan on vehicle||35805|993||34812|643571
29083|Bank of America|200000|0|0|0|200000|643593
29104|SEIU International|101884|0|101884|0|0|643654
29114|BSB Leasing Inc|17789|0|10532||7257|643681
29115|US Bank|37079|0|8478||28601|643681
29116|Ally Bank|616|0|616||0|643693
29117|Ally Bank|601|0|601||0|643693
29118|Ally Bank|604|0|604||0|643693
29119|Ford Motor Credit|1436|0|1436||0|643693
29120|Ally Bank|4173|0|4173||0|643693
29121|Ally Bank|12340|0|7331||5009|643693
29122|Ally Bank|13781|0|6273||7508|643693
29123|Ford Motor Credit|15999|0|6393||9606|643693
29124|Bank of Nashville|12633|0|3294||9339|643693
29125|Ford Motor Credit|20960|0|5548||15412|643693
29126|Ally Bank|0|12862|3772||9090|643693
29127|Ford Motor Credit|0|24974|3330||21644|643693
29128|Ally Bank|0|16625|486||16139|643693
29129|Ford Motor Credit|0|21374|445||20929|643693
29130|Ford Motor Credit|0|20874|435||20439|643693
29131|Employee Payroll|0|3|0|0|3|643701
29132|FORD CREDIT|14705|0|10863|0|3842|643715
29133|National Postal Mail Handlers Union|169217||4107||165110|643723
29134|GENWORTH|1566256||123692||1442564|643753
29143|Ford Motor Credit|5156|0|5156|0|0|643775
29144|Ford Motor Credit|21032|0|10973|0|10059|643775
29145|Ford Motor Credit|31464|0|8990|0|22474|643775
29146|SERVICE EMPLOYEE INTERNATIONAL UNION|20000||20000||0|643784
29148|WEBSTER BANK|20041|0|20041|0|0|643810
29149|None|0|0|0|0|0|643824
29150|SPECIALTY TRADES JOINT INDUSTRY FUND|1689|0|0||1689|643853
29151|NATIONAL ASSOCIATION OF SPECIALTY TRADES BENEFIT F|44642|0|35833|0|8809|643853
29152|401K PAYABLE|0|75|0||75|643853
29153|PLUMBERS & FITTERS LOCAL 675 FEDERAL CREDIT UNION|80017||34336||45681|643910
29154|Automobiles-Enterprise Fleet Leasing|46260|0|26908|0|19352|643921
29155|BANK OF SPRINGFIELD|144474||10792||133682|644014
29156|Webster Bank|0|75000|4015|0|70985|644030
29157|None|0|0|0||0|644063
29158|None|0|0|0|0|0|644063
29159|None|0|0|0|0|0|644063
29160|None|0|0|0|0|0|644063
29161|None|0|0|0|0|0|644063
29162|None|0|0|0|0|0|644063
29163|None|0|0|0|0|0|644063
29164|None|0|0|0|0|0|644063
29165|None|0|0|0|0|0|644063
29166|None|0|0|0|0|0|644063
29167|None|0|0|0|0|0|644063
29168|None|0|0|0|0|0|644063
29177|Morgan Stanley Line of Credit|410659|3035|||413694|644391
29178|Ally Bank- auto loans|186837||48939|30187|107711|644391
29179|None|0|0|0|0|0|644642
29180|NONE|0|0|0|0|0|644744
29181|None|0|0|0|0|0|644790
29182|Pacific Maritime Assoication||68667|5776|0|62891|644799
29183|NONE|0|0|0|0|0|644845
29184|MTPSI TO IATSE|11072|1365|5040|0|7397|645162
29185|IATSE Union Dues WIthheld|1430|0|1430||0|645162
29186|IATSE to MTPSI|0|625|625|0|0|645162
29187|N/A|0|0|0|0|0|645219
29188|0|0|0|0|0|0|645474
29189|n/a|0|0|0|0|0|645977
29190|n/a|0|0|0|0|0|645977
29191|n/a|0|0|0|0|0|645977
29192|COMERICA BANK|0|3230216|0|0|3230216|646221
29193|FORD CREDIT|9987|0|725||9262|646306
29194|INTERNATIONAL UNION OF BRICKLAYERS|154000|0|7000||147000|646306
29196|National Bank of SC|133272|0|40656|0|92616|646425
29198|NONE|0|0|0|0|0|646553
29199|Xerox|43796||29134||14662|646763
29200|Banco Popular Puerto Rico||425000|1874||423126|646821
29201|COPIER CAPITAL LEASE|7475||6886||589|647035
29202|Loan Payable to WIT Federal Credit Union|20090||6856||13234|647047
29203|Loan Payable to Ford Credit|20589||6341||14248|647047
29204|Loan Payable to Ford Credit|17518||5098||12420|647047
29205|Loan Payable to Wells Fargo Dealer|16640||5144||11496|647047
29206|Loan Payable to WIT Federal Credit Union|15528||6082||9446|647047
29207|Amalgamated Bank|20000|334423|20000||334423|647062
29208|AMALGAMATED BANK|2517262||157152||2360110|647134
29209|Pitney Bowes Lease|17208|0|5639||11569|647175
29210|MA & NORTHERN NE DISTRICT COUNCIL|50000|0|0|50000|0|647223
29217|Loan - Prosper Bank|520471|0|27060||493411|647545
29222|Roofers Local 210 JATC|0|15000|4375||10625|647604
29223|Roofers Local 210 H&W|35000|0|35000||0|647604
29224|NOTE PAYABLE-FORD MOTOR|27785|0|11907|0|15878|647701
29225|IRS REFUND|0|6307|0|0|6307|647706
29227|Capital One Line of Credit|9865|10000|10149||9716|647905
29228|Western Security Bank|4269|0|4269|0|0|647935
29229|FORD CREDIT-F150 2012|6479|0|6479|0|0|647987
29230|FORD CREDIT-F150 2013(2)|19773|0|13182|0|6591|647987
29231|FORD CREDIT-F150 2013(1)|20758|0|20758|0|0|647987
29234|FORD CREDIT|14390||14390||0|648239
29235|Bank of the West|0|2343147|0|0|2343147|648248
29236|PNC Construction Loan|1036753|73667|60727||1049693|648258
29237|PA ISRP Loan|408646||30990||377656|648258
29238|PNC Reconstruction Loan|86667||86667||0|648258
29239|Ally Bank - Car Loan|3651|0|2573||1078|648472
29240|Credit Cards/Other-Net Change|2330||854||1476|648474
29241|ST Disability Insur Payable at Yr End|0|23516|||23516|648474
29243|0|0|0|0|0|0|648525
29244|0|0|0|0|0|0|648529
29245|Regions Bank|0|50000|7999||42001|648531
29246|UNITED BUSINESS BANK|0|185434|3646||181788|648538
29247|GMAC Financing|26715||4377|22338|0|648582
29248|GMAC Financing|29319||3169|26150|0|648582
29249|Salisbury Bank & Trust Co|871796|||293095|578701|648582
29250|NONE|0|0|0|0|0|648587
29251|None|0|0|0|0|0|648607
29252|Choice One|340060||39522||300538|648614
29253|HUNTING BANK|31154|0|31154||0|648636
29254|FORD CREDIT|0|31571|31571||0|648636
29255|Ally Bank -Chrysler|24497|0|24497|0|0|648639
29256|Lincoln Financial|28159|0|28159|0|0|648639
29257|Ford Credit|15123|0|15123|0|0|648639
29258|Ally Bank - GMC|0|41598|0|0|41598|648639
29259|None|0|0|0|0|0|648684
29260|0|0|0|0|0|0|648734
29261|Armstrong Bank Truck Loan|23580|0|7464|0|16116|648921
29262|FORD CREDIT|14365|0|6459|0|7906|648939
29263|BANK OF EDWARDSVILLE|26840|0|7875|0|18965|648939
29264|0|0|0|0|0|0|648945
29265|NONE|0|0|0|0|0|648946
29266|FORD MOTOR CREDIT|13864|0|4671|0|9193|648956
29267|ALLY BANK|52981|0|9892|0|43089|648956
29268|ALLY BANK|27199|0|4680|0|22519|648956
29270|N/A|0|0|0|0|0|649002
29271|NONE|0|0|0|0|0|649135
29274|IBEW 146 CREDIT UNION|25226||5834||19392|649199
29277|REPUBLIC BANK (MORTGAGE)|4513922||177045||4336877|649222
29278|REPUBLIC BANK (MORTGAGE)|812506||31650|218|780638|649222
29279|REPUBLIC BANK (TERM LOAN)|16440||16440||0|649222
29280|REPUBLIC BANK (L.O.C.)|500000||0||500000|649222
29281|AFSCME (TERM LOAN)|920188|||123606|796582|649222
29282|ALLY/GM FIN (AUTO LOANS)|73639|35798|21730|49750|37957|649222
29283|UFCW C.U. (AUTO LOANS)|45271|64267||15814|93724|649222
29284|HEWLETT PACKARD FIN|19082||11854||7228|649222
29289|NONE|0|0|0|0|0|649436
29290|State Farm Bank|3953|0|3343|0|610|649552
29291|NA|0|0|0|0|0|649585
29292|ALLY AUTO- BANK|0|33186|2437||30749|649654
29293|FORD CREDIT- AUTO FINANCER|0|35828|6234||29594|649654
29294|FORD CREDIT-AUTO FINANCER|0|35656|6245||29411|649654
29295|ALLY AUTO-BANK|0|29093|5157||23936|649654
29296|ALLY AUTO-BANK|0|28530|5098||23432|649654
29297|ALLY AUTO-BANK|0|4538|4538||0|649654
29298|ALLY AUTO-BANK|0|42316|3073||39243|649654
29299|Auto Loan - Canandaigua National Bank|6146||5262||884|649666
29300|Auto Loan - Canandaigua National Bank|10403||4848||5555|649666
29301|Auto Loan - Canandaigua National Bank|14167||4843||9324|649666
29302|Auto Loan - Canandaigua National Bank|32662||7940||24722|649666
29303|ALLY - 2015 MALIBU|39698||13793||25905|649732
29304|ALLY - 2015 SILVER IMPALA|45284||11304||33980|649732
29305|ALLY 2016 BLACK MALIBU||39698|8694||31004|649732
29306|ALLY 2016 IMPALA RED||37536|7071||30465|649732
29307|ALLY - 2017 BLACK IMPALA||35901|626||35275|649732
29308|ALLY - 2016 WHITE MAILBU||42199|711||41488|649732
29309|ALLY 2016 SILVERADO||37125|||37125|649732
29310|Auto loan|14802||14802||0|649732
29314|National Postal Mail Handlers Union|16232|||16232|0|649905
29315|Bonney, Allenburg & O'Reilly|654|0|654|0|0|649909
29318|N/A|0|0|0|0|0|650173
29327|Per Capita - SEIU|829609|0|60000|0|769609|650559
29328|Line of Credit at BB&T|18210|13392|6000|0|25602|650560
29329|Credit Card from BB&T|8118|2887|6000|0|5005|650560
29330|Line of Credit From Health & Welfare|19642|0|1000|0|18642|650560
29340|DE LAGE LANDEN |16938|0|10151|0|6787|652557
29342|SERVICE EMPLOYEES INTERNATIONAL UNION|2775000|0|0|0|2775000|652726
29343|NPWU PROTECH|6100|0|0|0|6100|652729
29344|Teamsters International Union|291000|0|0|0|291000|652793
29345|Baytree Nat'l Bank & Trust|5492||5492||0|653128
29356|N/A|0|0|0|0|0|653441
29357|Transportation Workers|0|50000|50000|0|0|653722
29358|COOP. CASA DEL TRABAJADOR|2382|25000|3731||23651|653838
29359|DE LAGE LANDEN FINANCIAL|393|0|393||0|653838
29360|VEGA COOP. - MORTGAGE|546970|0|27289|0|519681|653838
29377|TWU OF AMERICA|7002|0|4159|0|2843|654568
29396|LOAN PAYABLE|5249636||61245||5188391|655101
29407|Lake Trust Credit Union|87439|0|87439|0|0|655261
29423|LOAN - JOSEPH SENESE|1124|0|0|0|1124|655429
29424|NORTHBROOK LOAN - 005|353228|0|90168|0|263060|655429
29425|NORTHBROOK LOAN - 006|183328|0|45837|0|137491|655429
29426|LOAN - LOCAL 707|1072465|174530|92601|0|1154394|655429
29470|BANK OF AMERICA|406640||127509|0|279131|655845
29471|ALARIA CAPITAL GROUP|0|15814|543|0|15271|655845
29472|DeLage|0|77532|14214|0|63318|655845
29479|NONE|0|0|0|0|0|655927
29574|Line of Credit Suntrust Bank|3448974|55331024|58779998|0|0|656483
29575|Line of Credit Suntrust Bank|9125000|0|9125000|0|0|656483
29688|NPWU PROTECH|4214|0|0|0|4214|656829
29689|TRUCK DRIVERS, CHAUFFEURS & WHSEMEN|2616052|406960|15174|0|3007838|656829
29690|NPWU INSURANCE FUND|37950|14496|||52446|656829
29691|NPWU|245631|0|0|0|245631|656829
29707|NONE|0|0|0|0|0|657336
29736|NONE|0|0|0|0|0|658366
29743|N/A|0|0|0|0|0|658650
29744|NONE|0|0|0|0|0|658664
29843|GENERAL ELECTRIC CREDIT UNION|30047|0|5163|0|24884|661167
30014|NONE|0|0|0|0|0|665234
30069|De Lage Landen|1960|0|842|0|1118|666086
30122|ADSCME LOCAL 189|56666|0|20000|0|36666|666741
30382|Ford Credit||24177|1750||22427|668863
30602|FORD MOTOR COMPANY 1|21607|0|7315|0|14292|670730
30603|FORD MOTOR COMPANY2|9167|0|7563|0|1604|670730
30604|FORD MOTOR COMPANY3|32153|0|8938|0|23215|670730
30605|FORD MOTOR COMPANY4|31466|0|8337|0|23129|670730
30606|FORD MOTOR COMPANY5|45199|0|9170|0|36029|670730
30607|FORD MOTOR COMPANY6|48212|0|9248|0|38964|670730
30608|FORD MOTOR COMPANY7|42308|0|8825|0|33483|670730
30609|FORD MOTOR COMPANY8|0|54410|7086|0|47324|670730
30610|FORD MOTOR COMPANY9|0|50439|7100|0|43339|670730
30674|NONE|0|0|0|0|0|671029
30970|Bank of Labor Loan||50000|563||49437|676018
30971|Bank of America|9235||9235||0|676018
31002|n/a|0|0|0|0|0|676920
31500|HOLCOMB STATE BANK|3000|0|3000|0|0|688116
31522|None|0|0|0|0|0|689458
32598|Musicians Association of St. Louis|31729|0|0|0|31729|706640
33134|CHIRCO TITLE COMPANY|105290||31397||73893|718970
33271|NONE|0|0|0|0|0|721034
34372|BANK OF AMERICA|21880546|0|600000|0|21280546|736705
