OID|SOURCE|LOANS_OWED_START|LOANS_OBTAINED|CASH_REPAYMENT|NON_CASH_REPAYMENT|LOANS_OWED_END|RPT_ID
24908|JP MORGAN CHASE BANK|7538|0|7538|0|0|598760
23284|ALLY VEHICLE FINANCING|22221|0|2514|19707|0|573160
23380|Credit card Amalgamated Bank|6||6||0|575579
24515|N/A|0|0|0|0|0|587797
24591|Commerce Bank|12598|0|692||11906|591488
24630|Suntrust Line of Credit|622672|1776980|||2399652|592973
24647|NONE|0|0|0|0|0|593429
24648|DC 3 LEGAL SERVICES PLAN|122544|0|0|0|122544|593524
24649|GMAC - 2011 CHEVY IMPALA|7361|0|4742|0|2619|593680
24650|GMAC - 2010 CHRYSLER TOWN & COUNTRY|1249|0|1249|0|0|593680
24651|na|0|0|0|0|0|593743
24652|NONE|0|0|0|0|0|593751
24653|Ford Credit-Automobile|4627||2583||2044|594671
24656|OPEIU international union|45000|0|16250|0|28750|594697
24657|NONE|0|0|0|0|0|594706
24658|None|0|0|0|0|0|594751
24660|SEIU LOCAL 503|75000|0|75000|0|0|594770
24661|OHWBST|100000|100000|100000|0|100000|594770
24662|FORD MOTOR CORP|83061|45492|34712||93841|594810
24663|ALLY FINANCIAL|43265|0|0|43265|0|594810
24664|155 West 46 Owner LLC|4125293||142626||4083985|594853
24665|NONE|0|0|0|0|0|594873
24666|M&T Bank|0|703957|58663|0|645294|594924
24674|None|0|0|0|0|0|595579
24675|NONE|0|0|0|0|0|595585
24676|Northeastern Engineers Federal Credit Union|256417|0|14506|0|241911|595588
24677|Chase Bank|0|33311|4700|0|28611|595588
24678|Chase Bank|0|32663|4608|0|28055|595588
24731|None|0|0|0|0|0|597069
24679|POWERNET BANK|8128|0|5372|0|2756|595649
24680|Mortgage loan|655968|0|17273|0|638695|595694
24681|N/A|0|0|0|0|0|595709
24682|COMERICA BANK|1129511|0|168291||961220|595758
24684|HERGET BANK|11184|74656|18125||67715|595802
24685|FORD MOTOR CREDIT|36289|49311|13245||72355|595802
24686|MORTON COMM BANK|0|25745|412||25333|595802
24687|FORD CREDIT|0|10000|709||9291|595811
24689|AUTOSERV OF TILTON NH|36186|0|15157|0|21029|595893
24690|CHASE BANK|1002152|0|57998||944154|595901
24691|PITNEY BOWES|4468|0|1787||2681|595901
24692|XEROX CORPORATION|7405|0|2074||5331|596141
24693|Note Payable Vehicle|0|33708|447|0|33261|596143
24694|Mortgage Payable|184552|0|184552|0|0|596143
24696|NONE|0|0|0|0|0|596194
24697|NONE|0|0|0|0|0|596412
24709|Kerbeck Cadillac|42660|0|42660|0|0|596716
24710|FORD CREDIT|4448|0|4448|0|0|596748
24713|NONE|0|0|0|0|0|596765
24714|N/A|0|0|0|0|0|596778
24715|N/A|0|0|0|0|0|596854
24716|N/A|0|0|0|0|0|596856
24717|GMAC|29507|0|29507|0|0|596863
24718|VEHICLE NOTES|39918|0|21295|0|18623|596916
24719|NONE|0|0|0|0|0|596920
24724|SUNTRUST BANK|40418339|0|0|0|40418339|596960
24725|NONE|0|0|0|0|0|596988
24726|NONE|0|0|0|0|0|596994
24727|WEST COAST BANK|109329||81141||28188|596995
24730|NONE|0|0|0|0|0|597003
24734|WESTERN STATES OPE|51404|0|397|0|51007|597094
24736|Ally Bank|6620|0|6620|0|0|597139
24737|Ford Credit|0|40981|4303|0|36678|597139
24738|South State Bank|278941||244887||34054|597212
24739|BANK OF LABOR|822337||52998||769339|597384
24740|0|0|0|0|0|0|597409
24741|PAC NW IRONWKRS CU|15376|0|3098|0|12278|597464
24742|Teleconnect Lease|0|6000|1966|0|4034|597478
24743|NONE|0|0|0|0|0|597486
24745|Line of Credit|0|26000|886|0|25114|597553
24746|N/A|0|0|0|0|0|597559
24747|NONE|0|0|0|0|0|597581
24748|NONE|0|0|0|0|0|597614
24749|N/A|0|0|0|0|0|597622
24750|FORD MOTOR CREDIT|24086||24086||0|597684
24751|Diamond Credit Union|17700|0|4338|0|13362|597708
24753|NONE|0|0|0|0|0|597722
24754|FORD MOTOR CREDIT CORP|29500|0|5900|0|23600|597764
24755|FORD MOTOR CREDIT CORP|29441|0|5888|0|23553|597764
24756|FORD MOTOR CREDIT CORP|29722|0|5944|0|23778|597764
24757|FORD MOTOR CREDIT CORP|0|29626|5925|0|23701|597764
24758|FORD MOTOR CREDIT CORP|0|29626|5925|0|23701|597764
24759|GMAC|5983|0|0|5983|0|597764
24760|N/A|0|0|0|0|0|597770
24761|Great American Capital lease on Projector 60 month||52108|4605||47503|597772
24762|LINCOLN AUTOMOTIVE FINANCIAL SERVICES|29253|0|3657|25596|0|597790
24763|ALLY - 2015 BUICK ENCLAVE|0|45500|5460|0|40040|597790
24764|NONE|0|0|0|0|0|597853
24765|NONE|0|0|0|0|0|597868
24766|Ford Motor Credit|14725||14725||0|597872
24767|Ford Motor Credit|13339||13339||0|597872
24768|Ford Motor Credit|14220||14220||0|597872
24769|Ford Motor Credit|0|9816|893||8923|597872
24770|Ford Motor Credit|0|23148|3008||20140|597872
24771|Ford Motor Credit|0|20821|3324||17497|597872
24772|Ford Motor Credit|0|20777|3318||17459|597872
24773|Due to Affiliates|1700000||500000||1200000|597872
24775|NO.CA.CARPENTERS REGIONAL COUNCIL|2295024|0|114726|0|2180298|597919
24776|Ford Motor Credit|18895|0|3747|0|15148|597929
24777|NONE|0|0|0|0|0|597937
24778|Chrysler|16459|588|4377|0|12670|597952
24779|Bank of Labor|0|200000|50880|0|155634|597956
24780|none|0|0|0|0|0|597969
24781|NONE|0|0|0|0|0|597970
24782|NONE|0|0|0|0|0|597971
24783|NONE|0|0|0|0|0|597980
24784|NONE|0|0|0|0|0|597991
24785|First Niagara|0|18716|1560||17156|597996
24786|KONICA MINOLTA|12441|0|2706||9735|597997
24787|AUTOMOBILE LOANS|95039|0|32336||62703|598040
24788|N/A|0|0|0|0|0|598086
24789|NONE|0|0|0|0|0|598130
24790|NONE|0|0|0|0|0|598139
24791|NONE|0|0|0|0|0|598140
24792|NONE|0|0|0|0|0|598143
24793|N/A|0|0|0|0|0|598144
24794|N/A|0|0|0|0|0|598146
24799|NONE|0|0|0|0|0|598166
24800|NONE|0|0|0|0|0|598173
24801|Pitney Bowes Equipment Lease|34767|0|8388|0|26379|598193
24802|Ally Bank Auto Loan|22810|0|22810|0|0|598200
24803|Chrysler Capital Auto Loan|38728|0|38728|0|0|598200
24804|RBS Citizens Line of Credit|7312|482688|0|0|490000|598200
24805|Chrysler Capital Auto Loan|0|39364|1328|0|38036|598200
24806|Chrysler Capital Auto Loan|0|45495|0|0|45495|598200
24807|Chrysler Capital Auto Loan|0|26634|0|0|26634|598200
24809|IBEW Loan|52500|0|5000|0|47500|598212
24810|Line of Credit|123140||123140||0|598218
24811|NONE|0|0|0|0|0|598232
24812|NONE|0|0|0|0|0|598248
24813|Marietta JATC|0|38|0|0|38|598252
24814|NONE|0|0|0|0|0|598255
24815|CHASE AUTO FINANCE|20336|0|9223|0|11113|598258
24816|NONE|0|0|0|0|0|598262
24817|NONE|0|0|0|0|0|598263
24818|Automobile|22636|0|5134|0|17502|598264
24819|Ford Motor Credit|0|49221|11652|0|37569|598266
24820|NONE|0|0|0|0|0|598275
24821|NONE|0|0|0|0|0|598276
24822|N/A|0|0|0|0|0|598279
24823|NONE|0|0|0|0|0|598280
24824|Illinois Bank & Trust Auto Loans|47055|0|12106|0|34949|598295
24825|Revolving Line of Credit|0|164129|0|0|164129|598301
24826| NO CA CARPENTERS REGIONAL COUNCIL |1744969|0|50188|0|1694781|598309
24827|Note Payable - M&M Auto|30672||8875||21797|598343
24828|Credit Card Payables|17995||9098||8897|598343
24829|Ford Credit|0|50463|50463|0|0|598350
24830|Ford Credit|0|28831|409|0|28422|598350
24831|PNC Bank-Line of Credit|100000|0|0|0|100000|598353
24832|Ford Motor Credit|25677|0|5627|0|20050|598353
24833|N/A|0|0|0|0|0|598354
24834|NONE|0|0|0|0|0|598355
24835|MORTGAGE PAYABLE|187983||17292||170691|598364
24836|NONE|0|0|0|0|0|598375
24837|NONE|0|0|0|0|0|598383
24838|N/A|0|0|0|0|0|598389
24839|BANK LOAN|16995|0|16995|0|0|598392
24840|N/A|0|0|0|0|0|598394
24841|BANCO POPULAR DE PR|964105||43855||920250|598396
24842|COOP A&C BO. QUEBRADA|48780||3380||45400|598396
24843|WILMINGTON TRUST COMPANY|460000|0|460000|0|0|598399
24844|CHASE BANK|1290|0|1290|0|0|598399
24845|FIRST BANK OF DELAWARE|5822247|0|378025|0|5444222|598399
24846|CONSTRUCTION LOAN|54420|0|54420|0|0|598399
24847|ALLOY|0|23341|2284|0|21057|598399
24848|CONSTRUCTION LOAN|0|3906|0|0|3906|598399
24849|Enterprise-Capital Lease on Vehicles|1043653|680811|489485|0|1234979|598400
24850|BOA Investment Fund III, LLC.|10612500|0|0|0|10612500|598400
24851|BOA Investment Fund III, LLC|4387500|0|0|0|4387500|598400
24852|StateFarm Bank|8966|0|5013|0|3953|598409
24853|N/A|0|0|0|0|0|598410
24854|ALLY FINANCIAL - L110|20355|0|7489|0|12866|598416
24855|ALLY FINANCIAL - L69|20344|0|7489|0|12855|598416
24856|ALLY FINANCIAL - L37|20350|0|7489|0|12861|598416
24857|NONE|0|0|0|0|0|598417
24859|NONE|0|0|0|0|0|598441
24860|AUTO INSTALLMENT LOAN||19829|||19829|598455
24861|GEORGIA BUILDING TRADES ACADEMY|17401||17401||0|598455
24862|None|0|0|0|0|0|598457
24863|UNION SAVINGS BANK|18687|0|18687|0|0|598460
24864|FORD MOTOR CREDIT|291|0|291|0|0|598465
24865|FORD MOTOR CREDIT|32898|0|7188|0|25710|598465
24866|FORD MOTOR CREDIT|0|42970|2295|0|40675|598465
24867|FORD MOTOR CREDIT|0|37334|7240|0|30094|598465
24868|FORD CREDIT|19384||6135||13249|598484
24869|None|0|0|0|0|0|598486
24870|Ford Motor Credit|15701||4827||10874|598488
24871|Ford Motor Credit|17602||5412||12190|598488
24872|TD Bank|209976|0|31930|0|178046|598491
24873|NONE|0|0|0|0|0|598502
24874|BANK LOAN|13611|0|6978|0|6633|598507
24875|HORIZON BANK|701228|0|42762|0|658466|598510
24876|0|0|0|0|0|0|598523
24878|FORD MOTOR CREDIT||9543|9543||0|598548
24879|Ally|21473|0|11302||10171|598551
24880|NONE|0|0|0|0|0|598557
24881|NONE|0|0|0|0|0|598577
24882|AMALGAMATED BANK OF CHICAGO|3500000|0|1200000|0|2300000|598578
24883|EAGLE BANK|2065000|0|1200000|0|865000|598578
24884|NONE|0|0|0|0|0|598584
24885|Hometown Bank N.A.|380913|0|380913||0|598585
24886|SAGCD|24000|0|0|0|24000|598588
24887|INTERNATIONAL|24000|0|0|0|24000|598588
24888|DUE TO OFFICERS|12556|0|8333|0|4223|598588
24889|CREDIT CARDS|7625|9904|7625||9904|598589
24890|CREDIT CARD BALANCES|3297|5064|3297||5064|598591
24891|UNCLAIMED VACATION FUND CHECKS|8051||||8051|598591
24892|NONE|0|0|0|0|0|598595
24893|COOP. CASA DEL TRABAJADOR|2193|7000|6811|0|2382|598597
24894|DE LAGE LANDEN FINANCIAL|5115|0|4722|0|393|598597
24895|VEGA COOP. - MORTGAGE|572469|0|25499|0|546970|598597
24896|Atlanta Postal Credit Union|358866||358866||0|598598
24897|NONE|0|0|0|0|0|598603
24898|0|0|0|0|0|0|598608
24899|Community Business Lenders|145848|0|145848|0|0|598612
24900|NONE|0|0|0|0|0|598614
24901|CAPITAL LEASE PAYABLE|1663|0|1663|0|0|598622
24902|NONE|0|0|0|0|0|598629
24903|Bank of Labor|554821|0|20426|0|534395|598666
24904|none|0|0|0|0|0|598693
24905|Ally Financial|24640|0|4276|0|20364|598700
24906|NONE|0|0|0|0|0|598743
24907|N/P CapitalMark Bank|1994279|0|45241||1949038|598747
24909|ALLY BANK (AUTO)|0|26787|4569|0|22218|598768
24910|Not Applicable|0|0|0|0|0|598776
24911|Line of Credit, M&T Bank|1207|4403|1207||4403|598787
24912|1. Joe Cecconi's Chryslet Complex|16633||5575||11058|598792
24913|PowerNet Credit Union|0|56995|2072|0|54923|598797
24914|PNC Bank Term Loan $90K|53881|0|22628|0|31253|598799
24915|PNC Bank Term Loan $500K|449540|0|99897|0|349643|598799
24916|Ally Financial Auto Loan|44625|0|7359|0|37266|598799
24917|GMAC|10951|0|10951||0|598810
24918|Ally Bank - Auto Loan|0|29870|2424||27446|598810
24919|N/A|0|0|0|0|0|598813
24920|GMAC-BUICK LA CROSSE|1338|0|1338|0|0|598815
24921|First NBC Bank|222261||8043||214218|598816
24922|BANK OF AMERICA|526813|0|120173||406640|598819
24923|GMAC|10255||10255||0|598821
24924|Chase|0|29258|4636||24622|598821
24925|UNITED BUSINESS BANK- CONSTRUCTION LOAN|12000000||1240023||10759977|598840
24926|UBS FINANCIAL SERVICES|4923689|529|||4924218|598840
24928|Ford Auto Loan|4182|0|4182||0|598844
24929|Lake Charles Building|750000|0|750000||0|598844
24930|JP MORGAN|495871|0|0|6496|489375|598854
24931|Community Bank|47910|0|15454|0|32456|598856
24932|Eversource|0|29385|1224|0|28161|598862
24933|0|0|0|0|0|0|598866
24934|N/A|0|0|0|0|0|598871
24935|Ally|8287|0|4602|0|3685|598876
24936|Ally|10153|0|4716|0|5437|598876
24937|Regions|832627|0|48299|0|784328|598876
24938|Regions|945690|0|54452|0|891238|598876
24939|F&M|333512|8265|0|0|341777|598876
24940|F&M|301000|0|301000|0|0|598876
24941|Ally|0|34701|0|0|34701|598876
24942|F&M|0|296000|0|0|296000|598876
24943|Pinnacle|0|30000|0|0|30000|598876
24944|Regions|398697|0|215283|0|183414|598876
24945|Pinnacle|156709|0|156709|0|0|598876
24946|Regions|197473|3079|0|0|200552|598876
24947|F&M|95596|0|25066|0|70530|598876
24948|NONE |0|0|0|0|0|598882
24949|JP Morgan Chase|307934||100158||207776|598891
24950|NONE|0|0|0|0|0|598899
24951|M&T BANK|39756|0|11927|0|27829|598930
24952|CLEARVIEW FCU|109160|0|22037|0|87123|598932
24953|Ally Bank - Auto Loan|11954|0|4978||6976|598945
24954|Capital Lease Obligation|819|0|819|0|0|598959
24955|None|0|0|0|0|0|598964
24956|ALLY BANK|0|196973|65389|0|131584|598969
24957|2015 CHEVY TRAVERSE AUTO LOAN|18564|35488|5443|13121|35488|598984
24958|NONE|0|0|0|0|0|598985
24959|Ford Credit|183814|116118|80243|22671|197018|598989
24960|Commerce Bank|1395510|0|53516|0|1341994|598994
24961|NONE|0|0|0|0|0|598998
24962|N/A|0|0|0|0|0|599001
24963|MIDWEST CARPENTERS & MILLWRIGHTS FCU|48601|0|48601|0|0|599002
24964|CWA Loan I|52685|0|52685||0|599003
24965|Ironworkers Local #340|207558|0|0|0|207558|599005
24966|Bank of America|1253409|0|72609|0|1180800|599007
24967|Ally Financial Auto|15016|0|3806|0|11210|599007
24968|Wells Fargo Auto|9009|0|9009|0|0|599007
24969|UFCW International Loan|271371|0|97501|0|173870|599007
24970|Ford Credit|0|0|0|0|16232|599007
24971|NONE|0|0|0|0|0|599012
24973|BANK OF LABOR|0|786785|38158|0|748627|599020
24974|NONE|0|0|0|0|0|599026
24975|FORD CREDIT|19939|0|19939||0|599033
24976|0|0|0|0|0|0|599045
24977|AMALGAMATED BANK|2544841|0|0|0|2544841|599058
24978|ALLY FINANCIAL-TRUCK NOTE|11701|0|4975|0|6726|599062
24979|Citibank|0|66000000|0|0|66000000|599064
24980|Ally Financial|0|31448|2686|0|28762|599070
24981|NONE|0|0|0|0|0|599073
24984|Bryn Mawr Trust Bank|61829|0|11313|0|50516|599076
24985|GMAC CREDIT CORPORATION|227833|51072|47447|0|231458|599081
24986|INT'L BROTHERHOOD OF BOILERMAKERS|760451|0|480918|0|279533|599081
24987|CHRYSLER CREDIT|25095|0|3624|0|21471|599081
24988|SOUTHWESTERN GROUP|250000|0|150000|0|100000|599081
24989|FORD CREDIT|0|34914|34914|0|0|599081
24990|BRENTWOOD BANK|0|1744000|50975|0|1693025|599081
24993|NBT BANK|9120|0|4560|0|4560|599096
24994|US BANCORP EQ FINANCE|4372||3708||664|599174
24995|NJ STATE FRATERNAL ORDER OF POLICE|266871||14925||251946|599184
24996|INVESTORS BANK |8269||3874||4395|599184
24998|Integrity First Bank Mortgage|391538||27880||363658|599193
24999|First Mid-Illinois Bank|17877|0|5130|0|12747|599204
25000|BOK COMMERCIAL LOAN|569876|0|47027|0|522849|599216
25001|PNC Bank|41060|0|4362|0|36698|599220
25002|Wells Fargo|38574|0|38574|0|0|599220
25003|BROTHERHOOD BANK & TRUST|50152|0|50152|0|0|599253
25004|United Association|0|250000|0|0|250000|599262
25005|LU 538 JATC|209502|12900|12900||209502|599262
25006|TEXAS GULF BANK|59443|0|13514||45929|599264
25007|CHRYSLER CAPITAL|30000|0|30000|0|0|599265
25008|FORD CREDIT|4289||4289||0|599270
25009|J.A. ROCCO|675|0|675|0|0|599278
25010|none|0|0|0|0|0|599290
25011|Car Loan|0|8342|0|0|8342|599319
25017|Powernet Credit Union|204805|0|9873|0|194932|599392
25018|P & S CREDIT UNION|45664||45664||0|599400
25019|JOINT APPRENTICE FUND|13200||||13200|599400
25020|BANK OF AMERICA CREDIT CARDS-NET|14567||9237||5330|599423
25021|LEASE BUYOUT PAYABLE|23944||9970||13974|599423
25022|CAR LOANS|0|27278|5129||22149|599423
25024|ALTA TAX SOFTWARE|7500|0|7500||0|599440
25025|DIRECT FINANCE CAPITAL|9584||9584||0|599440
25026|DATATEK|3000||0||3000|599440
25027|DISTRIBUTION SOFTWARE|19500|0|19500||0|599440
25028|AVANTO HEALTH CARE|10416||10416||0|599440
25029|CHASE AUTO FINANCE|13852|0|13852|0|0|599449
25030|FORD CREDIT|292090|38586|154847|0|175829|599449
25031|MORTGAGE PAYABLE|1350000|0|||1350000|599451
25032|Amalgated Bank of Chicago|31538|0|31538||0|599473
25033|ALLY BANK|0|30000|1791||28209|599487
25035|ALLY BANK (AUTO LOANS)|122938|0|122938|0|0|599561
25037|Mortgage|54178|0|10275||43903|599921
25038|Automobile|21582|0|6941||14641|599921
25039|WHITNEY BANK|126642|0|20642|106000|0|600020
25040|FIRST SOUTHERN BANK|662417||37983||624434|600031
25041|FIRST SOUTHERN BANK|24705||24705||0|600031
25042|XEROX|3992||1618||2374|600031
25043|N/A|0|0|0|0|0|600048
25044|None|0|0|0|0|0|600197
25045|ALLY|6932|0|4381|330|2221|600200
25046|ALLY|6932|0|4381|330|2221|600200
25047|ALLY||20981|4101|0|16880|600200
25049|AFSCME|225000|0|225000|0|0|600220
25050|ALLY AUTOMOBILE LOAN|19707|0|19707|0|0|600266
25052|East Side Neighborhood Dev.|3142|||1571|1571|600311
25053|Citizens One - Car Loan|0|30332|2419||27913|600385
25054|Ally - Car Loan|18932|0|2863|16069|0|600385
25055|Chase|53454|0|17714|35740|0|600395
25056|Auto Loans|63172||28859||34313|600415
25057|None|0|0|0|0|0|600444
25059|Doral Bank (FDIC)|89172||11725||77447|600657
25060|UBS|323956|39885|193380||170461|600657
25061|NA|||||0|600729
25063|Capitalized lease obligation|28053|0|28053||0|600814
25064|0|0|0|0|0|0|600949
25066|Ford Credit (Fusion1)|15962||5017||10945|600989
25067|Ford Credit (Fusion 2)|17152||5390||11762|600989
25068|Ally Financial|16279|0|4520|0|11759|601025
25069|Ford Credit|14650|0|5056|0|9594|601088
25070|Ford Credit|21625|0|5306|0|16319|601088
25071|Ford Motor Credit Company|57381|0|18640|0|38741|601110
25072|TD Auto Finance, LLC|14248|0|13129|0|1119|601110
25073|TEAMSTERS CREDIT UNION|4523|0|2409|2114|0|601111
25074|NO LOANS|0|0|0|0|0|601146
25075|UIU LOCAL #1|100000|0|100000||0|601158
25076|N/A|0|0|0|0|0|601165
25077|N/A|0|0|0|0|0|601166
25084|N/A|0|0|0|0|0|601341
25086|BROTHERHOOD BANK AND TRUST|3265253|0|126940|0|3138313|601455
25087|NONE|||||0|601468
25088|ILLINOIS NATIONAL BANK|21502|15105|6915|0|29692|601625
25089|NONE|0|0|0|0|0|601638
25090|Certificates payable|3350|0|0|0|3350|601652
25091|SOUTHSIDE BANK|4443|0|4443|0|0|601669
25092|SOUTHSIDE BANK|4324|0|4324|0|0|601669
25093|SOUTHSIDE BANK|3638|0|3638|0|0|601669
25094|Brotherhood Bank|302991|0|49043|0|253948|601690
25095|AUTO LOAN|10156|0|10156|0|0|601706
25096|Advanced Dues from National|0|304000|278900||25100|601765
25097|CWA INTERNATIONAL|853516||29436||824080|601777
25098|Ford Credit|14058||14058||0|601801
25099|AUTOMOBILE INSTALLMENT LOAN|13067|0|4900||8167|601833
25100|CWA NATIONAL|725475|0|0|28528|696947|601835
25101|US BANK N.A.|0|17707|1037|0|16670|601848
25102|Harris (Bldg Loan)|29040||29040||0|601948
25103|Riverside Line of Credit|200000||120000||80000|601948
25104|CWA NATIONAL|193586|0|0|2865|190721|601983
25105|SOUTHSIDE BANK|13418|0|7984|0|5434|601986
25106|SOUTHSIDE BANK|9589|0|4395|5194|0|601986
25107|SOUTHSIDE BANK|0|39000|3016|0|35984|601986
25108|DELL BUSINESS CREDIT|0|3399|363|0|3036|601986
25109|NONE|0|0|0|0|0|601991
25110|N/A|0|0|0|0|0|601996
25111| ||||||602002
25112|PEOPLES NATIONAL BANK|25049|0|5665||19384|602009
25113|PowerNet Credit Union |35900|0|11833|0|24067|602027
25117|MEDIA GUILD RETIREMENT PLAN|275856|0|275856|0|0|602038
25118|East Boston Savings Bank|80367|0|19100||61267|602046
25119|Union Yes FCU - Line of Credit|83553||62105||21448|602052
25120|CWA INTERNATIONAL|75238|0|10078|0|65160|602092
25121|National Basketball Players Association|0|323137|0|323137|0|602094
25122|N/A|0|0|0|0|0|602116
25123|CWA - National|0|250000|2316|0|247684|602119
25126|None|0|0|0|0|0|602127
25127|260 PARK AVENUE REALTY CORP.|41233217|0|28062|9975|41234767|602175
25128|49 EAST 21 COMPANY, INC.|8436027|0|0|5500|8433327|602175
25129|KONICA MINOLTA PREMIER FINANCE|419902||159457||260445|602204
25130|KONICA MINOLTA|97287||21905||75382|602204
25132|MORTGAGE PAYABLE|62102||2972||59130|602244
25133|CWA AFL-CIO, CLC National Union|806536|0|196045|0|610491|602247
25134|Regions|78254||8138||70116|602261
25135|Regions|18840|29900|9750||38990|602261
25136|Promissory Note CWA Int'l|0|100000|4242||95758|602272
25139|DUE TO NATIONAL|431988|0|18910|0|413078|602304
25140|CTU LOCAL 101-12|42392|87171|79000|0|50563|602312
25141|N/A|0|0|0|0|0|602324
25142|Not Applicable|0|0|0|0|0|602342
25143|PNC Bank, N.A.|195212|0|8021|187191|0|602379
25144|Marlin Leasing Corp|57576|0|21005||36571|602602
25145|CWA WASHINGTON, DC|292933|0|11499|0|281434|602628
25146|N/A|0|0|0|0|0|602756
25147|FORD MOTOR CREDIT|9217||9217||0|602839
25148|FORD MOTOR CREDIT|22526||5632||16894|602839
25149|FORD MOTOR CREDIT||44134|6620||37514|602839
25157|PNC BANK|7495|0|7495|0|0|602942
25158|0|0|0|0|0|0|602963
25159|CWA National|142624||8961||133663|603139
25409|AXIS|75622||41264||34358|608618
25163|Five Star Credit Union|1598916|0|393149|0|1205767|603179
25164|N/A  NO LOANS PAYABLE|0|0|0|0|0|603239
25168|ALLY AUTO|12398|0|12398|0|0|603306
25169|FORD CREDIT|20512|0|6147|0|14365|603306
25170|BANK OF EDWARDSVILLE|0|32000|5160|0|26840|603306
25171|MORGAN STANLEY|2255625|69151|68917|0|2255859|603620
25174|0|0|0|0|0|0|604240
25175|None|0|0|0|0|0|604328
25176|SunTrust Bank|0|392000|3490|0|388510|604391
25177|CWA INTERNATIONAL|132|0|132|0|0|604500
25180|International Union|70000|0|5869||64131|604652
25181|None|0|0|0|0|0|604706
25182|FORD CREDIT|53127|0|53127|0|0|604716
25183|ALLY BANK|0|31462|1895|0|29567|604716
25184|N/A|0|0|0|0|0|604748
25185|FNB Bank|209620|0|23261|0|196000|604749
25186|Ford Motor Credit|12082|0|3864|0|8218|604749
25187|ALLY BANK|22568|25000|25363|0|22205|604784
25188|FORD CREDIT|0|22506|22506|0|0|604784
25189|Ally|3300||3300||0|604848
25190|The Finishing Trades Institute of New York|0|120000|7302|0|112698|604860
25191|PLATINUM LEASING|15026|0|3379||11647|604900
25192|MORTGAGE 150 HARTWELL ST W. BOYLSTON MA|596082||20984||575098|604902
25193|AUTO LOAN|13247||3361||9886|604902
25194|AUTO LOAN||21697|991||20706|604902
25195|LOCAL 4 JOINT APPRENTICE COMMITTEE|43295|||18674|24621|604902
25196|N/A|0|0|0|0|0|604966
25197|IBEW 146 CREDIT UNION|1387||1387||0|605010
25198|IBEW 146 CREDIT UNION||30000|4774||25226|605010
25199|NONE|0|0|0|0|0|605020
25200|None|0|0|0|0|0|605067
25201|Copier Loan|566|0|566||0|605103
25202|Auto Loan|7500|0|7500||0|605103
25203|MORTGAGE PAYABLE - CHASE|345081|0|345081|0|0|605120
25204|AUTO LOAN|6736|0|1373|0|5363|605120
25205|MORTGAGE PAYABLE - M&T|0|340000|6655|0|333345|605120
25206|FORD EXPLORER AUTO LOAN|20856|0|6257|0|14599|605132
25207|FORD TAURUS AUTO LOAN|19641|0|5186|0|14455|605132
25208|GMC TERRAIN AUTO LOAN|26418|0|6184|0|20234|605132
25209|JEEP PATRIOT AUTO LOAN|0|14577|1919|0|12658|605132
25210|none|0|0|0|0|0|605243
25211|GM FINANCIAL|0|15377|0|0|15377|605245
25212|None|0|0|0|0|0|605248
25213|Ford Credit|19550|0|19550|0|0|605272
25215|Union Bank & Trust|0|177500|9819|0|167681|605301
25216|Bank of Springfield|1938134|0|72748|0|1865386|605402
25218|NONE|0|0|0|0|0|605451
25219|N/A|0|0|0|0|0|605494
25220|AMERICAN NATIONAL BANK|290275|0|40602|0|249673|605541
25221|None|0|0|0|0|0|605552
25222|Toledo Postal Employees Credit Union|98677|0|11195|0|87482|605572
25223|BANK OF AMERICA|7340135|0|392676|0|6947459|605590
25224|FORD CREDIT|14676|0|5606|0|9070|605669
25225|FORD CREDIT|14694|0|5594|0|9100|605669
25226|ALLY BANK AUTO LOAN|0|32292|12919|0|19373|605669
25227|ALLY FINANCIAL|32416|0|7873|0|24543|605683
25228|ALLY FINANCIAL|32700|0|7949|0|24751|605683
25229|ALLY FINANCIAL|31620|0|7786|0|23834|605683
25230|ALLY FINANCIAL|34320|0|8082|0|26238|605683
25231|LINCOLN AUTO FINANCIAL SERVICES|21701|0|6467||15234|605687
25232|NONE|0|0|0|0|0|605690
25233|NONE|0|0|0|0|0|605761
25234|International Union, UAW|214330|0|38251|0|176079|605762
25235|Auto Loan Payable|17759|0|17759|0|0|605764
25236|CAPITAL LEASE PAYABLE - PHONE SYSTEM|16683|0|4182|0|12501|605839
25237|CHRYSLER CAPITAL|25564|0|7991|0|17573|605840
25238|CHRYSLER CAPITAL|26891|0|8406|0|18485|605840
25239|FORD CREDIT|32232|0|32232|0|0|605840
25240|1st Community Bank|150712|0|2538|0|148174|605861
25241|n/a|||||0|605925
25242|n/a|||||0|605925
25245|HN/A|0|0|0|0|0|605969
25247|Ford Motor Credit|79583|0|45851|11061|42721|606022
25248|PNC Bank Line of Credit|0|0|0|0|100000|606022
25249|NONE|0|0|0|0|0|606027
25250|NO LOANS|0|0|0|0|0|606039
25251|NONE|0|0|0|0|0|606040
25252|FORD CREDIT|0|21705|3795|0|17910|606052
25253|ALLY AUTO|0|23022|844|0|22178|606092
25254|N/A|0|0|0|0|0|606097
25255|HOME STAR BANK|18181|0|18181|0|0|606105
25256|PNC BANK LOUISVILLE, KY|19457|0|10968|0|8489|606149
25257|FORD MOTOR COMPANY|10023|0|9223|0|800|606159
25259|METROPOLITAN CREDIT UNION|224046||9024||215022|606186
25260|NONE|0|0|0|0|0|606233
25261|Ford Motor Credit||28737|28737||0|606322
25262|none|0|0|0|0|0|606323
25263|First National Bank|17736|17944|3294|0|32386|606337
25264|United Steelworkers Int|49996|0|0|49996|0|606353
25265|Loan Payable on Building|599096|0|57394||541702|606387
25266|FORD MOTOR CREDIT|0|24707|1767||22940|606403
25267|FORD MOTOR CREDIT|0|27983|0||27983|606403
25269|NP Ford Credit|23330||5815||17515|606462
25277|EXTENSIA FINANCIAL|1391473|0|241637||1149836|606541
25278|First NBC Bank||100000|100000||0|606608
25279|BANK OF AMERICA|18684|0|9449|0|9235|606644
25280|Ford Motor Credit|0|27196|2266|0|24930|606732
25281|Ford Motor Credit|0|12397|2064|0|10333|606732
25282|TULSA FEDERAL CREDIT UNION|43339|0|4146|0|39193|606736
25283|N/A|0|0|0|0|0|606830
25284|APPLICATION SOFTWARE|7114|0|5335|0|1779|606893
25285|SUN FEDERAL CREDIT UNION|0|80000|19680||60320|606899
25286|RWDSU NATIONAL|155466||12832||142634|606904
25287|N/A|0|0|0|0|0|606910
25288|SEIU INTL. UNION|0|500000|200000|0|300000|606925
25289|Morgan Stanley Line of Credit|119405|0|119405||0|607001
25290|HOLCOMB STATE BANK|0|10000|7000|0|3000|607011
25291|N/A|0|0|0|0|0|607046
25292|FORD MOTOR CREDIT|11813|0|11813|0|0|607048
25293|FORD MOTOR CREDIT|18308|0|4444|0|13864|607048
25294|ALLY BANK|62457|0|9476|0|52981|607048
25295|ALLY BANK|0|30513|3314|0|27199|607048
25296|FORD MOTOR CREDIT|0|31334|2611|0|28723|607048
25297|0|0|0|0|0|0|607125
25298|Duplicator Sales|4554||3643||911|607126
25299|Ford Credit|42924||8721||34203|607126
25300|Ford Credit|35450||35450||0|607126
25301|Ford Credit||38694|4514||34180|607126
25302|Roofers Local Property Company|319582|0|0|3600|315982|607141
25303|NONE|0|0|0|0|0|607142
25304|TEAMSTERS CREDIT UNION|3452|0|3452|0|0|607180
25305|Ford Credit|0|16481|16481||0|607182
25306|Ford Credit|0|20257|20257||0|607182
25307|N/A|0|0|0|0|0|607228
25308|NONE|0|0|0|0|0|607243
25309|Ford Motor Credit|10755||5972||4783|607259
25310|Ford Motor Credit|26307||5890||20417|607259
25311|NONE|0|0|0|0|0|607318
25312|Auto Loan Payable|42600|0|8814||33786|607338
25313|VINTON COUNTY BANK|144893|0|11388||133505|607385
25314|Capital Lease (Xerox x7525)|6714|0|2709|0|4005|607408
25315|CHIRCO TITLE COMPANY|135594|0|27905|0|105290|607418
25316|NONE|0|0|0|0|0|607437
25317|GM Financial|0|72975|0|0|72975|607478
25318|Chase|7700||||7700|607501
25319|NONE|0|0|0|0|0|607514
25320|MERRILL LYNCH|3173|47478|50651|0|0|607533
25321|MERRILL LYNCH|1500000|0|1000000|0|500000|607533
25322|Ally Bank|38893|0|5554|0|33339|607566
25323|0|0|0|0|0|0|607578
25324|N/A|0|0|0|0|0|607623
25325|Ford Motor Credit|126972|0|43910|0|83062|607625
25326|NONE|0|0|0|0|0|607626
25327|ALLY BANK|14389|0|7849|0|6540|607641
25328|ALLY BANK|15715|0|8980|0|6735|607641
25329|ALLY BANK|16539|0|9021|0|7518|607641
25330|NONE|0|0|0|0|0|607646
25331|CHASE AUTO FINANCE|34660|0|8371|0|26289|607659
25332|LOANS PAYABLE - FIRST COMMONWEALTH|400344|0|17573|0|382771|607672
25333|LOANS PAYABLE - URA|182857|0|7734|0|175123|607672
25334|N/A|0|0|0|0|0|607674
25335|PNC Bank|85741|0|9249|0|76492|607707
25338|CHEVY SILVERADO|26459|0|7605|0|18854|607730
25339|FORD CREDIT|12111|0|12111|0|0|607737
25340|CHRYSLER CAPITAL|27342|0|27342|0|0|607737
25342|0|0|0|0|0|0|607754
25343|Bankcorp South Auto Loan|8702||8702||0|607766
25344|Armstrong Truck Loan|0|23580|0|0|23580|607766
25345|UNION YES FEDERAL CREDIT UNION|30670|0|10012|0|20658|607775
25346|VISA - CREDIT CARD|4532|1304|0|0|5836|607775
25347|(See additional information|0|0|0|0|0|607775
25348|regarding loans obtained.)|0|0|0|0|0|607775
25349|none|0|0|0|0|0|607801
25350|NONE|0|0|0|0|0|607814
25351|FORD CREDIT|29098|0|5417||23681|607819
25352|LINE OF CREDIT -TFCU|157197|180011|337208||0|607854
25353|NONE|0|0|0|0|0|607861
25354|NONE|0|0|0|0|0|607877
25355|FORD MOTOR CREDIT CO.|172139|135017|122667|0|184489|607915
25356|Ford Credit|3314||3314||0|607925
25357|NONE|0|0|0|0|0|607972
25358|NONE|0|0|0|0|0|608019
25360|No Loans|0|0|0|0|0|608032
25361|NONE|0|0|0|0|0|608036
25362|FORD MOTOR CREDIT CO.|124289|44500|64355|0|104434|608128
25363|CHRYSLER CAPITAL|45850|37414|30196|0|53068|608128
25364|none|0|0|0|0|0|608156
25365|NONE|0|0|0|0|0|608170
25366|Money One Federal Credit Union|20000|0|20000|0|0|608270
25367|Ford Credit|132395|0|21032|0|111363|608270
25368|Ally Bank|13980||7871||6109|608303
25369|Ford Motor Credit|13112||5644||7468|608303
25370|Notes Payable-Autos|93472|21859|38626|0|76705|608304
25371|Notes Payable-Autos|22002|0|10834||11168|608308
25372|Ford Credit|34956|0|34956|0|0|608319
25373|NONE|0|0|0|0|0|608357
25374|Ameriserv Financial Bank|220308||12950||207358|608406
25375|NE TEAMSTERS FCU|0|129610|19637||109973|608419
25376|FORD CREDIT|0|12301|12301|0|0|608429
25379|Hann Financial Services|26630||3916||22714|608465
25380|Hann Financial Services|23509||3458||20051|608465
25381|Hann Financial Services|22205||3266||18939|608465
25382|Money Market|14142|0|14142|0|0|608492
25383|Car Loan||24561|3605||20956|608514
25384|MECHANICS SAVINGS BANK|10327|49907|19166||41068|608538
25385|CONNECTIVITY POINT||7761|970||6791|608538
25386|STATE OF MARYLAND|177430|0|5000|172430|0|608539
25387|AUTO LOAN-ALLY|6193|0|6193|0|0|608540
25388|AUTO LOAN-ALLY|28822|0|4917|0|23905|608540
25389|AUTO LOAN-ALLY|0|37097|3091|0|34006|608540
25390|AUTO LOAN-ALLY|0|31399|2616|0|28783|608540
25391|Illinois National Bank|259773||259773||0|608543
25392|PNC BANK MORTGAGE|0|250000|3333|0|246667|608546
25393|Ford Credit Company|1479|0|1479|0|0|608555
25394|Ally|11830|0|6010|0|5820|608555
25395|NONE|0|0|0|0|0|608562
25396|CHRYSLER CAPITAL|18293||3041||15252|608573
25397|MORTGAGE PAYABLE|385178||385178||0|608582
25398|NONE|0|0|0|0|0|608596
25399|NE TEAMSTERS FCU|30753|27004|31886||25871|608599
25400|FIRST NIAGARA|17631|0|4044||13587|608599
25401|Avectra Inc|2465|0|0|2465|0|608603
25402|FORD MOTOR CREDIT - EXPLORER|1576||1576||0|608605
25403|FORD MOTOR CREDIT - EXPLORER|3651||3651||0|608605
25404|LINCOLN FINANCIAL SERVICES|31436||9933||21503|608605
25405|REPUBLIC BANK|500000||35482||464518|608618
25406|FORD MOTOR CREDIT|11630||5210||6420|608618
25407|LINCOLN AUTOMOTIVE FINANCE|1151||1151||0|608618
25408|FORD MOTOR CREDIT|11456||5299||6157|608618
25410|TD EQUIPMENT FINANCE|76512||22434||54078|608618
25411|GRAYBAR FINANCIAL|22039||6552||15487|608618
25412|None|0|0|0|0|0|608647
25413|NONE|0|0|0|0|0|608653
25415|BankDirect Capital Finance|23088||23088||0|608664
25416|UFCW Strike Fund|142355|0|4543|0|137812|608678
25417|Mortgage Loan|406604||406604||0|608680
25418|n/a|0|0|0|0|0|608735
25419|M & T BANK|0|300000|10000|0|290000|608772
25420|none|0|0|0|0|0|608775
25421|First Citizens Bank|605180||51148||554032|608783
25422|ALLY/ RBSCitizen|97900|0|91680|6220|0|608811
25423|NONE|0|0|0|0|0|608880
25424|FORD MOTOR CREDIT COMPANY|23935|0|6961|0|16974|608884
25425|COMERICA BANK|832761|0|315901|0|516860|608888
25426|NONE|0|0|0|0|0|608923
25427|n/a|0|0|0|0|0|608930
25428|ALLY|5393|0|5393||0|608934
25429|CHRYSLER FINANCIAL|58723|30009|37205||51527|608934
25430|FORD MOTOR CREDIT|15939|0|3764|0|12175|608936
25431|PRO SERV|6908|0|2920|0|3988|608936
25432|N/A|0|0|0|0|0|608944
25433|N/A|0|0|0|0|0|608944
25434|N/A|0|0|0|0|0|608944
25435|N/A|0|0|0|0|0|608944
25436|N/A|0|0|0|0|0|608944
25437|N/A|0|0|0|0|0|608944
25438|N/A|0|0|0|0|0|608944
25439|N/A|0|0|0|0|0|608944
25440|N/A|0|0|0|0|0|608944
25441|N/A|0|0|0|0|0|608944
25442|N/A|0|0|0|0|0|608944
25443|N/A|0|0|0|0|0|608944
25444|NONE|0|0|0|0|0|608949
25445|Loan Payable to WIT Federal Credit Union|26151|0|6061|0|20090|608971
25446|Loan Payable to Ford Credit|26801|0|6212|0|20589|608971
25447|Loan Payable to WIT Federal Credit Union|400|0|400|0|0|608971
25448|Loan Payable to Ford Credit|22521|0|5003|0|17518|608971
25449|Loan Payable to Wells Fargo Dealer|0|21211|4571|0|16640|608971
25450|Loan Payable to WIT Federal Credit Union|0|18509|2981|0|15528|608971
25451|COOPERATIVA MOROVEÑA|1514|5985|0|0|7499|608994
25452|LAKE TRUST CREDIT UNION|504330|0|416891|0|87439|609003
26196|FORD CREDIT|0|59204|16286|0|42918|613359
25453|LOAN BMO HARRIS|219464|0|11989||207475|609014
25454|FORD CREDIT|0|21537|21537|0|0|609060
25455|UA LUOE PENSION FUND|10313|0|5335|0|4978|609063
25456|CHRYSLER CAPITAL|20798|0|20798|0|0|609063
25457|ALLY BANK|34430|0|7178|0|27252|609063
25460|0|0|0|0|0|0|609077
25461|IA Local 45|107379|0|4608|0|102771|609105
25462|NONE|0|0|0|0|0|609117
25463|NONE|0|0|0|0|0|609123
25464|N/A|0|0|0|0|0|609124
25465|Union Yes Credit Union - Auto Loans|246501|0|78533|0|167968|609131
25466|Ford/Lincoln - Auto Loans|97586|0|97586||0|609138
25467|LINE OF CREDIT|461727|29422|98541|0|392608|609170
25468|ALLY AUTO LOAN|25775|0|5235|0|20540|609170
25469|NONE|0|0|0|0|0|609175
25470|Unifi Equip finance Ervin leasing|2344|0|2344|0|0|609179
25471|NONE|0|0|0|0|0|609181
25472|AUTO LOAN-ALLY|5094|0|2668|0|2426|609182
25473|AUTO LOAN-ALLY|22437|0|5609|0|16828|609182
25474|AUTO LOAN-ALLY|23297|0|5825|0|17472|609182
25475|AUTO LOAN-ALLY|23715|0|5929|0|17786|609182
25476|AUTO LOAN-ALLY|25188|0|5812|0|19376|609182
25477|Ford Credit|0|17519|511||17008|609189
25478|Empire Bank|14263||4938||9325|609194
25479|ALLY BANK|13991|0|13991|0|0|609215
25480|Automobile loan|0|8949|254|0|8695|609225
25481|N/A|||||0|609230
25482|MCKESSON FCU|2375|0|2375||0|609231
25483|Media Members FCU|17892|0|3293|0|14599|609233
25484|NONE|0|0|0|0|0|609236
25485|NATIONAL POSTAL MAILHANDLERS UNION|78832||27767|51065|0|609241
25486|HORIZON BANK, NATIONAL ASSOCIATION|14919|0|2345|0|12574|609262
25487|HORIZON BANK, NATIONAL ASSOCIATION|15152|0|2535|0|12617|609262
25488|HORIZON BANK, NATIONAL ASSOCIATION|15152|0|2535|0|12617|609262
25489|HORIZON BANK, NATIONAL ASSOCIATION|15911|0|2387|0|13524|609262
25490|HORIZON BANK, NATIONAL ASSOCIATION|15348|0|3269|0|12079|609262
25491|HORIZON BANK, NATIONAL ASSOCIATION|15710|0|2430|0|13280|609262
25492|HORIZON BANK, NATIONAL ASSOCIATION|15710|0|2430|0|13280|609262
25493|HORIZON BANK, NATIONAL ASSOCIATION|59160|0|10060|0|49100|609262
25494|HORIZON BANK, NATIONAL ASSOICATION|60000|5000|0|0|65000|609262
25495|HORIZON BANK, NATIONAL ASSOCIATION|0|15800|1912|0|13888|609262
25496|HORIZON BANK, NATIONAL ASSOCIATION|0|16900|988|0|15912|609262
25497|HORIZON BANK, NATIONAL ASSOCIATION|0|15800|1913|0|13887|609262
25498|  OHIO TEAMSTERS CREDIT UNIO|20063||7118|0|12945|609268
25499|OHIO TEAMSTERS CREDIT UNION|20764||7367|0|13397|609268
25500|OHIO TEAMSTERS CREDIT UNION|21338||7571|0|13767|609268
25501|Enterprise Fleet Management|165698|0|120707|0|44991|609271
25502|0|0|0|0|0|0|609275
25503|Merrill Lynch LMA Account|1990759|0|1990759|0|0|609288
25504|Peoples United Bank Credit Card|1083|15004|16087|0|0|609298
25505|American Express Credit Card|0|8612|8612|0|0|609298
25506|Ford Motor Credit Corp|12936|0|12936|0|0|609311
25507|Forc Motor Credit Corp|32789|0|32789|0|0|609311
25508|N/A|0|0|0|0|0|609320
25509|Ford Motor Credit #14||25600|4926||20674|609337
25510|Ford motor Credit #15||31891|7087||24804|609337
25511|Ally Bank #10|2703||2703||0|609337
25512|Chryler Credit#11|21505||11730||9775|609337
25513|Ford Credit #12|15427||8415||7012|609337
25514|Ford Credit #13|15427||8415||7012|609337
25515|Building Loans|116754||||116754|609338
25516|M&T Bank - Auto Loans|52941|0|10809|0|42132|609380
25517|Ford Motor Credit|15101|0|9945|0|5156|609396
25518|Ford Motor Credit|32005|0|10973|0|21032|609396
25519|Ford Motor Credit|0|35959|4495|0|31464|609396
25520|Black Hill Federal Credit Union|14975||4969||10006|609401
25521|Leasing Company |27819||5604||22215|609411
25522|0|0|0|0|0|0|609418
25523|Jefferson Bank & Trust|53860|0|6000|0|47860|609424
25524|Jefferson Bank & Trust|0|15326|0|0|15326|609424
25525|Jefferson Bank & Trust|3754|0|3754|0|0|609424
25526|NONE|0|0|0|0|0|609430
25527|NA|0|0|0|0|0|609447
25528|Bank First National|0|300000|0||300000|609463
25529|ALLY FINANCIAL|4057|0|4057||0|609499
25533|M&T Bank|1040670|0|210212|0|830458|609524
25534|Owed to Other Funds|10842|11959|10842||11959|609524
25541|N/A|0|0|0|0|0|609532
25542|Auto Loan 1|0|41013|3418|0|37595|609533
25543|Auto Loan 2|0|39938|3328|0|36610|609533
25544|HUNTINGTON BANK|38791|0|7637||31154|609560
25554|N/A|0|0|0|0|0|609601
25559|There were no loans|0|0|0|0|0|609620
25577|Ally (GMAC)|10232|0|10232|0|0|609778
25578|Wells Fargo Dealer Services|20015|0|20015|0|0|609778
25579|Wells Fargo Dealer Services|19988|0|19988|0|0|609778
25580|Ally (GMAC)|18202|0|565|17637|0|609778
25581|Ally (GMAC)|20536|0|5244|0|15292|609778
25582|OPCMIA|100000|111950|0|0|211950|609780
25589|AUTOMOBILE LOAN|23017|0|6150|0|16867|609826
25590|AUTOMOBILE LOAN|19255|32572|20806|0|31021|609826
25591|AUTOMOBILE LOAN|42800|25261|18324|0|49737|609826
25597|NONE|0|0|0|0|0|609914
25599|NONE|0|0|0|0|0|609927
25606|FORD CREDIT - AUTO LOAN|26164||26164||0|609949
25609|n/a|0|0|0|0|0|609957
25613|NONE|0|0|0|0|0|609987
25614|N/A|0|0|0|0|0|609989
25623|FORD CREDIT - AUTO LOAN|22661|0|0|22661|0|610019
25627|Commerial Auto Loans|68016|29651|22981|0|74686|610043
25628|Merrill Lynch Margin Loan|0|74947|116||74831|610057
25629|Capital Lease-Tamco|0|17296|1806||15490|610057
25630|IBERIABANK LINE OF CREDIT|18063|33742|41342||10463|610063
25631|COMMUNITY BANK 3.13%-3.73%|179828|156412|148709|0|187531|610067
25632|CHASE AUTO FINANCE|42009|0|10077|0|31932|610109
25633|N/A|0|0|0|0|0|610118
25634|Ford Motor Credit|16668|0|4762|0|11906|610122
25635|FORD CREDIT|9563|0|6756|0|2807|610146
25636|NONE|0|0|0|0|0|610153
25637|Auto loan payable-Ford motor credit|15582|0|9813|0|5769|610155
25638|Auto loan payable-Ally|38375|161450|55773|0|144052|610155
25639|Commerce Bank|180893|0|43023||137870|610198
25640|NONE|0|0|0|0|0|610259
25641|Ford Motor Credit|0|22985|11011||11974|610310
25642|National Bank of SC|167193|0|33921|0|133272|610313
25643|Auto Loan Ford Fusion Grey|9483||4565||4918|610331
25644|Auto Loan Ford Fusion Bordeaux|9435||4543||4892|610331
25645|Auto Loan Ford Explorer 2016||57209|0||57209|610331
25646|Wesbanco Bank|29187||5456||23731|610335
25647|Wesbanco Bank|36394||4651||31743|610335
25648|Pitney Bowes Lease|22151|0|4943|0|17208|610336
25649|ALLY GMAC|247993|0|49475|0|198518|610359
25650|STERLING BANK|0|27600|824|0|26776|610359
25651|FORD CREDIT|37073|0|6486||30587|610375
25652|Notes Payable-Autos|31546|0|17622||13924|610376
25653|GMAC|1433||1433||0|610382
25654|Land Lot Charles Grant|250000|0|250000|0|0|610395
25655|N/A|0|0|0|0|0|610483
25656|0|0|0|0|0|0|610487
25657|0|0|0|0|0|0|610488
25658|OPEIU (Affiliated Union)|101000|0|101000|0|0|610498
25659|Sea Island Bank|0|600000|600000|0|0|610498
25660|Auto- 2015 Ford Escape|24788|0|24788|0|0|610501
25661|NONE|0|0|0|0|0|610524
25662|WELLS FARGO AUTO LOAN|34889|0|12000|0|22889|610527
25663|COPIER CAPITAL LEASE|14025||6550||7475|610544
25664|None|0|0|0|0|0|610566
25665|FORD CREDIT|25406|0|5646|0|19760|610574
25666|CHASE AUTO FINANCE|37586|0|5489|0|32097|610574
25667|FORD CREDIT|0|29089|902|0|28187|610574
25668|MILESTONE BANK|25000|0|25000|0|0|610574
25669|ALLY FINANCIAL BANK|17515|0|9085||8430|610600
25670|NONE|0|0|0|0|0|610622
25671|ALLY GMAC|0|104677|2513|0|102164|610627
25672|ALLY GMAC|7917|0|7917|0|0|610627
25673|NONE|0|0|0|0|0|610639
25674|LOAN FROM INTERNATIONAL|5750|0|5750|0|0|610642
25675|AUTO LOAN|16341|0|3378|0|12963|610642
25676|NONE|0|0|0|0|0|610654
25677|none|0|0|0|0|0|610667
25678|Ford Motor Credit|27747|0|27747|0|0|610668
25685|N/A|0|0|0|0|0|610696
25686|0|0|0|0|0|0|610698
25687|Toledo Teamsters Federal CU|8965|0|6425|0|2540|610699
25688|Toledo Teamsters Federal CU|4180|0|4180|0|0|610699
25689|Toledo Teamsters Federal CU|0|55000|8495|0|46505|610699
25690|Old Second National Bank|1426168||63826||1362342|610716
25691|Ford Credit|2795||2795||0|610716
25692|NONE|0|0|0|0|0|610728
25693|NONE|0|0|0|0|0|610729
25694|Ford Motor Credit|3999||3999||0|610740
25695|0|0||0|0|0|610756
25696|PLUMBERS & FITTERS LOCAL 675 FEDERAL CREDIT UNION|111204||31187||80017|610760
25697|0|0|0|0|0|0|610795
25698|N/A|0|0|0|0|0|610799
25699|IB of Electrical Workers Local 8|26017|0|26017|0|0|610810
25700|UA Local 50 Plumbers & Steamfitters|26000|0|26000|0|0|610810
25701|IW of H&F and Asbestos Workers Local 45|10400|0|10400|0|0|610810
25702|NWO Laborers Local 500|1000|0|1000|0|0|610810
25703|Painters & Decorators Local 7|10400|0|10400|0|0|610810
25704|Sheet Metal Workers Local 33|26000|0|26000|0|0|610810
25705|Chrysler Capital|0|31175|10775|0|20400|610810
25706|NONE|0|0|0|0|0|610820
25953|Vehicle loan|41137|21167|44262||18042|612241
25708|NONE|0|0|0|0|0|610830
25709|Ford Motor Credit|55818|0|12179||43639|610834
25710|NONE|0|0|0|0|0|610835
25712|Ford Credit -  F150 2012|18714|0|12958|0|5756|610851
25713|Ford Credit  - F150 2013 (1) |31856|0|13182|0|18674|610851
25714|Ford Credit  - F150 2013 (2)|33868|0|13110|0|20758|610851
25715|Ford Motor Credit|39883|0|2292|0|37591|610857
25716|ALLY BANK - CAR LOAN|0|17509|438|0|17071|610859
25717|NONE|0|0|0|0|0|610867
25718|Elmira Savings Bank|387256|0|12207|0|375049|610868
25719|STREDC|500000|0|10013|0|489987|610868
25720|Avaya Capital Lease|8259|0|1425|0|6834|610868
25721|Elmira Savings Bank - Bridge loan|0|141770|141770|0|0|610868
25722|KANSAS STATE BANK OF MANHATTAN|146613|0|34453|0|112160|610877
25723|CREDIT UNION CHEVY EQUINOX|0|26074|5677|0|20397|610880
25724|NONE|0|0|0|0|0|610883
25725|LINE OF CREDIT|0|3476|0|0|3476|610887
25726|NONE|0|0|0|0|0|610890
25727|PNC Bank line of credit|54864|0|54864|0|0|610900
25728|P&S Local No. 83 Credit Union|19166||19166||0|610901
25729|MEMBERS FIRST CREDIT UNION|8827|0|8827|0|0|610906
25730|MEMBERS FIRST CREDIT UNION|3505|0|3505|0|0|610906
25731|MEMBERS FIRST CREDIT UNION|11022|0|11022|0|0|610906
25732|MEMBERS FIRST CREDIT UNION|11322|0|11322|0|0|610906
25733|MEMBERS FIRST CREDIT UNION|0|17407|2669|0|14738|610906
25734|MEMBERS FIRST CREDIT UNION|0|14399|2208|0|12191|610906
25735|MEMBERS FIRST CREDIT UNION|0|14639|2244|0|12395|610906
25736|MEMBERS FIRST CREDIT UNION|0|17988|1910|0|16078|610906
25737|UN TRUST|0|21751|21751|0|0|610906
25738|ALLY FINANCIAL AUTO LOANS|1955|0|1955|0|0|610924
25739|NONE|0|0|0|0|0|610935
25740|FORD CREDIT|0|23948|4390|0|19558|610939
25741|NONE|0|0|0|0|0|610950
25742|FORD CREDIT-2011 EXPEDITION|15294|0|15294|0|0|610971
25743|CHRYSLER CREDIT-2014 JEEP CHEROKEE|31701|0|31701|0|0|610971
25744|FORD CREDIT-2014 EXPLORER|31453|0|31453|0|0|610971
25745|NONE|0|0|0|0|0|610974
25746|Loan - Prosper Bank|540203|0|19732||520471|610977
25748|SEIU International (Labor Organization)|375000|0|0|0|375000|610997
25749|Ford Vehicle Loan|21665|16210|6227||31648|611007
25750|0|0|0|0|0|0|611021
25751|Ford Motor Credit|0|18849|0|0|18849|611043
25752|Ford Motor Credit|0|22628|0|0|22628|611043
25753|FORD MOTOR CREDIT CORP.|32754|0|5780|0|26974|611068
25754|1|0|0|0|0|0|611076
25755|Citizens One Auto Finance|43124|0|8252|0|34872|611134
25756|Ford Motor Credit Company|31293|0|8788|0|22505|611136
25758|nothing to declare|0||||0|611192
25759|NONE|0|0|0|0|0|611259
25760|Blackhawk Bank|1924563|107054|83451||1948166|611260
25761|BRIAN MURPHY|0|26800|26800||0|611268
25762|DELL COMPUTERS|7853|0|2604||5249|611273
25763|ALLY|10237||10237||0|611275
25764|FORD CREDIT|21546||21546||0|611275
25765|FORD CREDIT|0|44766|12435||32331|611275
25766|NEFCU|75023|144885|33009|0|186899|611300
25767|NONE|0|0|0|0|0|611301
25768|none|0|0|0|0|0|611302
25769|NONE|0|0|0|0|0|611329
25770|NONE|0|0|0|0|0|611330
25772|ALLY FINANCIAL|0|33197|1106||32091|611335
25773|UNION FIDELITY CU|16266|14933|4666||26533|611349
25775|NONE|0|0|0|0|0|611357
25776|TD Auto Finance|27504|0|7431||20073|611368
25777|SECAP|3234|0|3234|0|0|611371
25778|PULASKI BANK|765876||25452||740424|611377
25779|Workers United|335000|0|0|0|335000|611379
25780|SEIU|150000|0|0|0|150000|611379
25781|NONE|0|0|0|0|0|611383
25782|Plumbers 55 Federal Credit Union |1023||1023||0|611407
25783|Plumbers 55 Federal Credit Union|6063||6063||0|611407
25784|Plumbers 55 Federal Credit Union|11345||11345||0|611407
25785|Plumbers 55 Federal Credit Union |20500||9943||10557|611407
25786|FORD CREDIT|7156|12357|4281|0|15232|611409
25787|CITY OF CLEVELAND|60915|0|5957|0|54958|611409
25788|Line of Credit - Associated Bank|23834|0|4848|0|18986|611412
25789|Laborers Local 1098|62060|0|5772|0|56288|611415
25790|Laborers Local 355|62060|0|5772|0|56288|611415
25791|Laborers Local 1076|62060|0|5772|0|56288|611415
25792|Laborers Local 499|62061|0|5773|0|56288|611415
25793|Laborers Local 1191|62061|0|5773|0|56288|611415
25794|Laborers Local 1329|62061|0|5772|0|56289|611415
25795|LONGO LEXUS|18060|0|10782||7278|611420
25796|FORD MOTOR CREDIT|22035||4617||17418|611447
25797|MARLIN FINANCIAL|32167||32167||0|611447
25798|Installment Notes|30810||14550||16260|611451
25799|Loan-UFCW Int'l. Union|59560|0|59560||0|611469
25800|NONE|0|0||0|0|611478
25801|NATIONAL POSTAL MAIL HANDLERS UNION|36185||36130||55|611479
25803|Ford Credit|1397|0|1397|0|0|611501
25804|Ally Bank|11666|0|8704|0|2962|611501
25805|Due to PAC Fund |0|2500|0|0|2500|611504
25806|NONE|0|0|0|0|0|611547
25807|Line of Credit|171478||33557||137921|611548
25808|Mortgage|124655||34447||90208|611548
25809|N/A|0|0|0|0|0|611552
25810|GEORGE ELKINS MORTGAGE BANKING|2908434||126200||2782234|611558
25811|GMAC Financing|34383||7668||26715|611582
25812|GMAC Financing|37696||8377||29319|611582
25813|Riverside Bank|871796||||871796|611582
25814|Seafarers Int'l Union of N.A.- AGLIW|1050000|0|65000||985000|611586
25815|FORD CREDIT |7840||5762|2078|0|611589
25816|FORD CREDIT|7927||6296|1631|0|611589
25817|FORD CREDIT|8351||5733|2618|0|611589
25818|FORD CREDIT|7927||5757|2170|0|611589
25819|FORD CREDIT|9163||5929|3234|0|611589
25820|FORD CREDIT|624||313|311|0|611589
25821|FORD CREDIT|8925||5348|3577|0|611589
25822|FORD CREDIT|21192||3911||17281|611589
25823|FORD CREDIT|22253||4107||18146|611589
25824|FORD CREDIT|22195||4096||18099|611589
25825|FORD CREDIT||25509|850||24659|611589
25826|FORD CREDIT||14729|||14729|611589
25827|FORD CREDIT||18680|||18680|611589
25828|FORD CREDIT||12302|||12302|611589
25829|Seafarers International Union of N.A.- AGLIW|150000|0|100000||50000|611593
25830|NONE|0|0|0|0|0|611594
25831|NONE|0|0|0|0|0|611600
25832|NONE|||||0|611602
25833|Seafarers International Union of N.A.- AGLIW|1854645|0|10000|0|1844645|611603
25834|Sheet Metal Workers Local #80|1516123|68249|0|0|1584372|611616
25835|Sheet Metal Workers Local #80|441842|0|73306|0|368536|611616
25836|NONE|0|0|0|0|0|611621
25837|Ally|9647||4871||4776|611623
25838|Ally|14597||4232||10365|611623
25839|CAPITAL LEASE|0|64800|8819||55981|611626
25840|Ally Bank|28221||8063||20158|611630
25841|PNC Bank|726063||409439||316624|611630
25842|NONE|0|0|0|0|0|611638
25843|NONE|0|0|0|0|0|611641
25846|Ally Financial|26715||5544||21171|611656
25847|Ally Financial|54661||14907||39754|611656
25848|Ford Motor Credit|57791||8829||48962|611656
25849|TRADESMAN COMMUNITY CREDIT UNION|0|13107|2911|0|10196|611659
25858|FORD CREDIT|26032||11642||14390|611703
25859|SERRAMONTE FORD|15873||9058||6815|611709
25860|None|0|0|0|0|0|611714
25861|N/A|0|0|0|0|0|611761
25862|WELLS FARGO BANK NA|4623714||4623714||0|611802
25863|LINE OF CREDIT - BANK OF AMERICA|1645414|0|213003|0|1432411|611809
25865|IMCU OPERATING LOAN $25,000 CD COLLATERAL)|9171|0|2873|0|6298|611825
25866|IMCU 2010 LINCOLN MKZ|12940|0|6162|0|6778|611825
25867|STAR FINANCIAL LINE-OF-CREDIT (BLDNG COLLATERAL)|12193|0|4826|0|7367|611825
25868|IMCU 2006 BUICK LUCERNE|6903|0|2442|0|4461|611825
25864|SUNTRUST - JOILET, IL|987292||260005||727287|611824
25869|Capital lease obligation|4249|0|1157|0|3092|611829
25870|Discovery Federal Credit Union|10129|0|4132|0|5997|611831
25871|Discovery Federal Credit Union|9845|0|2844|0|7001|611831
25872|NONE|0|0|0|0|0|611840
25873|ILLINOIS BANK AND TRUST|9910|0|3408|0|6502|611845
25874|FORD CREDIT|17991|0|4556|0|13435|611845
25875|INTERNATIONAL UNION OF BRICKLAYERS|0|200000|0|0|200000|611845
25876|CHRYSLER CAPITOL LOAN|0|23895|5310|0|18585|611851
25877|FORD CREDIT|12985|0|12985|0|0|611851
25878|Amalgamated Bk of Chicago|1506883|0|79396|0|1427487|611865
25879|Ally Finance Company|88925|0|17091|0|71834|611865
25880|Ford Credit Services|175014|40316|67817|0|147513|611868
25881|US Bancorp Equipment Finance|50035|0|12623|0|37412|611868
25882|Ally Financial|15740|0|15740||0|611878
25885|Ally|13918||6897|0|7021|611906
25886|Ally|19445||3537|15908|0|611906
25887|Chrysler Captial|0|33200||0|33200|611906
25888|Citizens Bank|258627|0|23790|0|234837|611906
25889|Per Capita - SEIU|929609|0|100000||829609|611920
25890|no loans payable|0|0|0|0|0|611928
25892|FRED KELLEY |12482|0|12482||0|611933
25893|ALLIANCE BANK-2709 BLOOMFIELD |0|200000|0|0|200000|611942
25894|AUTO - FORD|127304|0|7059|0|120245|611950
25895|NONE|0|0|0|0|0|611974
25896|NONE|0|0|0|0|0|611975
25898|FORD CREDIT CO.|0|19754|19754|0|0|611992
25899|Ford Motor Credit Company|28727|0|5907|0|22820|612011
25900|Glens Falls National Mortgage|1883255|0|1883255||0|612016
25901|LOAN - JOSEPH SENESE|1124|0|0|0|1124|612020
25902|NORTHBROOK LOAN - 005|447342|0|94114|0|353228|612020
25903|NORTHBROOK LOAN - 006|237499|0|54171|0|183328|612020
25904|LOAN - LOCAL 707|919756|176666|23957|0|1072465|612020
25905|NPWU PROTECH|6100|0|0|0|6100|612022
25906|NPWU PROTECH|4214|0|0|0|4214|612026
25907|TRUCK DRIVERS, CHAUFFEURS & WHSEMEN|2241722|374330|0|0|2616052|612026
25908|NPWU INSURANCE FUND|37950|0|0|0|37950|612026
25909|NPWU|245631|0|0|0|245631|612026
25910|LOAN|269805|0|26807|0|242998|612033
25911|LOAN AUTOMOBILE|36713|0|7958|0|28755|612033
25912|LINE OF CREDIT|0|300000|0|0|300000|612033
25913|MoneyOne FCU Loan|6359||6359||0|612040
25914|Everbank Commercial Finance||9167|146||9021|612040
25915|Small Business Administration|140197|0|3068||137129|612047
25916|Louis  Pernice|20000|20000|0|0|40000|612047
25917|Viriva Credit Union|102183||102183||0|612054
25918|Santander Line of Credit|3150101||0|3150101|0|612054
25919|Ally Bank|34226||8559||25667|612054
25920|Ally Bank|228215||54507||173708|612054
25921|Ally Bank|0|47802|6460||41342|612054
25922|None|0|0|0|0|0|612058
25924|0|0|0|0|0|0|612105
25925|NONE|0|0|0|0|0|612107
25926|Ally Financing (Auto)|44374|0|21451||22923|612142
25927|Ally - Auto loan|36740||36740||0|612157
25928|Chevrolet - Auto loan|35534||35534||0|612157
25929|PNC Construction Loan|1104737|0|67984|0|1036753|612159
25930|PA ISRP Loan|441812|0|33166|0|408646|612159
25931|PNC Reconstruction Loan|112667|0|26000|0|86667|612159
25932|0|0|0|0|0|0|612184
25933|0|0|0|0|0|0|612184
25934|0|0|0|0|0|0|612184
25935|0|0|0|0|0|0|612184
25936|0|0|0|0|0|0|612184
25937|0|0|0|0|0|0|612184
25938|0|0|0|0|0|0|612184
25939|0|0|0|0|0|0|612184
25940|0|0|0|0|0|0|612184
25941|0|0|0|0|0|0|612184
25942|0|0|0|0|0|0|612184
25943|0|0|0|0|0|0|612184
25950|None|0|0|0|0|0|612213
25952|WEBSTER BANK|54573|0|10375||44198|612237
26230|FORD CREDIT|19655|0|5729|0|13926|613565
25954|NONE|0|0|0|0|0|612245
25955|Auto Loan|8023|0|3485||4538|612249
25956|Auto Loan|0|32133|3603||28530|612249
25957|Auto Loan|0|32768|3675||29093|612249
25958|Auto Loan|7928|0|7928||0|612249
25959|FORD CREDIT (17 AUTO LOANS)|16669|306644|313096||10217|612258
25960|Amalgamated Bank|0|275000|114583|0|160417|612277
25963|ALLY BANK AUTO LOAN|7179|0|4501|0|2678|612283
25964|ALLY BANK AUTO LOAN|13170|0|2419|0|10751|612283
25965|NONE|0|0|0|0|0|612284
25967|THE BANK OF EDWARDSVILLE|0|20000|401|0|19599|612300
25970|FORD MOTOR CO CREDIT|49848|0|19379|0|30469|612309
25977|UAW Local #889|5908|0|5908|0|0|612327
25978|WHITNEY LOAN|0|107827|107827|0|0|612357
25980|UNITED BUSINESS BANK|280538|0|30608||249930|612387
25981|NONE|0|0|0|0|0|612391
25982|Park Bank|0|552650|8745|0|543905|612394
25983|Ford Motor Credit Corp. |23441|0|6565|0|16876|612400
25984|Ford Motor Credit Corp. |0|41046|0|0|41046|612400
25985|IBEW LOCAL FCU|9313||1486||7827|612403
25986|Auto Loan - Ally Bank|22645|0|22645|0|0|612422
25987|Auto Loan - Ally Bank|22647|0|22647|0|0|612422
25988|Auto Loan - Ally Bank|15022|0|4079|0|10943|612422
25989|Auto Loan - Ally Bank|20597|0|3707|0|16890|612422
25990|Auto Loan - Ally Bank|14664|0|14664|0|0|612422
25991|Auto Loan - Ally Bank|23494|0|23494|0|0|612422
25992|Auto Loan - Ally Bank|17993|0|3080|0|14913|612422
25993|Auto Loan - Ally Bank|27587|0|27587|0|0|612422
25994|Auto Loan - Ally Bank|28874|0|28874|0|0|612422
25995|Auto Loan - Ally Bank|0|28632|1018|0|27614|612422
25996|Auto Loan - Ally Bank|0|27344|973|0|26371|612422
25997|none|0|0|0|0|0|612424
25998|2012 FORD EDGE|14794|0|5414|0|9380|612435
25999|2012 DODGE DURANGO|17413|0|5884|0|11529|612435
26000|2012 DODGE DURANGO|26514|0|9251|0|17263|612435
26001|2013 DODGE JOURNEY|21992|0|5707|0|16285|612435
26002|2014 CHEVY EQUINOX|21690|0|5331|0|16359|612435
26003|CANON FINANCIAL SERVICES, INC.|3173|0|3173|0|0|612439
26004|MAILROOM CONSULTANTS|846|0|846|0|0|612439
26005|MAILROOM CONSULTANTS|18799|0|3530|0|15269|612439
26006|MAILROOM CONSULTANTS|0|6647|3270|0|3377|612439
26007|CANON FINANCIAL SERVICES, INC.|0|15439|2129|0|13310|612439
26008|Auto Loan - Canandaigua National Bank|11099||4953||6146|612444
26009|Auto Loan - Canandaigua National Bank|15006||4603||10403|612444
26010|Auto Loan - Canandaigua National Bank|18835||4668||14167|612444
26011|Auto Loan - Canandaigua National Bank|40242||7580||32662|612444
26012|ALLY|13295|0|4212|0|9083|612445
26013|ALLY|2413|0|2413|0|0|612445
26014|ALLY|6922|0|6922|0|0|612445
26015|ALLY|7500|0|7500|0|0|612445
26016|ALLY|10030|0|7036|0|2994|612445
26017|ALLY|10299|0|7225|0|3074|612445
26018|ALLY|10248|0|5590|0|4658|612445
26019|ALLY|16621|0|6554|0|10067|612445
26020|  ||||||612445
26021|SEIU|16707535|0|0|0|16707535|612457
26022|FIRST Insurance Funding|29865|0|29865|0|0|612457
26023|FIRST Insurance Funding|0|108493|77920|0|30573|612457
26024|Pennsylvania Joint Board|0|275000|114583|0|160417|612457
26025|Premium Assignment Corp|22377|0|22377|0|0|612457
26026|Premium Assignment Corp|0|61535|39159|0|22376|612457
26027|Premium Assignment Corp|0|123501|123501|0|0|612457
26028|ALLY - 3 AUTO LOAN|14335|0|14335|0|0|612458
26029|Ford motor credit-Auto loan|2842|0|2842|0|0|612468
26030|Ascentium-Truck loan|0|85589|2867|0|82722|612468
26031|Premium Assignment Corp.-Ins. policy|17139|0|17139|0|0|612468
26032|Bank|169462||13436||156026|612469
26033|CISCO|26223|0|8744|0|17479|612480
26034|FIRST MIDWEST BANK|29508|0|0|0|29508|612480
26035|AUTO LOAN-ALLY|583|0|583|0|0|612486
26041|Town & Country Bank|279529|0|178189|0|101340|612510
26042|Ford Landmark|0|10000|0|0|10000|612510
26043|Ford Landmark|0|10000|0|0|10000|612510
26044|JP MORGAN CHASE BANK|13490|0|4288|0|9202|612511
26045|ALLY|41744|0|7917|0|33827|612511
26046|STEAMFITTERS LOCAL 439 INDUSTRY ADVANCEMENT FUND|9918|0|9918|0|0|612511
26047|BANK OF LABOR|0|200000|0|0|200000|612527
26048|N/A|0|0|0|0|0|612528
26049|Ford Credit|0|22770|16921|0|5849|612532
26050|Ford Credit|0|18930|14064|0|4866|612532
26051|Ally Bank|0|20609|781|0|19828|612532
26054|Hometown National Bank|55564|0|17933|0|37631|612540
26055|International Teamsters|87252|0|14975|0|72277|612540
26056|First State Bank|23130|0|4249|0|18881|612540
26061|N/A|0|0|0|0|0|612561
26066|NONE|0|0|0|0|0|612577
26068|OFFICE & PROFESSIONAL EMPLOYEE INT'L UNION|4164|0|4164|0|0|612580
26070|ALLY (AUTO LOAN)|56382|0|26259|0|30123|612582
26071|FORD CREDIT|48483|0|11408|0|37075|612582
26075|Equipment Leases|31677|0|31677|0|0|612589
26076|MORTG-1ST SECURITY BANK OF WA|60830||35368||25462|612603
26077|PIERCE TRANSIT PAYABLE-NET CHANGE|21945|1883|||23828|612603
26078|CREDIT CARDS-NET CHANGE|2410|95|||2505|612603
26079|Due to Public|1763687|257857||50949|1970595|612610
26080|Ford Escape - 46672|17766||5170||12596|612610
26081|Ford Escape - 91339|17118||4982||12136|612610
26082|Ford Escape - 76392|11521||11521||0|612610
26083|Ford Escape - 83653|14870||4327||10543|612610
26084|Ford F-150 - 57751|23148||6737||16411|612610
26085|Ford Edge - 29475||39396|||39396|612610
26088|N/A|0|0|0|0|0|612618
26090|Ford Credit|101857|89211|42904||148164|612622
26091|0|0|0|0|0|0|612629
26097|Burke and Herbert Line of Credit|120513|730000|600513||250000|612642
26098|AMALGAMATED BANK OF CHICAGO|0|475000|475000|0|0|612650
26099|UNION YES FEDERAL CREDIT UNION|268029|0|58219|0|209810|612662
26100|SO CA PIPE TRADES DC 16|163049|0|11078|0|151971|612662
26101|Ford Credit|0|29990|2999|0|26991|612666
26102|Ally|0|41025|11171||29854|612673
26106|0|0|0|0|0|0|612698
26107|UFCW International|122085|0|122085|0|0|612702
26108|Employee Payroll Error|3|0|0|0|0|612703
26109|AMALGAMATED BANK|245633|0|2586||243047|612706
26110|UA DISTRICT COUNCIL 16|261538|0|261538|0|0|612712
26111|City National Bank|1625000|0|1625000|0|0|612725
26112|NONE|0|0|0|0|0|612754
26113|U.S. Bank|0|250000|0||250000|612776
26114|M&T BANK|23909||23909||0|612788
26115|OPEIU INTERNATIONAL|74042|145480|83741||135781|612798
26116|AUTO LOANS|61331||23472||37859|612798
26117|OPERATING ENGINEERS FEDERAL CU|16194|0|16194||0|612850
26118|UMPQUA BANK|15143|0|15143||0|612850
26119|Bonney, Allenburg & O'Reilly|6654||6000||654|612871
26120|Morgan Stanley - LOC|320080|90579|||410659|612878
26121|Ally - auto loans|240969||54132||186837|612878
26123|421743|392121|0|31811|0|360310|612918
26124|0|0|0|0|0|0|612928
26126|None|0|0|0|0|0|612938
26127|Credit Union|41788|0|11875|0|29913|612939
26128|Ford|250470|140207|166179|0|224498|612945
26129|Bank of Utica|23018|0|7563|0|15455|612945
26130|Ally|84832|0|35179|0|49653|612945
26131|Bank of Utica|23513|0|9648|0|13865|612945
26132|Bank of Utica|94497|0|48745|0|45752|612945
26134|ALLY CREDIT|112852|57979|38123||132708|612973
26135|FORD MOTOR CREDIT|8750||8750||0|612973
26136|INVESTORS BANK|217669||217616||53|612973
26137|TD BANK|16878||7442||9436|612973
26138|M&T BANK|34580||23704||10876|612973
26139|WELLS FARGO BANK||36000|1800||34200|612973
26140|TD Bank|102571|0|27046|0|75525|613001
26141|Local Union No. 380 Credit Union|6568|0|6568|0|0|613029
26142|Local Union No. 380 Credit Union|7529|0|7529|0|0|613029
26143|Chrysler Financial|27090|40744|11951|21929|33954|613045
26144|TD BANK NA|13541|0|631|12910|0|613050
26146|Bank of America|68697759|0|2421615|0|66276144|613055
26147|NONE|0|0|0|0|0|613062
26148|N/A|0|0|0|0|0|613064
26149|Ally|8636|0|5869|0|2767|613076
26150|Ally|0|32603|3635|0|28968|613076
26151|Sterling Bank|18752||5152||13600|613082
26152|Ford Credit|16925|0|7140|0|9785|613087
26153|Nissan|10564|0|7443|0|3121|613087
26154|Toyota|11243|0|7923|0|3320|613087
26155|Ally Bank|211618|0|57954|0|153664|613087
26156|NONE|0|0|0|0|0|613092
26157|M&T Line of Credit|6889|0|6889|0|0|613116
26158|Automobiles - Enterprise Fleet|78967|0|32707|0|46260|613130
26159|EAGLE BANK AND TRUST|1423707|0|110375|0|1313332|613137
26160|Valley National Bank|200000||37124||162876|613138
26161|Vacation Fund|51337|74553|51337|0|74553|613166
26162|ALLY FINANCIAL|0|5013|||5013|613170
26163|None|||||0|613207
26164|PNC BANK, PITTSBURGH,PA |72164||82533||0|613211
26165|None|0|0|0|0|0|613223
26166|Ford Credit|7388||6812||576|613233
26168|None|0|0|0|0|0|613267
26167|USAmeriBank|69875|0|8850||61025|613268
26169|Ally Bank|21847||21847||0|613271
26170|Lincoln Financial||32702|4543||28159|613271
26171|Ford Credit||32200|17077||15123|613271
26172|Ally Bank - Chrysler||24739|242||24497|613271
26173|None|0|0|0|0|0|613288
26174|N/A|||||0|613304
26175|None|0|0|0|0|0|613318
26176|National Union of Hospital & Health Care|0|100000|32973|0|67027|613325
26177|UFCW International|115000|0|38500|0|76500|613330
26178|Ford|3418|0|3418|0|0|613330
26179|Ford|17575|0|4526|0|13049|613330
26180|Ford|21851|0|4843|0|17008|613330
26181|Ford|23722|0|4824|0|18898|613330
26182|Chrysler capital|0|29733|0|0|29733|613330
26183|Ford|0|25971|3342|0|22629|613330
26184|Ford|0|33258|5265|0|27993|613330
26185|Ally Bank|5745||5745||0|613333
26186|Ally Bank|7744||7128||616|613333
26187|Ally Bank|7554||6953||601|613333
26188|Ally Bank|7583||6979||604|613333
26189|Ford Motor Credit|6965||5529||1436|613333
26190|Ally Bank|9503||5330||4173|613333
26191|Ally Bank|19459||7119||12340|613333
26192|Ally Bank|0|18880|5099||13781|613333
26193|Ford Motor Credit|0|19588|3589||15999|613333
26194|Bank of Nashville|0|14099|1466||12633|613333
26195|Ford Motor Credit|0|22193|1233||20960|613333
26197|FORD MOTOR CREDIT|4565|0|4565|0|0|613369
26198|FORD MOTOR CREDIT|4524|0|4524|0|0|613369
26199|ALLY CREDIT|5376|0|5376|0|0|613369
26200|ALLY CREDIT|5481|0|5481|0|0|613369
26201|FORD MOTOR CREDIT|24868|0|5401|0|19467|613369
26202|ALLY CREDIT|29195|0|6123|0|23072|613369
26203|Ford Credit Corp|58146||11028||47118|613373
26204|N/A|0|0|0|0|0|613390
26205|NONE|0|0|0|0|0|613394
26206|NONE|0|0|0|0|0|613400
26207|First Citizens|205537||37757||167780|613401
26208|NONE|0|0|0|0|0|613409
26209|SERVICE EMPLOYEES INTERNATIONAL UNION|140000|0|120000||20000|613412
26210|US Bank|1061762|0|1061762|0|0|613436
26211|Ford Credit|120310|195606|45967|0|269949|613436
26215|I.U. PER CAPITA LOAN|26282||18000||8282|613487
26216|NONE|0|0|0|0|0|613491
26217|XEROX COPIER|41013||13140||27873|613509
26218|NONE|0|0|0|0|0|613511
26219|NA|0|0|0|0|0|613513
26220|PSSDC PENSION FUND-WITHDRAWAL LIABILITY|680569||43019||637550|613522
26221|UFCW INTERNATIONAL UNION|420865||28829||392036|613522
26222|MORGAN STANLEY|1116789|60241|||1177030|613537
26223|AMERISERV|287033|0|15605|0|271428|613562
26224|COMMUNITY FIRST|39692|0|2443|0|37249|613562
26225|COMMUNITY BANK|19379|0|3394|15985|0|613563
26226|COMMUNITY BANK|0|21076|1115|0|19961|613563
26227|TEAMSTERS CREDIT UNION|5652|0|5652|0|0|613565
26228|WELLS FARGO BANK, NA|6534|0|6534|0|0|613565
26229|FORD CREDIT|19653|0|6267|0|13386|613565
27145|None|0|0|0|0|0|616023
26231|ALLY BANK|14397|0|14397|0|0|613574
26232|FORD CREDIT|12785|0|12785|0|0|613574
26233|Investment Margin Loan|290000|0|290000|0|0|613601
26234|Line of Credit|0|413927|0|0|413927|613601
26235|UNITED LABOR BANK|300000||300000||0|613606
26236|Northside Bank|57784||5622||52162|613647
26237|NONE|0|0|0|0|0|613652
26238|Due to PAC||1933|||1933|613659
26239|AFSCME|200000|0|0|0|200000|613663
26240|CAPITAL LEASE PAYABLE|1314||474||840|613669
26241|First Hawaiian Bank (Building)|339496|0|8560||330936|613671
26242|First Hawaiian Bank (Car)|52634|0|10581||42053|613671
26243|None|0|0|0|0|0|613701
26245|BUSINESS LOAN CONDUCT NO 6 LLC|8000000||||8000000|613721
26246|BUSINESS LOAN CONDUCT NO 6 LLC|10000000||||10000000|613721
26247|JEFFERSON BANK|1875059||43915||1831144|613721
26248|US BANK|5615836||132271||5483565|613721
26249|N/A|0|0|0|0|0|613746
26250|First Niagara Bank NA|0|19955|0|0|19955|613747
26251|0|0|0|0|0|0|613772
26252|OPEIU International Union|50805|0|18480||32325|613791
26253|IBEW Credit Union|379724|0|379724||0|613791
26254|IBEW Credit Union|0|394165|5673||388492|613791
26255|IBEW Credit Union|14419|0|14419||0|613791
26256|N/A|0|0|0|0|0|613793
26257|N/A|0|0|0|0|0|613793
26258|N/A|0|0|0|0|0|613793
26259|N/A|0|0|0|0|0|613793
26260|N/A|0|0|0|0|0|613793
26261|N/A|0|0|0|0|0|613793
26262|N/A|0|0|0|0|0|613793
26263|N/A|0|0|0|0|0|613793
26264|N/A|0|0|0|0|0|613793
26265|N/A|0|0|0|0|0|613793
26266|N/A|0|0|0|0|0|613793
26267|N/A|0|0|0|0|0|613793
26268|Honor Credit Union|7883|0|5527|0|2356|613802
26269|LAFCU|0|29674|1620|0|28054|613807
26272|NOTE PAYABLE-FORD MOTOR|0|35723|7938|0|27785|613821
26274|Ford Motor Credit|8461|0|7252|0|1209|613826
26276|Powernet CU-Auto Loan|13893|0|4187|0|9706|613838
26278|Ford Motor Company|0|37797|3150||34647|613855
26279|None|0|0|0|0|0|613858
26286|Drywall Tapers Joint Industry Board|75000|0|75000|0|0|613868
26289|None|0|0|0|0|0|613873
26296|Local Union 653|100000||100000||0|613891
26297|Local Union 2500|45000||45000||0|613891
26298|Local Union 652|200000||200000||0|613891
26299|NONE|0|0|0|0|0|613893
26300|None|0|0|0|0|0|613904
26303|GENERAL ELECTRIC CREDIT UNION|0|33379|3332|0|30047|613916
26305|FORD MOTOR COMPANY|28601|0|6994|0|21607|613937
26306|FORD MOTOR COMPANY|16655|0|7488|0|9167|613937
26307|FORD MOTOR COMPANY|41084|0|8931|0|32153|613937
26308|FORD MOTOR COMPANY|39711|0|8245|0|31466|613937
26309|FORD MOTOR COMPANY|0|48196|2997|0|45199|613937
26310|FORD MOTOR COMPANY|0|48970|758|0|48212|613937
26311|FORD MOTOR COMPANY|0|46742|4434|0|42308|613937
26314|UNITE HERE INTERNATIONAL|462500|0|12000|0|450500|613950
26318|Ally-auto loan|0|147948|147948|0|0|613974
26319|Ford credit-auto loan|0|43148|43148|0|0|613974
26320|Mortgage-The Dude Motel|160000|0|160000|0|0|613984
26321|DE LAGE LANDEN|2586|0|626|0|1960|613990
26324|0|0|0|0|0|0|613993
26326|n/a|0|0|0|0|0|614007
26327|Ally Bank Vehicle Loans|121057|55281|25878|0|150460|614017
26328|FORD CREDIT|14862|0|8739|0|6123|614019
26329|FORD CREDIT|15185|0|7388|0|7797|614019
26330|FORD CREDIT|28239|0|7357|0|20882|614019
26335|AFSCME International|125000|0|125000|0|0|614034
26336|AFSCME Building Corp|125005|0|0|0|125005|614034
26337|Capital Lease|3667|0|3667|0|0|614034
26338|0|0|0|0|0|0|614036
26340|FORD CREDIT|0|48236|9995||38241|614043
26341|0|0|0|0|0|0|614060
26343|FIRST NATIONS BANK|125027|0|31000|0|94027|614080
26345|JEREMY CRUZ-HAICKEN|25|0|0|0|25|614095
26347|LEONARD MIRANDA|2269|0|0|0|2269|614098
26349|Auto Loan Payable - Ally|40669|0|7367|0|33302|614112
26350|Auto Loan Payable - Union Yes FCU|72728|79716|24308|0|128136|614112
26351|N/A|||||0|614113
26352|ELECTRICAL WORKERS CREDIT UNION|45437|21734|14091||53080|614120
26353|N/A|0|0|0|0|0|614124
26354|WEBSTER BANK|30920|0|10879||20041|614131
26356|COMERICA BANK-MORTGAGE PAYABLE|0|117000|8837||113409|614141
26357|LOAN - HENRIKSON|100000||100000||0|614141
26358|N/A|0|0|0|0|0|614149
26364|WEA TRUST|65983|0|15304||50679|614159
26367|FORD CREDIT|3216||1969||1247|614162
26368|ALLY FINANCIAL, FINANCE COMPANY|0|56955|5104|0|51851|614166
26371|Torrey Pines Bank|1050000|0|300000|0|750000|614171
26377|Ford Credit|11683||9899||1784|614179
26378|Ally|4066||4066||0|614180
26379|Ally|6021||6021||0|614180
26382|UNITE HERE International Union|214763|0|12000||202763|614186
26389|OPERATING ENGINEERS (AUTOS)|28669||28669||0|614200
26392|none|0|0|0|0|0|614208
26393|Total Loans Payable|0|0|0|0|0|614208
26410|GMAC|13930|0|13930|0|0|614230
26411|FORD CREDIT|13448|0|6798|0|6650|614230
26412|US BANK|0|48725|5646|0|43079|614230
26416|East Boston Savings Bank|51762|0|29507||22255|614235
26417|N/A - None|0|0|0|0|0|614236
26445|OPEIU International Union|14400||4800||9600|614281
26476|FIRST BANK AND TRUST|50551||10855||39696|614313
26477|GMAC|36295||9721||26574|614313
26478|FORD MOTOR CO|28540||10125||18415|614313
26479|FIRST BANK AND TRUST|0|38949|4385||34564|614313
26487|AUTOMOBILE FINANCING|1318|0|1318|0|0|614322
26488|BANK FINANCING|546890|111000|206201|0|451689|614322
26489|AUTOMOBILE FINANCING|26947|0|20063|0|6884|614322
26490|AUTOMOBILE FINANCING|45173|0|20492|0|24681|614322
26503|Labor Organizations|9533776|0|145960||9387816|614340
26510|Service Employees International Union|306592|0|0|0|306592|614344
26519|0|0||0|0|0|614362
26544|EDWARD D JONES|39763||2916||36847|614390
26547|N/A|0|0|0|0|0|614397
26593| ||||||614470
26619|BCB Bancorp Mortgage|37300|0|6794|0|30506|614493
26782|FORD CREDIT|0|22575|7870|0|14705|614590
26911|None|0|0|0|0|0|614664
27034|Fifth Third Bank Credit Line|0|22449|1853||20596|614756
27035|Fifth Third Bank Credit Cards|23038|1618|23038|0|1618|614756
27038|Line of Credit|30342|7510|0|0|37852|614767
27039|Credit Card Payable|4428|3690|0|0|8118|614767
27052|QUIRK CHRYSLER JEEP|16553||16553||0|614826
27053|PROSPERITY BANK|100000||7624||92376|614827
27054|Amalgamated Bank|50000|75000|50000|0|75000|614830
27055|Union Bank and Trust|398220||19124||379096|614841
27058|Ford Credit|24163|0|11574|0|12589|614869
27059|N/P - 2010 Ford|3733|0|3733|0|0|614873
27060|N/P - 2013 Ford|24615|0|6366|0|18249|614873
27061|N/P - 2013 Ford Taurus|18215|0|3809|0|14406|614873
27062|Allegheny Valley Bank|334706|0|10818|0|323888|614886
27063|Urban Redevelopment Authority of Pittsburgh|215350|0|8114|0|207236|614886
27064|Regions Bank LOC|10784|0|2837|0|7947|614895
27065|N/A|0|0|0|0|0|614903
27066|Western Security Bank|9798|0|5529|0|4269|614911
27067|Ford Motor Credit|191125|445837|277864||359098|614912
27068|Banco Popular|368700|0|25186||343514|614912
27069|Hancock bank|0|3000|293|0|2707|614924
27070|Donald Evans|20414|0|5524|0|14890|614924
27071|Structured Finance Associates|192652|0|192652||0|614926
27072|Auto loan payable - Union Yes FCU|35918|0|35918||0|614926
27073|Auto loans payable - Ally|142698|0|142698||0|614926
27074|Auto loans payable - Ford Credit|87214|0|87214||0|614926
27075|Cherry Avenue Loan|0|975000|13409||961591|614926
27078|RWDSU|8449|0|8449|0|0|615032
27079|Ally Bank|10690|0|10690|0|0|615044
27080|Ally Bank|11799|0|11799|0|0|615044
27081|Ally Bank|13135|0|13135|0|0|615044
27082|Ally Bank|13105|0|13105|0|0|615044
27083|Chrysler Capital|0|26734|2019|0|24715|615044
27091|Ally Inc|15453|0|4860|0|10593|615068
27092|UBS Financial Services Inc|459041|10702|0|0|469743|615068
27093|AFSCME Florida Council 79|0|84418|0|0|84418|615076
27094|BANCO POPULAR DE PR|990084||64186||925898|615085
27095|SEIU|20872||||20872|615085
27096|SEIU|895900||||895900|615085
27097|FORD CREDIT|12295||7744||4551|615095
27098|SC Federal Credit Union|10743|0|10743||0|615100
27099|NONE|0|0|0|0|0|615103
27101|Credit Card Payable|182|574|182|0|574|615139
27102|Houston Musicians Fed Credit Union|64874|0|17585|0|47289|615139
27103|n/a|0|0|0|0|0|615162
27104|REPUBLIC BANK (MORTGAGE)|4683406||169484|0|4513922|615181
27105|REPUBLIC BANK (MORTGAGE)|843013||30507|0|812506|615181
27106|REPUBLIC BANK (TERM LOAN)|48171||31731|0|16440|615181
27107|REPUBLIC BANK (L.O.C.)|500000|||0|500000|615181
27108|AFSCME (TERM LOAN)|1033194|||113006|920188|615181
27109|ALLY (AUTO LOANS)|0|134239||60600|73639|615181
27110|UFCW C.U. (AUTO LOANS)|0|15683||15683|0|615181
27111|UFCW C.U. (AUTO LOAN)|0|52148||6877|45271|615181
27112|HEWLETT PACKARD FIN|0|30289|11207|0|19082|615181
27113|NOTE PAYABLE LOCAL 72-147-2015|0|39374|3405||35969|615192
27114|Wells Fargo - Business Loan|15995||6472||9523|615197
27115|TWU Int'l|333714|0|17913|0|315801|615209
27116|Ford Motor Credit|12110|61127|18836|0|54401|615213
27117|NONE|0|0|0|0|0|615236
27118|Members|33580||6000||27580|615246
27119|Capital Lease|28625||10840||17785|615246
27120|Unconsolidated Subsidiary|20907||||20907|615246
27121|N/A|0|0|0|0|0|615256
27122|n/a|0|0|0|0|0|615264
27123|0|0|0|0|0|0|615316
27124|n/a|0|0||0|0|615319
27125|Ford Motor Credit|9645|0|4477|0|5168|615339
27126|Ally Bank|22921||22921||0|615344
27127|Ally Bank|14800||6774||8026|615344
27128|Ford Motor Credit|17330||17330||0|615344
27129|Ford Motor Credit|35741||10722||25019|615344
27130|Ford Motor Credit|34358||10307||24051|615344
27131|Ford Motor Credit||59939|999||58940|615344
27132|None|0|0|0|0|0|615351
27133|IAFF Emergency Dispute Fund|0|50000|4000||46000|615357
27134|Bank of America|200000|0|0|0|200000|615459
27135|NOT APPLICABLE|0|0|0|0|0|615485
27136|XXX|0|0|0|0|0|615584
27137|GENWORTH|1683513||117257||1566256|615620
27138|AMALGAMATED BANK|2640934||123672||2517262|615627
27139|Ally Bank - Car Loan|6224||2573||3651|615638
27140|Fifth Third Bank|486113|0|27130|0|458983|615706
27143|FIRST BANK & TRUST|4335857|0|561880|0|3773977|615926
27144|LINCOLN AUTOMOTIVE FINANCIAL SERVICES|39048|0|9762|0|29286|615926
27148|FORD MOTOR CORP|28710|238191|188222||78679|616653
27151|AUTO LOANS|51875||||100319|617625
27153|Peoples National Bank|68815|0|24322|0|44493|617956
27154|Key Bank|108058||24888||83170|617993
27155|UA Local 73|847796||22087||825709|617993
27156|Alley|19984||7997||11987|617993
27157|NONE|0|0|0|0|0|618031
27158|Chase Bank|542400|0|57600|0|484800|618051
27159|BANK OF AMERICA|2976||2976||0|618055
27160|UFCW|227000|0|17000||210000|618138
27161|Regions Bank|52397|0|16851||35546|618138
27162|Navitas Lease Corporation|1761|0|1390||371|618138
27163|MORTGAGE NOTE|0|800000|37774||762226|618190
27164|not applicable|0|0|0|0|0|618216
27165|NONE|0|0|0|0|0|618321
27166|NO LOANS|0|0|0|0|0|618334
27169|TWU OF AMERICA|11039|0|4037|0|7002|618371
27170|First Niagara Bank|58327|0|10668|0|47659|618385
27171|CWA NATIONAL OFFICE|4639780|665943|56087||5249636|618396
27172|FORD CREDIT|0|29359|350||29009|618561
27173|WORKERS UNITED|85317|0|0|0|85317|618757
27174|none|0|0|0|0|0|618880
27175|Choice One|381140||41080||340060|618882
27176|Ally Bank|11390||11390||0|618893
27177|Ally Bank|29409||7468||21941|618893
27178|Ally Bank|29409||7468||21941|618893
27179|None|0|0|0|0|0|618908
27180|Chrysler Capital|28014||5943||22071|618947
27181|Chrysler Capital|28187||5815||22372|618947
27182|Chrysler Capital|30280||5536||24744|618947
27183|Chyrler Capital|39005||5990||33015|618947
27184|Xerox|72913||29117||43796|618976
27185|Lessor-Xerox|7476||7476||0|618992
27186|Lessor-Presidio|69555||43438||26117|618992
27187|Lessor-Presidio|146761||55627||91134|618992
27188|Lessor-Pitney Bowes||77972|16093||61879|618992
27189|INTERNATIONAL UNION,UAW|0|0|0|0|0|619076
27190|Mortgage Note|317258||10751||306507|619105
27191|Construction loan|143331||5152||138179|619105
27192|Ford Motor Credit|306174|418494|349675||374993|619105
27193|AFSCME LOCAL 189|76666|0|20000|0|56666|619356
27194|AFSCME LOCAL 328|59999|0|59999|0|0|619356
27195|Bank of America|15462||6093||9369|619366
27196|BANK OF SPRINGFIELD|154794||10320||144474|619386
27197|NONE|0|0|0|0|0|619426
27198|Credit Cards/Other-Net Change|3939|0|1709||2330|619503
27199|FORD CREDIT|0|106424|1141||105283|619572
27200|LABOR ORGANIZATION|20000|0|0||20000|619741
27201|Amalgamated Bank|0|20000|0|0|20000|619748
27202|NONE|0|0|0|0|0|619903
27203|0|0|0|0|0|0|619953
27204|Busey Bank||0|||0|620287
27206|NONE|0|0|0|0|0|620314
27208|Huntington Bank|41746|0|7373|0|34373|620321
27218|Huntington Bank Loan|156585||5845||150740|620444
27219|SEIU International|292860|0|190976||101884|620523
27220|SEIU Political ED & Action Fund|100000|0|100000||0|620523
27224|FIRST COLLINSVILLE BANK|116146|71591|84594||103143|621022
27225|National Office (Including Interest)|53734|0|53734||0|621203
27229|N/A|||||0|621513
27230|NONE|0||||0|621562
27233|None|0|0|0||0|621836
27235|n/a|0|0|0|0|0|621882
27239|Ally|0|25755|2954|0|22801|622018
27240|Lincoln Automotive Financial Services|1026|0|1026|0|0|622018
27241|M & T Bank|11327|0|3943|0|7384|622018
27245|FORD CREDIT|0|25686|3911|0|21775|622187
27252|ALLY|0|22904|0|0|22904|622699
27254|n/a|0|0|0|0|0|623769
27258|GMAC/CHRYSLER FINANCIAL|44712|51585|21622||74675|623983
27259|FORD FINANCIAL|14838|0|4938||9900|623983
27262|REGIONS BANK|146748|0|57727|0|89021|624174
27271|SERVICE EMPLOYEES INTERNATIONAL UNION|2775000|0|0|0|2775000|624455
27272|TNG-CWA|20000|0|20000|0|0|624490
27273|BSB Leasing Inc|26310|0|8521||17789|624553
27274|US Bank|45210|0|8131||37079|624553
27275|Baytree Nat'l Bank & Trust|8148||2656||5492|624581
27276|NONE|0|0|0|0|0|624700
27279|Teamsters International Union|291000|0|0|0|291000|624761
27292|Capital One Bank|68373|0|68373|0|0|625270
27294|NONE|0|0|0|0|0|625275
27296|NONE|0|0|0|0|0|625303
27314|WELLS FARGO BANK NA|78386|0|12099|0|66287|625897
27315|FORD CREDIT|0|81058|8467|0|72591|625897
27373|N/A|0|0|0|0|0|626749
27413|BB&T BANK & TRUST L/T|87975|0|17603|0|70372|626881
27497|Line of Credit Suntrust Bank|894848|96481989|93927863|0|3448974|627172
27498|Line of Credit Suntrust Bank|0|9125000|0|0|9125000|627172
27654|Ally Bank|111347|27869|43537||95679|628357
27655|Ford Motor Credit|37356|0|12080||25276|628357
27658|UNION BANK & TRUST|0|18000|18000|0|0|628536
27659|UNION BANK & TRUST|0|16300|16300|0|0|628536
27662|N/A|0|0|0|0|0|628707
27665|National Postal Mail Handlers Union|88161|||71929|16232|628812
27682|OPERATING ENGINEERS CREDIT UNION|0|145263|9025||136238|628859
27709|Jax Metro _Auto loan|0|24142|2600||21542|629519
27714|Norm Frese|9250||9250||0|629609
27718|FORD CREDIT|31517|17517|24721|0|24313|629667
27719|ALLY FINANCIAL |15558|0|5252|0|10306|629667
27720|GREAT AMERICAN LEASING|7221|0|7221|0|0|629667
27725|National Postal Mail Handlers Union|213786||44569||169217|629795
27747|Building Loan United Labor Bank|510957|0|27351|0|483606|630299
27803|N/A|0|0|0|0|0|630901
27807|Automobile|28777||6116||22661|631072
27808|Automobile|8200||1493||6707|631072
27809|Automobile|23349||3484||19865|631072
27814|ALLY|0|21085|4353|0|16732|631141
27824|Amalgamated - Sacramento|1038068|0|24398|0|1013670|632012
27825|Amalgamated - San Jose|520019|0|12135|0|507884|632012
27826|KUBOTA CREDIT|20641||4674||15967|632023
27829|Culinary Union, L226|43778||22318||21460|632236
27830|Chevy Aveo|2657||2657||0|632236
27831|2012 Town & Country, Van|19333||4299||15034|632236
27832|2009 GMC, truck|17436||4244||13192|632236
27833|Cape Mortgage|789053||19240||769813|632236
27834|SBA Mortgage|418757||9613||409144|632236
27835|Cap. Lease, phone system|114864||20155||94709|632236
27846|n/a|0|0|0|0|0|633071
29215|ALPA NATIONAL TO 1625 MASS AVE|975404|241288|338006|0|878686|647360
29216|SUNTRUST COMMERCIAL LOAN|1951364|0|228795|0|1722569|647360
29232|IATSE Local 187|0|11072|0|0|11072|648120
29233|MTPSI TO LOCAL 187|0|1430|0|0|1430|648120
29288|Local 209 Notes Payable|100000||100000||0|649421
32597|Musicians Association of St. Louis|32579|0|850|0|31729|706638
34371|BANK OF AMERICA|22480546|0|600000|0|21880546|736702
