OID|SOURCE|LOANS_OWED_START|LOANS_OBTAINED|CASH_REPAYMENT|NON_CASH_REPAYMENT|LOANS_OWED_END|RPT_ID
15983|NONE|0|0|0|0|0|466862
14175|VEHICLE LOAN GMAC|18360|0|1831||16529|439408
15394|NONE|0|0|0|0|0|451819
15528|NONE|0|0|0|0|0|452533
15574|N/A|0|0|0|0|0|454543
15598|Promisory Note, 5.79% due 12/19/2014|79588|0|1380|0|78208|456839
15641|None|0|0|0|0|0|458812
15656|N/A|0|0|0|0|0|459725
15667|PNC BANK  -LINE OF CREDIT|48134||145||47989|460180
15668|NE DISTRICT COUNCIL H & W|43500||43500||0|460180
15669|UFCW INTERNATIONAL UNION|76221||76221||0|460180
15674|None|0|0|0|0|0|460730
15682|NONE|0|0|0|0|0|460868
15684|FORD MOTOR CORP.|84153|83260|40026|32157|95230|461072
15688|Keybank National Assoc|43999|0|14869|0|29130|461349
15689|GMAC/Ally|37658|22876|60534||0|461351
15701|US BANK|25000|0|25000|0|0|461468
15702|US BANK|12500|0|12500|0|0|461468
15703|US BANK|0|8024|8024|0|0|461468
15704|NONE|0|0|0|0|0|461588
15705|None|||||0|461589
15706|Apple Financial Lease|6914||4190||2724|461591
15707|Note Payable-Colcord|195094|15788|4238||206644|461591
15708|ELECTRICAL FED C.U.|67070|0|29547|0|37523|461676
15709|CHRYSLER - 2006 TOWN & COUNTRY|2362|0|2362|0|0|461717
15710|CITIZENS - 2007 CHEVY IMPALA|6624|0|4087|0|2537|461717
15711|BK OF AMERICA - 2005 CARAVAN|888|0|888|0|0|461717
15712|FORD CREDIT - 2007 EXPLORER|11614|0|552|11062|0|461717
15713|FORD CREDIT - 2010 ESCAPE|0|25982|5413|0|20569|461717
15714|GMAC - 2011 CHEVY IMPALA|0|20000|1143|0|18857|461717
15715|GMAC - 2010 CHRYSLER TOWN & COUNTRY|0|18220|3012|0|15208|461717
15736|Ford Motor Credit|0|7290|7290|0|0|463290
15737|Ford Motor Credit|0|12502|1041|0|11461|463290
15738|Ford Motor Credit|0|7726|0|0|7726|463290
15739|HERGET BANK|54208|0|37648|0|16560|463293
15743|LABOR MGMT COOP TRUST|7391||||7391|463421
15764|FORD MOTOR CREDIT CORP|16242|0|16242|0|0|463860
15771|NONE|0|0|0|0|0|464047
15779|Vehicle Loans|2237|0|2237|0|0|464074
15780|POWERNET BANK - AUTO|16491|0|7363|0|9128|464082
15781|POWERNET - AUTO|0|25000|2134|0|22866|464082
15788|none|0|0|0|0|0|464136
15791|Building Mortgage|823688|0|61697|0|761991|464142
15792|UA Loan|11028|0|11028|0|0|464142
15798|Credential Leasing Corp|1702||1702||0|464599
15799|BSFS Equipment Leasing|2844||2844||0|464599
15800|Powernet Credit Union|147055||147055||0|464599
15801|Yale Mortgage Corporation|202402||6356||196046|464599
15802|NONE|0|0|0|0|0|464744
15803|Desert Community Bank-2009 Malibu|2897|0|2897|0|0|464755
15806|NONE|0|0|0|0|0|464855
15807|none|0|0|0|0|0|464912
15809|FORD CREDIT|213632|276622|154275||335979|464973
15810|NONE|0|0|0|0|0|464975
15811|Leaf Funding, Inc||4058|1218||2840|464991
15812|N/A|0|0|0|0|0|464992
15814|WEST COAST BANK|384549||61822||322727|465091
15817|Reliable Financial Corp.|9021||9021||0|465119
15818|NONE|0|0|0|0|0|465141
15819|SunTrust|40501648|4580000|2020004||43061644|465145
15820|FNB-OMAHA|42142|0|5617|0|36525|465160
15821|XEROX CORPORATION|7642|0|1926|0|5716|465183
15822|Loan for new truck purchase|0|25931|1000|0|24931|465209
15823|FIRST BANK & TRUST|0|28357|6809||21548|465240
15824|JAY BECKMAN, TREASURER|5000|2500|7500|0|0|465249
15825|NICOLE KENNELLY, EXEC. DIR.|3500|0|3500|0|0|465249
15826|Pacific NW IW Federal Credit Union|0|25033|3006||22027|465311
15827|COOP A/C CASA DEL TRABAJADOR|23000||14664||8336|465382
15828|COOP A/C CASA DEL TRABAJADOR|2979|5000|5877||2102|465382
15829|DE LAGE FINANCIAL|23606||4421||19185|465382
15830|VEGA COOP - MORTGAGE|606862||1952||604910|465382
15831|MORTGAGE ON BUILDING|238810|0|11097|0|227713|465458
15835|HUNTINGTON NAT'L BANK|3085|0|3085|0|0|465521
15836|HUNTINGTON NAT'L BANK|3141|0|3141|0|0|465521
15837|KEY BANK|38261|0|38261|0|0|465521
15838|Suntrust Bank|35192||35192||0|465711
15839|GMAC Financial|35957|0|12479||23478|465715
15840|PRAIRIE LAND CREDIT UNION|2293||2293||0|465717
15841|PRAIRIE LAND CREDIT UNION|7445||5382||2063|465717
15842|PRAIRIE LAND CREDIT UNION|10961||5108||5853|465717
15843|Midwest Carpenters & Millwrights FCU|79358|0|7191|0|72167|465773
15845|None|0|0|0|0|0|465798
15846|NONE|0|0|0|0|0|465806
15847|Gateway Metro Credit Union|2500|0|2500|0|0|465828
15848|Gateway Metro Credit Union|0|23000|0|0|23000|465828
15850|General Motors Acceptance Corp|34810||8703||26107|465844
15851|Chase Card Services|0|1940|||1940|465844
15852|US BANCORP EQ FINANCE|0|22037|1565||20472|465848
15853|NONE|0|0|0|0|0|465849
15854|NONE|0|0|0|0|0|465854
15855|NONE|0|0|0|0|0|465942
15856|BROTHERHOOD BANK & TRUST L/T||750398|0|0|750398|465999
15857|BROTHERHOOD BANK & TRUST CONSTRUCTION LOAN||150000|0|0|150000|465999
15858|Capital lease|10935|0|2314|0|8621|466008
15859|None|0|0|0|0|0|466020
15860|GMAC|25245|0|13619||11626|466021
15861|0|0|0|0|0|0|466024
15862|TEXAS GULF BANK|103064||8745||94319|466025
15863|GMAC|4607|0|4607|0|0|466034
15864|NONE|0|0|0|0|0|466039
15865|INTERNATIONAL|1080000||1080000||0|466042
15866|GMAC|29911|0|5982|0|23929|466070
15867|GMAC|0|0|0|0|16772|466070
15868|NONE|0|0|0|0|0|466074
15869|Daimler Chrysler Truck Financial|20417||9281|11136|0|466077
15870|Ally|0|49929|0|0|49929|466077
15871| No loans|0|0|0|0|0|466084
15872|NO CALIFORNIA CARPENTERS REGIONAL COUNCIL|179423|0|53928|0|125495|466086
15873|Bryn Mawr Trust Bank|96688|0|17719|0|78969|466099
15874|N/A|0|0|0||0|466149
15875|NONE|0|0|0|0|0|466154
15876|NONE|0|0|0|0|0|466163
15877|Ford Motor Credit|8851||8851||0|466168
15878|NONE|0|0|0|0|0|466170
15879|NONE|0|0|0|0|0|466211
15882|Ally Bank Auto Loan 47004|34368|0|4207|0|30161|466280
15883|Ally Bank Auto Loan 46989|33149|0|4052|0|29097|466280
15884|Lessor-Wells Fargo|376980||181774||195206|466281
15885|Lessor-Wells Fargo|103477||103477||0|466281
15886|Lessor-Xerox|5900||5900||0|466281
15887|Lessor-Xerox|3525||3525||0|466281
15888|Lessor-Xerox|7809||7809||0|466281
15889|Lessor-Wells Fargo|13397||13397||0|466281
15890|Lessor-Xerox||90426|18244||72182|466281
15891|Lessor-Xerox||61918|11866||50052|466281
15892|Lessor-Xerox||127255|20998||106257|466281
15893|BANK OF MARION|328802|481198|||810000|466285
15894|XEROX|2686|3969|1741||4914|466285
15895|BANTERRA BANK|3939||3939||0|466285
15896|The Savannah Bank|317061|0|12345|0|304716|466321
15900|N/A|0|0|0|0|0|466334
15901|NO.CA. CARPENTERS REGIONAL COUNCIL|2693445|0|100945|0|2592500|466336
15902|CHRYSLER FINANCIAL|28263|0|5266|0|22997|466344
15903|N/A|0|0|0|0|0|466366
15904|NONE|0|0|0|0|0|466375
15905|NONE|0|0|0|0|0|466378
15906|N/A|0|0|0|0|0|466383
15907|Ford Motor Credit||20000|387||19613|466386
15908|N/A|0|0|0|0|0|466406
15909|BROTHERHOOD BANK & TRUST|0|875000|0||875000|466446
15910|DUE TO DISTRICT|0|12151|0||12151|466446
15911|NONE|0|0|0|0|0|466464
15914|SOUTHERN AND CENTRAL ILLINOIS LABORERS DISTRICT CO|0|10000|10000|0|0|466469
15915|NONE|0|0|0|0|0|466511
15916|NONE|0|0|0|0|0|466512
15917|NONE|0|0|0|0|0|466513
15918|PACIFIC NW IRONWORKERS FCU|12191|0|2677|0|9514|466516
15920|M&T Bank|15914|0|10007|0|5907|466538
15921|Ally Bank (GMAC)|19438|0|8124|0|11314|466538
15922|Ally Bank (GMAC)|16020|0|7348|0|8672|466538
15923|FIRST UNITED BANK & TRUST|18534|0|6637||11897|466540
15924|First National Bank|230129|0|6453|0|223676|466547
15925|MORTGAGE NOTE PAYABLE|476341|0|29501|0|446840|466549
15926|Ally Financing||21089|880||20209|466550
15927|Regions|777845||37358||740487|466550
15928|Farmers and Merchants Bank|258178|157121|33781||381518|466550
15929|Regions Bank|120767||25974||94793|466550
15930|Regions LOC|65675|168500|45500||188675|466550
15931|Pinnacle Bank|250000||250000||0|466550
15932|Regions Bank|93075||81||92994|466550
15933|Farmers and Merchants Bank|29960||29960||0|466550
15934|Carroll Bank|28192||28192||0|466550
15935|GMAC|47391|0|9177|0|38214|466552
15936|None|0|0|0|0|0|466556
15937|None|0|0|0|0|0|466557
15938|CHRYSLER FIN'L/ TD AUTO FINANCE|52011|0|27140|0|24871|466558
15939|CHASE AUTO FINANCE|26590|0|5437|0|21153|466558
15940|NONE|0|0|0|0|0|466559
15941|NONE|0|0|0|0|0|466567
15942|L&N FEDERAL CREDIT UNION|30097|0|30097|0|0|466598
15943|N/A|0|0|0|0|0|466604
15944|AUTOMOBILE INSTALLMENT LOAN|0|17278|2513||14765|466607
15945|None|0|0|0|0|0|466612
15946|Umpqua Bank|47469||3183||44286|466616
15947|NONE|0|0|0|0|0|466638
15948|GMAC - AUTOMOBILE LOAN|7194||5078||2116|466656
15949|ATLANTA POSTAL CREDIT UNION|99117|75000|44802||129315|466657
15950|NONE|0|0|0|0|0|466659
15951|WILMINGTON TRUST COMPANY|587488||||587488|466661
15952|FIRST BANK OF DELAWARE|5307188||99236||5207952|466661
15953|FIRST BANK OF DELAWARE|779953||29897||750056|466661
15954|PREFERRED ELECTRIC|35260||35260||0|466661
15955|FIRST BANK OF DELAWARE|272527||126780||145747|466661
15956|FIRST BANK OF DELAWARE|424445||72151||352294|466661
15957|CHASE BANK|19476||4140||15336|466661
15958|COMMERCE BANK|950000|0|202614||747386|466665
15959|NONE|0|0|0|0|0|466667
15960|Automobile Loan|20775|0|4566|0|16209|466674
15961|JPMORGAN CHASE BANK|185840|0|41522|0|144318|466677
15962|FORD MOTOR CREDIT|27197|0|27197|0|0|466678
15963|FORD MOTOR CREDIT|11231|0|8300|0|2931|466678
15964|FORD MOTOR CREDIT|10231|0|6866|3365|0|466678
15965|None|0|0|0|0|0|466680
15966|NONE|0|0|0|0|0|466682
15967|NONE|0|0|0|0|0|466687
15969|NONE|0|0|0|0|0|466692
15970|NONE|0|0|0|0|0|466695
15972|BROTHERHOOD BANK & TRUST|0|1000000|39048||960952|466754
15973|FORD CREDIT AUTO LOAN|43679|0|43679|0|0|466780
15974|FORD CREDIT AUTO LOAN|0|45130|3441|0|41689|466780
15975|None|0|0|0|0|0|466811
15976|Not Applicable|0|0|0|0|0|466817
15977|NONE|0|0|0|0|0|466830
15978|TELEPHONE SYSTEM|3983|0|3983||0|466831
15979|NONE|0|0|0|0|0|466834
15980|BANK OF AMERICA|5073||3138||1935|466856
15981|IBEW FCU|8168||4786||3382|466856
15982|NONE|0|0|0|0|0|466857
16241|FORD CREDIT|24378|0|6725|0|17653|470015
15984|Depaula Chevrolet Hummer, Inc.|53823|0|10134||43689|466869
15985|Depaula Chevrolet Hummer, Inc.|44146|0|8277||35869|466869
15986|Depaula Chevrolet Hummer, Inc.|43922|0|7549||36373|466869
15987|THE BRYN MAWR TRUST CO|260000|0|260000|0|0|466886
15988|DC33 HEALTH & WELFARE FUND|105917|0|105917|0|0|466886
15989|United Leasing|16720|0|4980|0|11740|466887
15990|NONE|0|0|0|0|0|466899
15991|N/A|0|0|0|0|0|466900
15992|PowerNet Credit Union||150000|||150000|466914
15993|N/A|0|0|0|0|0|466915
15994|Line of Credit-M&T Bank|4886|5846|10732|0|0|466918
15995|Brotherhood Bank|0|310000|78154|0|231846|466927
15996|IRONWORKERS DISTRICT COUNCIL 16|9845|0|9845|0|0|466936
15997|MEMBER|10000|10000|12000|0|8000|466936
16013|Automobile Loans|8370|0|8370|0|0|466970
16014|Brotherhood Bank & Trust|0|600000|||600000|466976
16015|GMAC|63468|0|12694|0|50774|466985
16016|GMAC|52354|0|9816|0|42538|466985
16017|Bank of America Mortgage|1495873|0|51265|0|1444608|466994
16018|Bank of America Auto Loan|60984|0|20625|0|40359|466994
16019|COMMUNITY BANK|92944||9121||83823|466995
16020|NONE|0|0|0|0|0|467001
16022|Powernet Credit Union|248385|0|17379|0|231006|467011
16023|NONE|0|0|0|0|0|467013
16024|NONE|0|0|0|0|0|467021
16025|N/A|0|0|0|0|0|467024
16026|UNITED LEASING ASSOCIATES|7335|0|3957|0|3378|467028
16027|NONE|0|0|0|0|0|467036
16028|NONE|0|0|0|0|0|467039
16029|CWA LOAN I|450317||92261||358056|467051
16030|CWA LOAN II|796712||56274||740438|467051
16031|N/A|0|0|0|0|0|467054
16032|NONE|0|0|0|0|0|467055
16033|Ally Bank|0|22546|3132|0|19414|467061
16034|NONE|0|0|0|0|0|467088
16035|PNC BANK LOAN|714750|0|22901|0|691849|467091
16036|S&T Bank Line of Credit|7436|593|4200||3829|467096
16037|GMAC Financing|25399||12191||13208|467096
16038|First National Bank|35881|2654|13277||25258|467096
16039|NONE|0|0|0|0|0|467100
16040|NONE|0|0|0|0|0|467102
16041|FORD CREDIT|20474|0|3784|0|16690|467103
16044|Ford Taurus - Ford Motor Credit|4042|0|4042||0|467109
16045|2007 Ford Focus - Ford Motor Credit|5238|0|2708||2530|467109
16046|ATF - Affiliate|26808|0|13404||13404|467109
16047|2008 Ford Focus - Ford Motor Credit|8236|0|2372||5864|467109
16048|2009 Ford Focus - Ford Motor Credit|10284|0|2443||7841|467109
16049|n/a|0|0|0|0|0|467115
16050|None|0|0|0|0|0|467119
16051|FIRST COLLINSVILLE BANK|77275|0|36097|0|41178|467122
16052|AMALGAMATED BANK OF CHICAGO|6600000|0|700000|0|5900000|467124
16053|EAGLE BANK|7155000|0|7155000|0|0|467124
16054|EAGLE BANK|0|6100000|1215000|0|4885000|467124
16055|CREDIT CARD BALANCES|14428|9662|14428||9662|467126
16056|UNCLAIMED VACATION FUND CHECKS|8376|25|||8401|467126
16057|Ally Financial|0|15500|931|0|14569|467133
16058|Ally Financial|0|26206|1092|0|25114|467133
16059|Ally Financial|0|14317|14317|0|0|467133
16060|Ally Financial|0|14320|14320|0|0|467133
16061|Ally Financial|0|16225|16225|0|0|467133
16062|Ally Financial|0|15419|15419|0|0|467133
16063|Ally Financial|0|13240|13240|0|0|467133
16064|Ally Financial|0|15183|15183|0|0|467133
16065|Ally Financial|0|14722|14722|0|0|467133
16066|Ford Credit|0|7308|7308|0|0|467133
16067|Ford Credit|0|12831|12831|0|0|467133
16068|CARPENTERS DISTRICT COUNCIL|517204|0|36295|0|480909|467134
16069|NONE|0|0|0|0|0|467137
16070|NONE|0|0|0|0|0|467139
16071|N/A|0|0|0|0|0|467143
16072|Ford Motor Credit Co.|14461|0|4299|10162|0|467148
16073|TRUCK NOTE-CHASE BANK|9144|0|3868|0|5276|467153
16074|KEY CORPORATE CAPITAL INC|1188|0|1188||0|467155
16075|ALLY BANK|0|12000|854||11146|467156
16077|GMAC FINANCE|0|5235|872||4363|467160
16078|NONE|0|0|0|0|0|467161
16079|None|0|0|0|0|0|467162
16080|GMAC - BUICK LA CROSSE|20063||4030||16033|467163
16081|Alliance Bank|10461||2974||7487|467164
16083|NONE|0|0|0|0|0|467169
16084|Chrysler Credit|6758||6758||0|467170
16085|GMAC Financing|9304||9304||0|467170
16086|Ford Credit||22363|3010||19353|467170
16088|NONE|0|0|0|0|0|467184
16089|NONE|0|0|0|0|0|467191
16091|CARPENTERS DISTRICT COUNCIL|15000|0|15000|0|0|467194
16092|UNITED LABOR BANK CREDIT LINE|180786|0|99540|0|81246|467199
16093|DCIW STATE OF CALIFORNIA|0|3763|0|0|3763|467202
16094|Ford Credit|241765|47519|144198|0|145086|467204
16095|Fidelity Federal Bank- Mortgage|87833|0|7798|0|80035|467238
16096|Fidelity Federal Bank- Auto Loan|19637|0|5478|0|14159|467238
16097|Powernet Credit Union|10936|0|6223|0|4713|467251
16098|GMAC|13606||3628||9978|467256
16099|NONE |0||||0|467257
16100|Ford Credit|7023|0|6019||1004|467262
16101|PLUMBERS 521 H&W|0|18|18|0|0|467266
16102|CHARLES BERKEL|0|1500000|0|0|1500000|467270
16103|LOCAL LODGE 83|0|5000000|38542|0|4961458|467270
16104|UNITED BANK OF SCOTLAND|0|12534461|2218334|0|10316127|467270
16105|NOTE PAYABLE TO NCCRC|1924624|0|41935|0|1882689|467272
16106|M&T Bank|233704|0|233704|0|0|467273
16107|NONE|0|0|0|0|0|467274
16108|BANCO POPULAR DE PR|1107810||31756||1076054|467284
16109|COOP A&C BO QUEBRADA|60239||2583||57656|467284
16110|CREDIT CARDS|12913|9137|12913||9137|467285
16111|Minnequa Works Fed Credit Union|5584|0|5584|0|0|467299
16112|Wachovia|1262359|0|674016|0|588343|467300
16113|MORTGAGE PAYABLE|1350000|0|0|0|1350000|467303
16114|CHASE CAR LOAN|10599||3429|7170|0|467305
16115|J.P. MORGAN|19413||5510|13903|0|467305
16116|ALLAY|37342||7197||30145|467305
16117|ALLAY|18701||4719||13982|467305
16118|ALLAY-PONTIAC|0|19159|||19159|467305
16119|NOTE- SILVERADO|0|33866|275||33591|467305
16120|SunTrust|37824|0|8630|0|29194|467312
16121|BANK OF AMERICA CREDIT CARD|19117|6079|||25196|467319
16122|NEGATIVE BAL RECEIVABLE|321||320||1|467319
16123|BANK ERR-REVERSED AFTER Y/END|0|456|||456|467319
16124|M&M Bank - Auto Loan|9272||4938||4334|467324
16125|Const. Ind. Resources|337|1174|1086|425|0|467326
16126|Local 324 Health Fund|2647|22858|22079|3426|0|467326
16127|Chase Bank (LOC)|375000|725000|425000|0|675000|467326
16128|Chase Bank (Auto)|0|300000|83333|0|216667|467326
16129|U.S. Bank (Auto)|62331|0|13907|0|48424|467326
16130|Ally Financial (Auto)|526119|123341|124622|0|524838|467326
16131|AMALGAMATED BANK|6250000|0|6250000|0|0|467330
16132|BANK OF AMERICA|35000000|0|2356756|0|32643244|467330
16133|NONE|0|0|0|0|0|467335
16134|UBCJA|0|500000|250000||250000|467342
16135|Chase Auto Finance|0|26949|2954||23995|467342
16136|FIRSTBANK SOUTHWEST|8420||8420||0|467398
16137|PNC BANK NA|135700|0|135700|0|0|467411
16138|NONE|0|0|0|0|0|467418
16139|CSEA-Retiree Council 400|17664||17664||0|467494
16140|CHASE BANK|212440|0|15433||197007|467502
16141|Ford Credit|33211|0|21357|0|11854|467508
16142|Ally Auto Loans|0|40861|376|0|40485|467508
16143|Automobile|25868|0|5583|0|20285|467514
16144|Mortgage|92338|0|8784||83554|467525
16145|Advance insurance company|0|9560|0|0|9560|467525
16146|None - Not Applicable|0|0|0|0|0|467529
16147|APCU|0|25000|||25000|467552
16148|GMAC FINANCING CORP|28710|0|13825|0|14885|467558
16149|GMAC CREDIT CORPORATION|259979||59059||200920|467571
16150|MARSHALL ELEVATOR|1337|1403|||2740|467571
16151|SECURITY DEPOSIT|4800||4800||0|467571
16152|DUE TO TRAINEE'S|13450|15300|28750||0|467571
16153|GOOSEBUMPS|6770||795||5975|467571
16154|ALL SYSTEMS FIRE|10698||10698||0|467571
16155|PNC|661000||661000||0|467571
16156|INT'L BROTHERHOOD OF BOILERMAKERS|0|550000|||550000|467571
16157|BROTHERHOOD BANK & TRUST|0|1273830|||1273830|467571
16158|THREE RIVERS CHRYSLER JEEP DODGE LLC|0|25317|||25317|467571
16159|AUTOMOBILE LOAN|26981|0|4180|0|22801|467606
16160|NONE|0|0|0|0|0|467659
16161|CITY NATIONAL BANK|12905|0|12905|0|0|467668
16162|Auto Loan|31119|0|4835|0|26284|467670
16163|Lori Hatfield|1609|3378|4439||548|467672
16164|N/A|0|0|0|0|0|467676
16165|NONE|0|0|0|0|0|467679
16166|RHINEBECK SAVINGS BANK|13481||3330||10151|467764
16167|SARATOGA NATIONAL BANK|19359||4325||15034|467764
16168|UNION YES FED CR UN|222875||12912||209963|467767
16172|NONE|0|0|0|0|0|467891
16174|KITSAP BANK|0|39850|386|0|39464|468468
16175|Brotherhood Bank|475936||39399||436537|468553
16179|Due D'Agostino||100|0|0|100|468594
16181|Vehicle Loan|2819|0|2819|0|0|468702
16182|Bancorp South|59649|15722|6657||68714|468708
16183|Bancorp South||21717|3207||18510|468708
16184|BANK OF AMERICA|941698|0|94663|0|847035|468710
16185|MILESTONE|27942|0|16584|0|11358|468710
16186|IBEW LU 278 FCU K|6389||6389||0|468766
16187|IBEW LU 278 FCU L|4168||4168||0|468766
16188|IBEW LU 278 FCU M|16514||9183||7331|468766
16189|IBEW LU 278 FCU N||13452|2186||11266|468766
16190|IBEW LU 278 FCU P||4780|400||4380|468766
16191|IBEW LU 278 FCU O||11000|4623||6377|468766
16192|NONE|0|0|0|0|0|468805
16193|Bank of America|463356||22872||440484|468827
16194|Ford Credit|13093||13093||0|468839
16195|Ford Credit|23824||12934||10890|468839
16196|Ford Credit|0|23275|1710||21565|468839
16197|Transfer from Local Union 66|14320|0|2439|0|11881|468841
16198|GMAC|46572|0|11643|0|34929|468924
16199|East Side Neighborhood Dev.|9426|||1571|7855|468935
16200|Local 108 Health Expens Benefit Plan|50000|0|50000|0|0|468952
16201|Auto|43964|0|0|0|43964|468952
16202|GMAC AUTO LOAN 2008|10064|0|5000|0|5064|468988
16203|GMAC AUTO LOAN 2010|13852|0|4819|0|9033|468988
16204|GMAC AUTO LOAN 2011|0|15000|0|0|15000|468988
16205|GMAC AUTO LOAN 2011|0|15000|0|0|15000|468988
16207|Enterprise-Capital lease obligations vehicles|0|754532|100724|0|653808|469057
16208|Bank America- Construction Loan|8276732|0|8276732|0|0|469057
16209|BOA Investment Fund III, LLC|10612500|0|0|0|10612500|469057
16210|BOA Investment Fund III, LLC|4387500|0|0|0|4387500|469057
16211|PROMERICA BANK|1100595||17082||1083513|469058
16216|LOCAL UNION 572|7500|5000|0|12500|0|469199
16221|AFSCME|325000|400000|200000||525000|469406
16222|GMAC Auto Loan|18081|0|8471||9610|469406
16223|NONE|0|0|0|0|0|469462
16225|ALLY|19290|0|8090|0|11200|469554
16226|ALLY|27310|0|6621|0|20689|469554
16227|ALLY|28435|0|16696|0|11739|469554
16232|CEFCU|7179|0|7179|0|0|469714
16233|Cambridge Savings Bank|3772811|0|113000|0|3659811|469718
16234|Service Employees Int'l Union|1066205|0|866320|0|199885|469718
16235|Note Payable - CWA International|1622|0|1622|0|0|469735
16236|Smith Barney Line of Credit|0|255000|180000||75000|469739
16238|Bank of America|0|9986000|9986000|0|0|469803
16240|UNAC/UHCP|30330|290027|305243||15114|469958
16507|CHASE AUTO FINANCE|17994|0|4007||13987|476480
16243|NONE|0|0|0|0|0|470123
16245|ILLINOIS NATIONAL BANK|28376||28376||0|470200
16246|ILLINOIS NATIONAL BANK|0|32779|653|0|32126|470200
16247|CWA, WASHINGTON, DC|327339|0|0|7824|319515|470231
16248|Certificates payable|3350|0|0|0|3350|470304
16249|Auto loan payable|28657|0|28657|0|0|470304
16250|CWA MORTGAGE|141939|0|6213|0|135726|470311
16251|PNC Bank|301027|0|17089|0|283938|470383
16257|N/A|0|0|0|0|0|470446
16258|N/A|0|0|0|0|0|470446
16259|N/A|0|0|0|0|0|470446
16260|N/A|0|0|0|0|0|470446
16261|N/A|0|0|0|0|0|470446
16262|N/A|0|0|0|0|0|470446
16263|N/A|0|0|0|0|0|470446
16264|N/A|0|0|0|0|0|470446
16265|N/A|0|0|0|0|0|470446
16266|N/A|0|0|0|0|0|470446
16267|SOUTHSIDE BANK|10999|0|6470|0|4529|470464
16269|CWA INTERNATIONAL|0|279975|149735||130240|470491
16270|FORD MOTOR CREDIT|20043||9251||10792|470506
16271|LINE OF CREDIT|10000||10000||0|470506
16272|FORD MOTOR CREDIT|0|30724|3072||27652|470506
16273|GMAC|73859|0|13319|0|60540|470507
16274|GMAC|49605|0|49605|0|0|470507
16275|CWA NATIONAL|819944|0|0|20962|798982|470516
16276|MOUNT WASHINGTON BANK|38205|0|21483|0|16722|470644
16277|Harris (Bldg Loan)|1457603||40880||1416723|470664
16278|CWA INTERNATIONAL|22042|0|11022|0|11020|470669
16279|DUE TO NATIONAL|494523|0|13812|0|480711|470699
16280|C.W.A. AFL-CIO NAT'L UNION|144846|0|32934|0|111912|470711
16281|UNION YES FCU- LINE OF CREDIT|275756|87000|41848|0|320908|470711
16282|UNION YES FCU- AUTO LOAN|6930|0|4144|0|2786|470711
16283|UNION YES FCU- AUTO LOAN|7511|0|4109|0|3402|470711
16284|UNION YES FCU- AUTO LOAN|7362|0|4349|0|3013|470711
16285|UNION YES FCU- AUTO LOAN|8081|0|4345|0|3736|470711
16286|UNION YES FCU- AUTO LOAN|8081|0|4345|0|3736|470711
16287|UNION YES FCU- AUTO LOAN|8015|0|4310|0|3705|470711
16288|UNION YES FCU- AUTO LOAN|6893|0|3731|0|3162|470711
16289|UNION YES FCU- AUTO LOAN|8816|0|4348|0|4468|470711
16290|UNION YES FCU- AUTO LOAN|37538|0|10594|0|26944|470711
16291|National Basketball Players Association|748935|340770|200000|0|889705|470714
16292|BUSINESS VEHICLE FINANCE|14549|0|8065|0|6484|470718
16293|CHRYSLER FINANCIAL|17820|0|6480|0|11340|470718
16294|GMAC|56578|0|16848|0|39730|470718
16295|FORD CREDIT|4028|0|4028|0|0|470718
16296|none|0|0|0|0|0|470731
16297|I.A.F.F.|18376|0|18376|0|0|470734
16299|NONE|0|0|0|0|0|470742
16300|COMMUNICATION WORKERS OF AMERICA - NATIONAL|209503||6658||202845|470772
16301|FORD CREDIT|0|7500|7500|0|0|470843
16302|Macatawa Bank|122618||31613||91005|470847
16303|Various members|690802|552481|687152|0|556131|470850
16304|Comm Workers of America|950990|0|21629|0|929361|470857
16305|None|0|0|0|0|0|470858
16306|NISSAN MOTOR ACCEPTANCE CORP|5239|0|0|5239|0|470929
16307|CWA International|17605|0|17605|0|0|470930
16308|NJ State FOP|212000||22000||190000|470942
16309|CITIZENS BANK|788270|0|315167|0|473103|470943
16310|FORD CREDIT|18394|0|6969|0|11425|470943
16311|NEAFCU|56323||5017|0|51306|470944
16314|Sun Trust Mortgage|3945767||48000||3897803|470978
16315|Southeast Financial Credit Union|71045|65583|39473||97155|470990
16316|UFT EDUCATIONAL FOUNDATION|0|1362204|0|126922|1235282|471002
16317|REVOLVING CREDIT LOAN - AMALGAMATED BANK|9000000|22000000|28000000|3000000|0|471002
16318|260 PARK AVENUE REALTY CORP.|41237388|0|31979|9615|41230543|471002
16319|49 EAST 21 COMPANY, INC.|8433127|0|2600|0|8433227|471002
16320|HEWLETT-PACKARD FINANCIAL|126106|0|126106|0|0|471002
16321|DE LAGE LANDEN FINANCIAL SERVICES|58386|0|25674|0|32823|471002
16322|PNC Bank, N.A|221673|0|6046||215627|471007
16323|ADVANCE FROM NATIONAL RELIEF|0|53610|0|0|53610|471015
16324|CWA NATIONAL|172299|0|13007|0|159292|471015
16325|PNC BANK|29436||6941||22495|471022
16326|PNC BANK||38475|2192||36283|471022
16327|First Mid-Illinois Bank|9259||3551||5708|471060
16328|30 day loan on vehicle|0|12935|0|0|12935|471257
16329|Capital Lease - Color Copier|5842|0|2693|0|3149|471525
16341|CHASE BANK ACCOUNT# 0083|214001|0|214001|0|0|471573
16342|CWA INTERNATIONAL AFL-CIO|928365|0|227768||700596|471592
16343|CWA AFL-CIO, CLC National Union|929453|0|27274|0|902179|471662
16344|Ford Credit||22301|3716||18585|471781
16345|Ford Credit||33714|4733||28981|471781
16346|Advanced Dues from National|0|132700|132700||0|471877
16347|FORD CREDIT|35471|0|19485|0|15986|472093
16348|ALLY|59950|50550|67900|0|42600|472093
16350|Ally Financial|56489|279618|92377||243730|472166
16351|Imperial Credit Corporation|88796|161137|159631||90302|472166
16352|PNC bank|0|300050|||300050|472166
16353|NONE-NOT APPLICABLE|0|0|0|0|0|472167
16356|ALLY|20097|0|5146|0|14951|472209
16357|FORD CREDIT|17155|0|6641|0|10514|472209
16359|none|||||0|472211
16361|None|0|0|0|0|0|472296
16362|None|0|0|0|0|0|472306
16365|US BANK - CAPITAL LEASE|1178|0|1178|0|0|472661
16367|0|0|0|0|0|0|472813
16368|None|||||0|472948
16370|N/A|0|0|0|0|0|473080
16371|None|0|0|0|0|0|473305
16372|NONE|0|0|0|0|0|473307
16373|United Labor Bank|6151|0|1499|0|4652|473337
16374|0|0|0|0|0|0|473351
16377|0|0|0|0|0|0|473544
16378|0|0|0|0|0|0|473544
16379|0|0|0|0|0|0|473544
16380|0|0|0|0|0|0|473544
16381|0|0|0|0|0|0|473544
16382|0|0|0|0|0|0|473544
16383|0|0|0|0|0|0|473544
16384|0|0|0|0|0|0|473544
16385|0|0|0|0|0|0|473544
16386|0|0|0|0|0|0|473544
16387|NONE|0|0|0|0|0|473572
16388|+FORD CREDIT (EDGE)|18885|0|6924|0|11961|473602
16389|FORD CREDIT (EXPLORER 10-1)|44408|0|10961|0|33447|473602
16471|N/A|||||0|476138
16390|FORD CREDIT (EXPLORER 10-2)|45804|0|11295|0|34509|473602
16391|None|0|0|0|0|0|473613
16392|N/A|0|0|0|0|0|473760
16394|Iowans Helping iowans|20834|||20834|0|473792
16395|NONE|0|0|0|0|0|473918
16396|N/A|0|0|0|0|0|473924
16397|PNC Bank|226600|0|11715|0|214885|473931
16399|FORD CREDIT|0|75003|75003||0|473977
16400|AMERICAN NTL. BANK|411513|0|24041|0|387472|474050
16401|FORD|15642|80200|30909|0|64933|474055
16402|BLET NATIONAL DIVISION|8100||||8100|474084
16403|Total loans payable|0|0|0|0|0|474087
16404|Toledo Postal Employees Cr. Un.|135315|0|9041|0|126274|474213
16406|0|0|0|0|0|0|474239
16407|GMAC - VEHICLE LOANS|216050|0|64815|0|151235|474272
16408|LOCAL #532 BUILDING CORPORATION|24976|0|0|0|24976|474273
16409|UNION SAVINGS BANK|380386|0|12972|0|367414|474341
16410|UNITED FOOD AND COMMERCIAL WORKERS INT'L UNION|38415|0|36000|0|2415|474341
16411|Regions bank|6071|0|2961|0|3110|474361
16413|Owed to other Funds|8331|8979|8331|0|8979|474455
16414|M&T Bank|1247915|0|46140|0|1201775|474455
16415|Automobile Loan|9430|0|3088|0|6342|474480
16417|NONE|0|0|0|0|0|474632
16418| ||||||474652
16419|NONE|0|0|0|0|0|474708
16420|N/A|0|0|0|0|0|474720
16421|UNITED BANK, INC|36280|0|10796|0|25484|474748
16422|OCE FINANCIAL SERVICES, INC.|3783|0|910|0|2873|474748
16423|Vacation Fund|48387|40063|48387|0|40063|474761
16424|NONE|0|0|0|0|0|474859
16425|NONE|0|0|0|0|0|474865
16426|INTERNATIONAL UNION, UAW|0|120000|0|0|120000|474886
16427|BROTHERHOOD BANK & TRUST|10884|0|10884|0|0|474910
16428|N/A|0|0|0|0|0|474933
16429|Auto Loans Payable|0|141772|24733|0|117039|474976
16431|First Source Bank|397649|0|57157|0|340492|475037
16432|Bank Loan|180735|0|19551||161184|475243
16433|WEST AMERICA BANK|6669|0|2988||3681|475264
16434|N/A|0|0|||0|475287
16435|Ally Bank|0|38715|38715|0|0|475298
16436|GMAC Financing (Ally)|0|19569|13290||6279|475343
16437|None|0|0|0|0|0|475351
16438|AUTOMOBILE  |6911|0|11000||27272|475352
16444|Auto Loans|4158|0|4158|0|0|475447
16445|NONE|0|0|0|0|0|475455
16446|N/A|0|0|0|0|0|475560
16447|TD Auto Finance|11518||6599||4919|475573
16448|Synergy Resources|8628||3320||5308|475573
16449|Citizens Bank|331934||20383||311551|475573
16450|CAR LOAN|10169|||10169|0|475666
16451|CAR LOAN||22455|4117||18338|475666
16452|0|0|0|0|0|0|475735
16453|Roofers 149 Property Co.|308682|0|0|3600|305082|475787
16454|space coast credit union|10001||7948||2053|475849
16457|U.S. BANK|29434|107000|100634||35800|475949
16458|ELEVATOR CONST LOCAL 18|846173||36669||809504|475949
16459|SMITH BARNEY|0|51040|||51040|475949
16460|IBEW LOCAL 968 FCU|14587||1304||13283|476000
16461|ALLY BANK|12373|0|12373|0|0|476025
16462|BUILDING LOAN|280000|0|280000|0|0|476057
16463|Western Security Bank|1845|0|1845|0|0|476102
16464|Western Security Bank|11944|0|4689|0|7255|476102
16465|Western Security Bank|4347|0|4347|0|0|476102
16466|Western Security Bank|0|20581|5591|0|14990|476102
16467|FORD CREDIT|15401||15401||0|476110
16468|FORD CREDIT|19050||5576||13474|476110
16469|FORD CREDIT|11337||2967||8370|476110
16470|BB&T Note Payable|479265|0|479265|0|0|476126
16472|FORD MOTOR CREDIT|7379|0|7379|0|0|476237
16473|GMAC|32090|0|8965|0|23125|476237
16474|FORD MOTOR CREDIT|23153|0|7648|0|15505|476237
16475|FORD MOTOR CREDIT|24287|0|6734|0|17553|476237
16476|FORD MOTOR CREDIT|26935|0|6969|0|19966|476237
16477|FORD MOTOR CREDIT|0|32677|1881|0|30796|476237
16478|0|0|0|0|0|0|476244
16479|ALLY|0|19238|19238||0|476262
16480|BANK OF AMERICA, N.A.|600367|400000|1000367|0|0|476276
16481|LOCAL 4 JOINT APPRENTICE COMMITTEE|162542|0||20750|141792|476299
16482|FORD MOTOR CREDIT|78404|0|40906|0|37498|476301
16483|WESTMARK CU - 07 FORD|776|0|776||0|476305
16484|ID CENTRAL CU - 07 BUICK|6516|0|1372|5144|0|476305
16485|LAKE AREA BANK|17318|0|17318|0|0|476322
16488|n/a|0|0|0|0|0|476334
16489|FORD MOTOR COMPANY|70764|0|34161|0|36603|476336
16490|None|0|0|0|0|0|476346
16493|NONE|0|0|0|0|0|476375
16494|BANCORP SOUTH AUTO LOAN||42800|2414||40386|476385
16495|AMALGAMATED BANK|11837|0|4906|0|6931|476393
16497|Ford Motor Credit|7240|0|7240|0|0|476423
16498|Ford Motor Credit|7240|0|7240|0|0|476423
16499|Ally Bank|12714|0|7987|0|4727|476423
16500|Ally Bank|38702|0|12901|0|25801|476423
16501|QUIRK CHRYSLER JEEP||37000|3197||33803|476430
16502|Chrysler Financial|25010|0|3203|21807|0|476431
16503|Ford Motor Credit|31763|62175|10023|25410|58505|476431
16504|GMAC|67231|0|18140|0|49091|476431
16505|N/A|0|0|0|0|0|476432
16506|None|0|0|0|0|0|476454
16756|CHRYSLER FINANCIAL|6310|0|2223|0|4087|479524
16508|CREDIT CARD PAYABLE|0|313|0|0|313|476482
16509|NONE|0|0|0|0|0|476499
16510|NONE|0|0|0|0|0|476537
16511|RWDSU Union|44000|0|44000|0|0|476556
16512|UFCW International Union|335000|0|36000|0|299000|476556
16513|First Commercial Bank|89727|0|5959|0|83768|476556
16514|GMAC|0|33867|2479|0|31388|476556
16515|None|0|0|0|0|0|476588
16519|Notes Payable-Autos|13105|26078|8836|0|30347|476626
16520|NONE|0|0|0|0|0|476715
16521|AUTOMOBILE LOAN|15303|0|7465|0|7838|476767
16522|AUTOMOBILE LOAN|14803|0|7221|0|7582|476767
16523|AUTOMOBILE LOAN|38688|0|7093|0|31595|476767
16524|AUTOMOBILE LOAN|9271|0|3242|0|6029|476789
16525|F&M Bank|14562|0|14562|0|0|476833
16526|F&M Bank|182982|0|15084|0|167898|476833
16527|Auto Loans Payable|202714|0|112906|0|89808|476877
16528|Hometown Bank|172438||13626||158812|476883
16529|SBA|96969||15428||81541|476883
16530|None|0|0|0|0|0|476894
16531|NONE|0|0|0|0|0|476949
16532|Mortgage Loan|363679||18162||345517|476965
16533|Construction Loan|164018||7999||156019|476965
16534|Vehicle Loan|338558|361648|321984||378222|476965
16535|NONE|0|0|0|0|0|476967
16536|0|0|0|0|0|0|476977
16537|0|0|0|0|0|0|476996
16538|Comerica Bank|1323030|0|68934|0|1254096|476997
16539|Ally Financial|0|15000|4212|0|10788|477000
16540|Lease Consultants Corp|537||537||0|477004
16541|Southside Bank|0|21302|1619||19683|477004
16543|NONE|0|0|0|0|0|477029
16544|na|0|0|0|0|0|477033
16545|NONE|0|0|0|0|0|477042
16546|GMAC FINANCE|0|28165|0|0|28165|477063
16547|JP MORGAN CHASE BANK|9941|0|7953|0|1988|477063
16548|DAIMLER CHRYSLER FINANCIAL|5759|0|5759|0|0|477063
16549|NA|0|0|0|0|0|477079
16550|PNC Bank|1486034|0|163600||1322434|477084
16551|AUTO LOAN-LYON FIN'L|7778||6667||1111|477104
16553|NONE|0|0|0|0|0|477174
16554|Promissory Note Bank of Denver|0|0|0|0|0|477177
16555|Int. 6.0% matures 7/01/2025|294674|0|13654|0|281020|477177
16556|n/a|0|0|0|0|0|477190
16558|NONE|0|0|0|0|0|477273
16559|ALLY BANK|17536||9514|8022|0|477278
16560|ALLY BANK|17553||7561|9992|0|477278
16561|TEAMSTERS CREDIT UNION|0|20000|2664|0|17336|477278
16562|WELLS FARGO BANK|0|14282|173|0|14109|477278
16563|FORD MOTOR CREDIT CORP|0|36206|0|0|36206|477278
16564|FORD MOTOR CREDIT CORP|0|36317|402|0|35915|477278
16565|NONE|0|0|0|0|0|477283
16566|GREAT AMERICAN LEASING CO.|598|0|598|0|0|477288
16567|Bank of America|191513||5572||185941|477305
16568|Commerce Bank|2256||2256||0|477309
16569|Ameriserv Financial Bank|264000||5062||258938|477309
16570|WELLS FARGO BANK NA|172779||14687||158092|477310
16571|COMMUNITY BANK 3.42%-4.74%|313765|44223|162739|0|195249|477318
16575|AMERICAN FASHION COUNCIL|0|45000|0|0|45000|477405
16576|WORKERS UNITED|0|85318|0|0|85317|477405
16577|N/A|0|0|0|0|0|477407
16578|GMAC Credit|18045|0|12589|0|5456|477422
16579|Ally (formerly GMAC)|17335|0|4305|0|13030|477437
16580|GMAC AUTO LOAN|4514|0|2638|0|1876|477462
16581|BANK OF AMERICA|127365|0|127365|0|0|477462
16582|UNITE HERE INTL. LOAN|29300|0|29300|0|0|477463
17666|GMAC|15225||15225||0|489931
16583|KONICA-CAPITAL LEASE OBLIG.|27956|0|27956|0|0|477463
16584|NONE|0|0|0|0|0|477466
16585|SEIU INTERNATIONAL UNION|0|500000|500000|0|0|477469
16587|M&T BANK|266667|0|100000||166667|477532
16588|Vehicle Loans|12297|0|12297||0|477550
16589|Illinois National Bank|732509|0|20437||712072|477571
16590|AUTO LOAN-M & T CREDIT|10191|0|5559|0|4632|477572
16591|AUTO LOAN-CHASE|13698|0|4834|0|8864|477572
16592|AUTO LOAN-CHASE|16762|0|5747|0|11015|477572
16593|AUTO LOAN-GMAC|18982|0|4458|0|14524|477572
16594|AUTO LOAN-ALLY|35084|0|7259|0|27825|477572
16595|NONE|0|0|0|0|0|477613
16596|Seneca Federal Savings and Loan|92430|0|17186|0|75244|477618
16597|Compass Bank|32337|0|32337|0|0|477693
16598|N/A|0|0|0|0|0|477719
16599|ALLY|11779||655||11124|477726
16600|TEAMSTERS LOCAL UNION NO. 406|0|50000|0|0|50000|477762
16601|NONE|0|0|0|0|0|477763
16602|Ford Motor Credit Corp.|2892|0|2892|0|0|477776
16603|GMAC|14846|0|4568|0|10278|477776
16604|GMAC|15550|0|4784|0|10766|477776
16605|GMAC|15550|0|4784|0|10766|477776
16606|GMAC|16181|0|4854|0|11327|477776
16607|SECAP|19904|0|1810|0|18094|477776
16608|NONE|0|0|0|0|0|477782
16609|NONE|0|0|0|0|0|477794
16610|MORGAN STANLEY CREDIT LINE|1091901|25274|0|0|1117175|477802
16611|UFCW International Union|76000|0|36000||40000|477825
16612|Notes Payable-Banks|25154|35000|21219|0|38935|477825
16613|BB&T|1781|0|1781|0|0|477832
16614|None|0|0|0|0|0|477833
16616|Ally Bank|0|29028|3409|0|25619|477859
16617|TEAMSTERS CREDIT UNION|5410|5000|2772|0|7638|477871
16618|Ford Motor Credit|9205|9978|15088|0|4095|477933
16619|UFCW INTERNATIONAL UNION|108710|0|108710||0|477951
16620|G M A C Commercial Credit|108510|0|40543|0|67967|477957
16621|COMERICA BANK|2393765|0|258306|0|2135459|477978
16622|DISTRICT COUNCIL 36 PENSION FUND|700000|0|15264|0|684736|477978
16623|DISTRICT COUNCIL 36 PENSION|6875801|1124199|33986|0|7966014|477978
16624|CHASE AUTO FINANCE|451|0|451|0|0|477984
16625|GMAC|12061|0|5713|0|6348|477984
16626|GMAC|25922|0|7236|0|18686|477984
16627|GMAC Financing|48660|0|9732||38928|478007
16628|GMAC Financing|35900|0|7062||28838|478007
16629|Ally Bank|19000|0|19000|0|0|478015
16630|Bank of Denver Fast Draw|0|24328|24328|0|0|478017
16631|NONE|0|0|0|0|0|478036
16632|NONE|0|0|0|0|0|478037
16633|DELAGE LANDEN|8530|0|915|0|7615|478038
16634|DARRELL & ANNA FISHER|33075|0|9173|0|23902|478038
16635|GMAC Credit|3871|0|3871|0|0|478042
16636|BUSINESS PARTNERS LLC|2178581|0|177540||2001041|478078
16637|NONE|0|0|0|0|0|478098
16638|Ford Credit|12082|0|7249|0|4833|478110
16639|NONE|0|0|0|0|0|478230
16640|Toledo Teamsters Federal Credit Union|25432|0|3755|0|21677|478231
16641|Toledo Teamsters Federal Credit Union|22157|0|4180|0|17977|478231
16642|SUN TRUST BANK|482723|0|206749||275974|478246
16643|GMAC|27000|0|27000|0|0|478297
16644|FORD MOTOR CREDIT|14587|79266|32760|0|61093|478297
16645|NONE|0|0|0|0|0|478310
16646|GMAC|59045||24104||34941|478312
16647|GMAC|61086||12212||48874|478312
16648|GMAC|55073||4153|50920|0|478312
16649|Equipment Loan|0|5000|0|0|5000|478336
16650|Atlanta Postal Credit Union|100000|0|20114||79886|478384
16651|Ford Motor Credit|2750|0|2750||0|478384
16652|NONE|0|0|0|0|0|478424
16653|FORD CREDIT|28348|29360|19595|10759|27354|478432
16654|NOTE PAYABLE COPIER|8508||3253||5255|478451
16655|VECTRA BANK-BLDG AURORA|0|165000|6586||158414|478451
16656|Auto Loans Payable|53491|28680|13084|0|69087|478452
16657|GMAC-Vehicle Notes|67471||19277||48194|478455
16658|N/A|0|0|0|0|0|478548
16659|NONE|0|0|0|0|0|478549
16660|N/A|0|0|0|0|0|478591
16661|0|0|0|0|0|0|478613
16662|None|||||0|478617
16663|GMAC|9188||9188||0|478753
16664|GMAC|10519||10519||0|478753
16665|Bank of America|9460||9460||0|478753
16666|Bank of America|9440||9440||0|478753
16667|Bank of America|6261||6261||0|478753
16668|GMAC|20501||20501||0|478753
16669|Citizens Bank|0|95187|38640||56547|478753
16670|N/A|0|0|0|0|0|478755
16671|NONE|0|0|0|0|0|478756
16672|ALLY BANK|0|38569|5061|0|33508|478790
16673|Verizon Credit Payable|12678|0|2490|0|10188|478841
16675|None|0|0|0|0|0|478864
16677|NONE|0|0|0|0|0|478871
16681|ALLY BANK|33254|0|4469|3639|25146|478887
16682|REGIONS BANK|0|17803|0|0|17803|478887
16684|General Motors Accepance|11659|0|6995|0|4664|478906
16685|Peoples United Bank Credit Card|0|8014|7545|0|469|478906
16688|ALLY|0|50862|30517||20345|478918
16689|IUE-CWA DEFENSE FUND|70000|0|0|0|70000|478921
16690|Bank Loan|61066|0|61066||0|478923
16691|Bank Loan|137293|0|22998||114295|478923
16692|Local 76 to Bldg. Ass.|77916|71000|16540||132376|478923
16693|TD Bank Credit Card|250|1902|2152||0|478939
16694|N/A|0|0|0|0|0|478952
16695|none|0|0|0|0|0|478962
16697|Local 366 JATC|160671|0|0|0|160671|478968
16701|REGIONS BANK|13106|0|3437|0|9669|478978
16702|BANK|78244||16740||61504|478990
16703|SUNTRUST|1701633|0|773125|0|928508|478994
16704|SUNTRUST|437730|0|90099|0|347631|478994
16705|SUNTRUST|950000|0|200000|0|750000|478994
16706|FIRST MIDWEST BANK|1402231|0|31578|0|1370653|478994
16707|NONE|0|0|0|0|0|479002
16708|N/A|0|0|0|0|0|479015
16709|ALLY|0|27926|6070|0|21856|479019
16711|Bank of Springfield|2171433|0|53519||2117914|479031
16712|N/A|0|0|0|0|0|479035
16713|Sheet Metal Workers  #80            |1442144|0|9223|0|1432921|479046
16714|Sheet Metal Workers #80|697959|0|58859|0|639100|479046
16715|FORD CREDIT||38705|38705||0|479048
16716|TD BANK, NA||36236|1874||34362|479048
16717|FORD MOTOR CREDIT CO.|30098|0|11286|0|18812|479086
16718|n/a|0|0|0|0|0|479096
16719|CHASE|31298|0|5500|0|26839|479136
16720|Auto loans payable|95127|77391|43458|0|129060|479161
16721|Line of credit|0|100000|60554|0|39446|479161
16722|N/A|||||0|479170
17668|Ally Bank|9457||7029||2428|489931
16725|Ford Motor Company|40957||17599||23358|479184
16727|NONE|0|0|0|0|0|479192
16728|0|0|0|0|0|0|479198
16729|HANCOCK BANK NOTE|226300|0|28761|0|197539|479203
16730|NE TEAMSTERS FCU|24735|0|5904|0|18831|479209
16731|STATE OF MARYLAND|0|212500|||212500|479212
16732|NONE|0|0|0|0|0|479220
16734|Auto loans payable|37619|0|23656|0|13963|479227
16735|FORD MOTOR COMPANY|22125|21333|9739|0|33719|479235
16736|2009 CHRYSLER SEBRING|19555|0|4976|0|14579|479247
16737|2010 MERCURY MAINER|27414|0|5672|0|21742|479247
16738|2009 JEEP LIBERTY|19572|0|4535|0|15037|479247
16739|2009 DODGE CHARGER|15485|0|3757|0|11728|479247
16740|C/C PAYABLE - WRIGHT EXPRESS|861|0|861|0|0|479247
16741|0|0|0|0|0|0|479264
16742|CREDIT CARD DEBT|1233|531|||1764|479278
16743|Ford Credit|35399|0|35399|0|0|479293
16744|NONE|0|0|0|0|0|479305
16748|N/A|0|0|0|0|0|479390
16749|BLE-T National Division|10000|0|0|0|10000|479407
16750|National City Bank|2829|0|2829|0|0|479408
16751|HUNTINGTON BANK|23165||3616||19549|479439
16752|LAKE TRUST CREDIT UNION|750811|0|21810|0|729001|479449
16753|FORD MOTOR CREDIT|0|27290|0|0|27290|479474
16754|NONE|0|0|0|0|0|479496
16755|Construction Loan|0|450000|||450000|479523
17098|NONE|0|0|0|0|0|482425
16757|EDWARD JONES|0|40000|40000||0|479530
16758|LOANS PAYABLE - FIRST COMMONWEALTH|457194|0|12943|0|444251|479539
16759|LOANS PAYABLE - URA|213638|0|7653|0|205985|479539
16761|CITIZENS BANK|11522|0|11522|0|0|479550
16762|CITIZENS BANK|20925|0|20925|0|0|479550
16763|CITIZENS BANK|24421|0|24421|0|0|479550
16764|CITIZENS BANK|27857|0|27857|0|0|479550
16765|CITIZENS BNAK|19557|0|8553|0|11004|479550
16766|NONE|0|0|0|0|0|479560
16767|GMAC|17297|0|5189|0|12108|479567
16768|ALLY|0|16906|16906|0|0|479567
16769|ALLY|0|16667|1207|0|15460|479567
16770|ALLY|0|15966|0|0|15966|479567
16771|UNION YES FCU|0|260000|16671|0|243329|479576
16772|SO CA PIPE TRADES DC16|0|200000|6848|0|193152|479576
16773|LINE OF CREDIT - MERRILL LYNCH|99500|64927|120000||44427|479612
16779|Plumbers 55 Federal Credit Union|8633|0|8633|0|0|479623
16780|Plumbers 55 Federal Credit Union|21633|0|10834|0|10799|479623
16781|Plumbers 55 Federal Credit Union|0|20131|4830|0|15301|479623
16782|Plumbers 55 Federal Credit Union|0|20864|5006|0|15858|479623
16783|NONE|0|0|0|0|0|479637
16784|None|0|0|0|0|0|479645
16785|Old Second National Bank|1592989||46813||1546176|479649
16787|Umpqua Bank|44286|0|3401|0|40885|479667
16792|AMALGAMATED BANK|266363||7784||258579|479715
16797|TD Bank North, N.A.|11863|0|11863||0|479782
16798|Ford Motor Credit|16409|0|6001||10408|479782
16799|CHASE AUTO FINANCE|2279|0|2279|0|0|479787
16808|JP Morgan Chase|73563|0|14339|0|59224|479808
16810|INTERNATIONAL BROTHERHOOD OF TEAMSTERS|150000|0|0|0|150000|479813
16811|INTERNATIONAL BROTHERHOOD OF TEAMSTERS|60402|0|9712|0|50690|479813
16812|JP MORGAN CHASE BANK, NA|20574|0|20574|0|0|479813
16813|LINCOLN AUTOMOTIVE FINANCIAL SERVICES|0|20032|1880|0|18152|479813
16814|MORTGAGE PAYABLE|409142|0|14267|0|394875|479814
16815|NONE|0|0|0|0|0|479816
16816|DELL|41430|14417|21218|0|34629|479820
16817|AVAYA|22971|0|11058|0|11913|479820
16818|AMLAGAMATED BANK OF CHICAGO|11444|0|11444|0|0|479820
16819|FIRST MIDWEST BANK |53724|0|8875|0|44849|479820
16820|Capital lease obligation|15896|0|6047||9849|479839
16821|1st Community Credit Union|157354|0|2128|0|155226|479845
16822|FIRST NATIONS BANK||40975|23||40952|479858
16823|GMAC|8667|0|4952|0|3715|479859
16824|Ford Credit|10036|0|8029|0|2007|479860
16825|None|||||0|479865
16826|N/A|0|0|0|0|0|479868
16827|BB&T BANK (AUTO LOAN)|0|14900|1575||13325|479882
16828|Merrill Lynch Margin Loan|80766|56647|50000||87413|479885
16829|GMAC #88351|35180||2824|32356|0|479885
16830|GMAC #89428|25692||1822|23870|0|479885
16831|GMAC #86548|26551||2267|24284|0|479885
16832|GMAC #87027|30662||2462|28200|0|479885
16833|GMAC #89284|27205||1977|25228|0|479885
16834|GMAC #94842|30674||2176|28498|0|479885
16835|GMAC #94386|25605||1816|23789|0|479885
16836|GMAC #86704|26612||1874|24738|0|479885
16837|Farmington Bank|137804||614|137190|0|479885
16838|NONE|0|0|0|0|0|479888
16840|Telincs, Inc.|202657|||202657|0|479901
16841|Auto Loan 2010 GMC Acadia|29949||9458||20491|479907
16842|Ford Credit - Truck Loan|21634|0|5114|16520|0|479920
16843|Ford Credit - Truck Loan|0|0|715|0|50645|479920
16844|Ford Credit - Truck Loan|0|0|1463|0|51630|479920
16845|PNC Bank - Line of Credit|110000|0|10000|0|100000|479920
16846|FORD MOTOR CREDIT|26293|0|7848||0|479930
16847|ALLY (GMAC CREDIT)|25162|0|7369||0|479930
16848|Wells Fargo|161275|0|61764|0|99511|479955
16849|FORD MOTOR CREDIT|39239|0|20472|0|18767|479960
16850|GMAC Credit|25162||2696|22466|0|479963
16851|None|0|0|0|0|0|479969
16852|Saratoga National Bank & Trust|0|9275|0|0|9275|479975
16853|Mortgage|512380||24557||487823|479979
16854|NETFCU|9843||9843||0|479985
16855|NETFCU|19242||19242||0|479985
16856|NETFCU|22358||22358||0|479985
16857|GMAC Finance|22097||22097||0|479985
16858|GMAC Finance|22575||22575||0|479985
16859|GMAC Finance|17768||17768||0|479985
16860|Ford Motor Credit|11044||11044||0|479985
16861|Mechanics Saving Bank||130000|36075||93925|479985
16862|NONE|0|0|0|0|0|479986
16863|Ally|42570|0|6736|0|35834|479988
16864|Ford Motor Credit|20706|0|0|20706|0|479988
16865|Laborers Local #1290|6206||6206||0|479994
16866|N/A|0|0|0|0|0|480007
16868|N / A|0|0|0|0|0|480036
16869|FORD MOTOR CREDIT-FLEX|10026||8594||1432|480051
16870|FORD MOTOR CREDIT-RANGER|12629||6315||6314|480051
16871|FORD MOTOR CREDIT-TAURUS|17537||17537||0|480051
16872|BENEFICIAL SAVINGS - ESCAPE|5545||5545||0|480051
16873|FORD MOTOR CREDIT-LINCOLN|29491||14156||15335|480051
16874|FORD MOTOR CREDIT-EXPLORER||33794|6386||27408|480051
16875|TERRY WISEMAN-PONTIAC-BUICK-GMC|13463|0|13463|0|0|480053
16876|GMAC|40066||40066||0|480061
16877|GMAC|0|58182|8949||49233|480061
16878|NEFCU|147568|0|34639|15607|97322|480063
16879|CIT Lease Payable|3591|0|1295|0|2296|480066
16880|Ally Financial|26509|0|26509|0|0|480071
16881|Nat'l Right to Work Legal Defense Fund|12000|0|12000||0|480095
16886|HUNTINGTON BANK|13002|0|4590|0|8412|480104
16889|FirstMerit Bank|7667|0|6529||1138|480120
16891|GMAC|27857|0|8797|0|19060|480123
16892|MN BLDG TRADES FEDERAL CU|8302|0|4679||3623|480124
16893|FORD MOTOR COMPANY|0|8000|0|0|8000|480124
16895|CAPITAL LEASE OBLIGATION|15605||11355||4250|480132
16896|Promissory Note, 7% due 4/5/2014|66000|0|12000|0|54000|480133
16897|DRYWALL TAPERS JOINT INDUSTRY BOARD|0|50000|50000||0|480152
16898|N/A|0|0|0|0|0|480157
16899|Hometown National Bank|111936|0|11490|0|100446|480180
16900|Hometown National Bank|5856|0|3448|0|2408|480180
16901|International Teamsters|142523|0|13152|0|129371|480180
16903|Ford Motor Corp.|1396|0|1396|0|0|480196
16904|NONE|0|0|0|0|0|480200
16905|Kyocera Copier/Printer|968|0|968|0|0|480208
16906|Ford Motor Credit - Vehicle|1729|0|1729|0|0|480208
16907|Ford Motor Credit - Vehicle|11565|0|11565|0|0|480208
16908|Old Natiional Bank - Mortgage|71038|0|7938|0|63100|480208
16909|INTERNATIONAL BROTHERHOOD OF TEAMSTERS|66731|0|24266|0|42465|480231
16916|UAW LOCAL 889|94632|0|20004|0|74628|480243
16917|MCKESSON FCU|14289|0|2844|0|11445|480252
16918|Op. Eng. #3 FCU Loan #142|2127|0|2127|0|0|480316
16919|Op. Eng. #3 FCU Loan #143|1982|0|1982|0|0|480316
16920|Op. Eng. #3 FCU Loan #144|1981|0|1981|0|0|480316
16921|Op. Eng. #3 FCU Loan #145|5016|0|5016|0|0|480316
16922|Capital Lease Payable|9720|0|9720|0|0|480316
16923|SUNTRUST BANK|399124|0|399124|0|0|480329
16959|OPEIU International|42000||1000|0|71000|480721
16960|GMAC FINANCING|22000||6600||15400|480775
16961|THE BANK OF EDWARDSVILLE|0|15000|2414|0|12586|480802
16962|n/a|0||||0|480810
16963|CITY OF CLEVELAND |81667||5058||76609|480819
16964|FORD CREDIT|14013||2630||11383|480819
16965|Ford Motor Credit|675|0|675|0|0|480831
16966|Ford Motor Credit|18288|0|10973|0|7315|480831
16967|Ford Motor Credit|27349|0|10587|0|16762|480831
16968|Ford Credit||18500|3511||14989|480838
16969|JOHNSON BANK|2076841|0|763734|0|1313107|480852
16970|None|0|0|0|0|0|480863
16971|Seafarers Int'l Union of N.A. AGLIWD|1254645|500000|25000|0|1729645|480867
16972|Seafarers Int'l Union of N.A.- AGLIWD|555000|100000|20000||635000|480868
16973|Seafarers International Union of N.A. AGLIWD|165000|100000|10000||255000|480870
16974|ALLY|2236|0|2236|0|0|480872
16975|ALLY|4029|0|4029|0|0|480872
16976|ALLY|14052|0|6745|0|7307|480872
16977|ALLY|0|36351|1818|0|34533|480872
16978|None|0|0|0|0|0|480884
16981|NONE|0|0|0|0|0|480904
16982|4ALLY|20582|0|6333|0|14249|480928
16983|ALLY|22578|0|6924|0|15654|480928
16985|ALLY- GENERAL MOTORS|56101||56101||0|480988
16986|ALLY - GENERAL MOTORS|19729||5147||14582|480988
16987|AUTO LOAN - IKIBEW FEDERAL CREDIT UNION|0|15151|2415|0|12736|481045
16988|Ralph E, Mullins (Petty Cash)|0|4|0|0|4|481065
16989|FORD MOTOR CREDIT|36876||7339||29537|481071
16990|FORD MOTOR CREDIT|36547||7274||29273|481071
16991|ALLY CREDIT|37855||8112||29743|481071
16992|ALLY CREDIT|38150||8175||29975|481071
16993|NONE|0|0|0|0|0|481084
16994|NONE|0|0|0|0|0|481101
16995|Huntington Bank|1432561||185209||1247352|481111
16996|NONE|0|0|0|0|0|481139
16997|LOCAL 92 CREDIT UNION|12366|0|12366|0|0|481144
16998|Arvest Bank|180943|0|47196|0|133747|481150
16999|CAPITAL LEASE OBLIGATION|2039|0|953||1086|481183
17000|Note Payable-GMAC|8045|0|8045|0|0|481185
17001|GMAC|30362||6874||23488|481218
17002|FORD CREDIT||36259|6043||30216|481225
17003|FORD CREDIT|0|36250|36250|0|0|481231
17004|BANK OF AMERICA|11238|0|11238|0|0|481304
17005|BANK OF AMERICA|12952|0|12952|0|0|481304
17006|Ford Motor Company|14656|0|5466|0|9190|481310
17007|Ford Motor Company|13653|0|4903|0|8750|481310
17008|GMAC|14125|0|614|13511|0|481310
17009|Ford Credit|8239||8239||0|481362
17010|GMAC|6990||4567||2423|481362
17011|GMAC||28405|||28405|481362
17018|MERRILL LYNCH LINE OF CREDIT|0|115000|0|0|115000|481485
17063|Teamsters 771 Fed Credit Union|15207|0|4263|0|10944|482286
17064|Teamsters 771 Fed Credit Union|15799|0|4430|0|11369|482286
17065|AUTOMOBILE LOAN|0|35313|3923|0|31390|482293
17066|N/A|0|0|0|0|0|482299
17067|OFFICE & PROFESSIONAL EMPLOYEES INT'L UNION|233333|0|54167|0|179166|482303
17068|Suntrust Bank|263392|0|263392|0|0|482308
17069|Mortgage at M&I|258464||8706||249758|482319
17070|ALLY - 3 AUTO LOANS|78192|0|15964|0|62228|482320
17071|GMAC-2009 Chevy Suburban|35639||35639||0|482321
17072|Ford Credit-2010 F-150 Truck|39813||8080||31733|482321
17073|Ford Credit-2011 Explorer||33049|3687||29362|482321
17074|Ford Credit-2011 Expedition||43906|3658||40248|482321
17075|WACHOVIA BANK-LOC|0|100000|60000||40000|482322
17076|SAN DIEGO COUNTY CREDIT UNION|0|12823|2847|0|9976|482325
17077|TWU OF AMERICA|6372|0|6372|0|0|482326
17078|Black Hill Federal Credit Union|4530||3573||957|482330
17079|GLENS FALLS NATIONAL BANK|137095|0|137095|0|0|482336
17080|none|0|0|0|0|0|482338
17081|Ally Bank|45744|0|14075||31669|482359
17082|Auto loans payable|134072|43464|59623||117913|482360
17083|Auto loans payable|29034|0|6363|0|22671|482363
17084|Union liability policy|15951|0|15951|0|0|482363
17085|NONE|0|0|0|0|0|482364
17087|Sterling Bank|0|20444|1304||19140|482376
17088|Ally Bank|0|21305|21305||0|482376
17089|First Hawaiian Bank|99689|0|9362|0|90327|482377
17090|UNITE HERE International Union|501500|0|12000|0|489500|482388
17091|NONE|0|0|0|0|0|482390
17092|FORD CREDIT|3948||3948||0|482392
17093|FORD CREDIT|4040||4040||0|482392
17094|None|0|0|0|0|0|482393
17095|Chevrolet Truck|26701|0|5213|0|21488|482394
17096|NONE|0|0|0|0|0|482406
17097|GMAC|8351||5853||2498|482423
17353|Autos and computer equipment loand|58885|48457|17311||90031|488411
17099|Valley Commerical Capital |2792||2792||0|482437
17100| .|0|0|0|0|0|482440
17101|First Hawaiian Bank (Car)|15955||15955||0|482443
17102|First Hawaiian Bank (Building)|0|367500|4942||362558|482443
17103|Member Advance|725|0|395||330|482443
17104|The Citi Group|3191|0|788|2403|0|482445
17105|Great America Leasing Corp|0|12672|1923||10749|482445
17106|The Citi Group|0|7600|292||7308|482445
17107|AUTO LOAN-BUS VEH FIN|4583|0|4583|0|0|482447
17108|AUTO LOAN-BUS VEH FIN|6331|0|3453|0|2878|482447
17109|AUTO LOAN-BUS VEH FIN|6916|0|3458|0|3458|482447
17110|AUTO LOAN-LYON FIN'L|19405|0|6850|0|12555|482447
17111|AUTO LOAN-ALLY|0|14555|728|0|13827|482447
17112|None|0|0|0|0|0|482448
17113|CHASE|0|6500|0|0|6500|482454
17114|NOTE PAYABLE - TRUCK|22607||8697||13910|482498
17115|GMAC|0|34811|1007|0|33804|482506
17116|FORD MOTOR CREDIT|0|39062|0|0|39062|482508
17118|Notes Payable-Autos|7500|0|7500||0|482510
17119|NONE|0|0|0|0|0|482532
17120|Wells Fargo Advisors|388252|0|388252|0|0|482536
17121|Teamsters Canda Rail Conference|748075|5843|0|0|753918|482536
17122|Key Bank Loan|613333|0|80001|0|533332|482536
17123|UNION YES FEDERAL CREDIT UNION|22661|0|11914|0|10747|482546
17124|UNION YES FEDERAL CREDIT UNION|0|24620|1914|0|22706|482546
17125|Ford Credit|2817|0|2817|0|0|482550
17126|ALLY|76969|0|15076|0|61893|482561
17127|Wesbanco Bank|47577|0|3972|0|43605|482575
17128|Wesbanco Bank|0|50000|995|0|49005|482575
17129|PTDC 36 JT LABOR MGMT|143095|0|10516|0|132579|482585
17130|GMAC|13371|0|3731||9640|482589
17131|GMAC|15940|0|8672||7268|482589
17132|FORD|0|29030|4032||24998|482589
17133|Ally Bank|23058|0|6588|0|16470|482590
17134|Ally Bank|17743|0|3514|0|14229|482590
17135|Ally Bank|19685|0|4090|0|15595|482590
17136|Ally Bank|19464|0|3759|0|15705|482590
17137|Ally Bank|20195|0|3736|0|16459|482590
17138|Ally Bank|20667|0|3363|0|17304|482590
17139|Ally Bank|0|7947|2952|0|4995|482590
17140|Ally Bank|0|23191|785|0|22406|482590
17141|GMAC/ALLY|19771|0|5579|0|14192|482629
17142|n/a|0|0|0|0|0|482669
17143|Medical Multimedia Advertising Inc|0|50000|0|0|50000|482673
17144|LOAN ON LEASED AUTOMOBILE |36687|0|8781||27906|482674
17145|AUTOMOBILE FINANCING|103731|0|63586|0|40145|482693
17146|BANK FINANCING|289638|268134|165740|0|392032|482693
17148|NONE|0|0|0|0|0|482756
17149|AUTO LOAN M&T BANK - 2007 BUICK|6309|0|6309|0|0|482785
17150|AUTO LOAN M&T BANK-2008 BUICK|6479|0|6479|0|0|482785
17151|AUTO LOAN M&T BANK 2010 BUICK|19262|0|3642|0|15620|482785
17152|Ford Motor Credit #5|13646||9382||4264|482801
17153|Ford Motor Credit #6|23772||7691||16081|482801
17154|Ford Motor Credit #7|20753||6713||14040|482801
17155|Ford Motor Credit #8|27109||9568||17541|482801
17156|Ford Motor Credit #9||27042|731||26311|482801
17157|ALLY (GMAC PAYMENT PROCESSING CENTER)|30339||3260||27079|486568
17158|ALLY (GMAC PAYMENT PROCESSING CENTER)|25269||7220||18049|486568
17159|ALLY|31403||7249||24154|486568
17160|ALLY|0|37629|8153||29476|486568
17161|ALLY|0|37500|7500||30000|486568
17162|ALLY|0|33607|3671||29936|486568
17163|ALLY|0|34511|3770||30741|486568
17164|ALLY|0|27949|932||27017|486568
17165|FIRST MIDWEST BANK - CONSTRUCTION LOAN|0|1250000|0|0|1250000|486641
17166|GMAC|18607|0|6649|0|11958|486649
17167|Ford Credit|15099|0|6137|0|8962|486658
17168|None|0|0|0|0|0|486669
17169|N/A|0|0|0|0|0|486677
17170|UURWAW INTERNATIONAL UNION|32500|0|0|0|32500|486704
17171|NONE|||||0|486714
17172|Ally Financial|0|16516|3014||13502|486721
17173|NONE|0|0|0|0|0|486725
17174|NONE|0|0|0|0|0|486727
17175|NONE|0|0|0|0|0|486730
17177|NONE|0|0|0|0|0|486751
17178|GMAC|19606||4052||15554|486753
17179|ALLY|0|18840|4365||14475|486753
17180|NONE|0|0|0|0|0|486763
17181|Key Bank|209018||24659||184359|486765
17182|UA Local 73|925247||17844||907403|486765
17183|Bridgewater Credit Union|3075|0|3075|0|0|486768
17184|Bridgewater Credit Union|2760|0|2760|0|0|486768
17185|Bridgewater Credit Union|5840|0|5840|0|0|486768
17186|Bridgewater Credit Union|6387|0|6387|0|0|486768
17187|Bridgewater Credit Union|5925|0|5925|0|0|486768
17188|Ford Motor Credit|33798|0|7819|0|25979|486770
17189|NONE|0|0|0|0|0|486771
17190|INSTALLMENT NOTES|45831|0|18965||26866|486772
17191|GMAC|36797|0|25237|0|11560|486778
17192|ALLY|32904|0|32904|0|0|486779
17193|ALLY|24000|0|24000|0|0|486779
17194|ALLY|26298|0|26298|0|0|486779
17195|IBT|110000|0|0|0|110000|486786
17196|FORD MOTOR COMPANY|15799|0|10762|0|5037|486786
17197|GMAC|81913|0|15579|0|66334|486786
17198|DUPLICATOR SALES & SERVICES|15545|0|8479|0|7066|486786
17199|United Labor Credit Union|27803|0|27803||0|486788
17200|GCM FEDERAL CREDIT UNION|5153|0|3828|0|1325|486791
17202|Auto Loans|81662|0|35408||46254|486801
17203|NONE|0|0|0|0|0|486805
17204|ALLY BANK (FORMERLY GMAC)|6178||6178||0|486809
17205|ALLY BANK||44813|721||44092|486809
17206|Ford Motor Credit|2978|0|2978|0|0|486811
17207|FRED KELLEY|10737|1800|790||11747|486814
17208|IB of Electrical Workers Local 8|50017|0|0|0|50017|486815
17209|UA Local 50 Plumbers & Steamfitters|50000|0|0|0|50000|486815
17210|IA of H&F and Asbestos Workers Local 45|20000|0|0|0|20000|486815
17211|NWO Laborers Local 500|1000|0|0|0|1000|486815
17212|Painters & Decorators Local 7|20000|0|0|0|20000|486815
17213|Sheet Metal Workers Local 33|50000|0|0|0|50000|486815
17214|NONE|0|0|0|0|0|486822
17216|GMAC Auto Loan|5554|0|5554|0|0|486830
17217|Blue technologies|22932|0|4368|0|18564|486833
17218|GMAC-5962|12052|0|4417||7635|486838
17219|GMAC-2954|11466|0|11466||0|486838
17220|GMAC-5871|8899|0|8899||0|486838
17221|GMAC-2399|11464|0|4201||7263|486838
17222|GMAC-0892|19979|0|5125||14854|486838
17225|NONE|0|0|0|0|0|486848
17226|Ford Motor Credit|14438|0|14438||0|486854
17227|Ford Motor Credit|15191|0|15191||0|486854
17228|Ford Motor Credit|14421|0|14421||0|486854
17229|Ally|36952|0|8786||28166|486854
17230|Ford Motor Credit|19532|0|19532||0|486854
17231|Ford Motor Credit|20214|0|5840||14374|486854
17232|Frod Motor Credit|20153|0|20153||0|486854
17233|GMAC|39400|0|15251|0|24149|486858
17234|LONG-TERM PENSION |113366|0|59148||54218|486900
17235|OPEIU INTERNATIONAL|48000|0|12000||36000|486900
17236| AUTO LOANS|70521|0|23299||47222|486900
17237|OHIO TEAMSTERS C U|31347||7586||23761|486904
17238|OHIO TEAMSTERS C U |29568||7154||22414|486904
17239|OHIO TEAMSTERS C U|29273||7083||22190|486904
17240|NONE|0|0|0|0|0|486909
17241|NONE|0|0|0|0|0|486914
17242|NONE|0|0|0|0|0|486927
17243|HOME STAR BANK|16745|0|6362|0|10383|486938
17244|FORD MOTOR CREDIT|15827|0|9793|0|6034|486946
17245|GMAC|17823|0|7193|10630|0|486946
17246|46 ROCKLAND ST BUILDING CORP|100000|0|20000|0|80000|486946
17247|FORD MOTOR CREDIT|40971|0|9801|0|31170|486946
17248|FORD MOTOR CREDIT|0|35361|512|0|34849|486946
17249|FORD CREDIT|0|25799|0|0|25799|486954
17251|NPWU PROTECH|4214|0|0|0|4214|486970
17252|NATIONAL PRODUCTION WORKERS UNION|20299|0|0|20299|0|486970
17253|TRUCK DRIVERS, CHAUFFEURS & WSHEMEN|1162484|226210|0|0|1388694|486970
17254|NPWU SEVERANCE FUND|0|40260|0|0|40260|486970
17255|N/A|0|0|0|0|0|486972
17256|NPWU PROTECH|6100|0|0|0|6100|486981
17258|ALLY FINANCIAL AUTO LOANS|112009|0|34136|0|77873|487012
17259|none|0|0|0|0|0|487017
17260|Bldg Loan Wells Fargo Bank|2590402||111560||2478842|487023
17261|JP Morgan Chase Bank, NA|159789|0|159789||0|487067
17265|None|0|0|0|0|0|487097
17266|Choice One Bank|273454|0|23739||249715|487109
17267|Union Bank and Trust|459067||13095||445972|487112
17268|Union Bank and Trust|80000||33879||46121|487112
17269|USW International|39958|0|39958|0|0|487113
17270|International Longshoremen's Association|63769||31089||32680|487119
17271|MERRILL LYNCH|133323|300821|367880||66264|487133
17272|MERRILL LYNCH|1125000|500000|125000||1500000|487133
17273|GMAC|15805|0|4626|0|11179|487136
17274|LOAN - JOSEPH SENESE|1124|0|0|0|1124|487143
17275|NORTHVIEW LOAN|820760|0|125000|0|695760|487143
17276|LOAN - PROD. WORKERS|363690|168842|0|20299|512233|487143
17669|Ally Bank|17070||5706||11364|489931
17277|Ford Motor Credit|198086|93954|117241|0|174799|487144
17278|Bank of Utica|98851|67887|64489|0|102249|487144
17279|GMAC/Ally|2353|20000|7127|0|15226|487144
17280|ACCO PRINCETON FCU|13966|0|8181|0|5785|487151
17281|ACCO PRINCETON FCU|12786|0|7492|0|5294|487151
17282|GMAC|59873|0|26045|0|33828|487155
17283|FORD MOTOR CREDIT|26055|39019|11361||53713|487158
17284|North Country Credit Union|0|22750|17215|0|5535|487162
17285|None|0|0|0|0|0|487167
17286|Ally Financing|36571|28385|19899|0|45057|487173
17287|FORDCREDIT|4088|0|4088|0|0|487175
17288|NONE|0|0|0|0|0|487206
17291|TD AUTO FINANCE (CHRYSLER FINANCIAL)|5190|0|5190|0|0|487258
17292|-|0|0|0|0|0|487295
17293|GMAC|0|13505|2651||10854|487321
17294|NP FORD CREDIT|26745|0|5531||21214|487322
17295|None|0|0|0|0|0|487324
17296|EAGLE BANK AND TRUST|1771728|0|77595|0|1694133|487341
17297|Ford Credit Company Loan|94239|0|11755|82484|0|487377
17298|MoneyOne FCU Loan|0|329050|57954|0|271096|487377
17299|AMALGAMATED BANK|9095327||82454||9012873|487394
17300|Workers United||18000|||18000|487395
17303|United Union of Roofers Trusteeship|1041|0|1041|0|0|487453
17304|Automobiles - Ford|109088|0|22741|23476|62871|487453
17305|Automobiles - GMAC|32550|0|3150|29400|0|487453
17306|Automobiles - ALLY|0|52888|7118|0|45770|487453
17309|LOCAL UNION 164 IBEW COPE FUND|100000|80000|5000||175000|487618
17310|FORD CREDIT|14813||4357|10456|0|487618
17311|FORD CREDIT|14598||3435|11163|0|487618
17312|FORD CREDIT|14598||3435|11163|0|487618
17313|FORD CREDIT|14598||3435|11163|0|487618
17314|FORD CREDIT |14598||3435|11163|0|487618
17315|FORD CREDIT |16950||1695|15255|0|487618
17316|FORD CREDIT|16950||3390|13560|0|487618
17317|FORD CREDIT|16950||10170||6780|487618
17318|GMAC CREDIT|25003|||25003|0|487618
17319|GMAC CREDIT|16960||2427|14533|0|487618
17320|GMAC CREDIT|16215||1542|14673|0|487618
17321|GMAC CREDIT|16097||2304|13793|0|487618
17322|FORD CREDIT|22317||5052||17265|487618
17323|FORD CREDIT||31726|2857||28869|487618
17324|FORD CREDIT||28453|3321||25132|487618
17325|FORD CREDIT||29878|3946||25932|487618
17326|FORD CREDIT||28384|3749||24635|487618
17327|FORD CREDIT||28454|3746||24708|487618
17328|FORD CREDIT||28387|3324||25063|487618
17329|FORD CREDIT||28454|3746||24708|487618
17330|FORD CREDIT ||28386|3324||25062|487618
17331|FORD CREDIT||28453|3321||25132|487618
17332|FORD CREDIT||32340|3773||28567|487618
17333|FORD CREDIT||14524|2847||11677|487618
17334|FORD CREDIT||34550|4980||29570|487618
17335|NONE|0|0|0|0|0|487622
17341|GMAC FINANCING|51027||14240||36787|487941
17346|FIRST NATIONAL COMMUNITY BANK|13975|0|13975|0|0|488186
17347|RWDSU NATIONAL|200846||9614||191232|488229
17349|GMAC|3780||3780||0|488304
17350|First Tennessee Bank|50000||||50000|488334
17351|BAC 7, CO Promissory Note - |0|0|0|0|0|488353
17352|US Bank, matures 12/19/2014, interest rate 5.79%|75439|0|17225|0|58214|488353
17600|MORGAN STANLEY SMITH BARNEY|388170|0|388170|0|0|489799
17355|EMPLOYEE (PAYROLL ERROR)|3|0|0|0|3|488467
17356|CIT TECHNOLOGY FINANCIAL SERVICES|1550|0|1550|0|0|488474
17357|N/A|0||||0|488489
17358|ALLY FINANCIAL|0|217151|217151|0|0|488507
17359|N/A|0|0|0|0|0|488516
17360|AMALGAMATED BANK|51559||20616||30943|488519
17361|BUSINESS VEHICLE FINANCE|4938||4514|424|0|488519
17362|BUSINESS VEHICLE FINANCE|5043||4629|414|0|488519
17363|BUSINESS VEHICLE FINANCE|6238||6238||0|488519
17364|BUSINESS VEHICLE FINANCE|6158||3912|2246|0|488519
17365|CHASE AUTO FINANCE|42967||14304||28663|488519
17366|FORD CREDIT|787||787||0|488519
17367|GMAC|19450||6882||12568|488519
17368|GMAC|36270||14111||22159|488519
17369|Chase Bank|923215|0|415512|0|507703|488540
17370|Line of Credit - Associated Bank|0|25000|1312|0|23688|488557
17371|FORD CREDIT|4076|0|4076|0|0|488574
17372|ALLY - VEHICLE LOAN|31166|0|10389|0|20777|488577
17381|Amalgamated Bk of Chicago|1861016||75721||1785295|488584
17382|NGHBORHOOD CREDIT UNI|361807|0|33482|0|328325|488587
17383|GMAC|14076|0|8890|0|5186|488601
17384|GMAC|3247|0|3247|0|0|488601
17385|GMAC|8082|0|8082|0|0|488601
17386|GMAC|3282|0|3282|0|0|488601
17387|Chrysler Financial|8765|0|7473|0|1292|488601
17388|Chrysler Financial|3640|0|3640|0|0|488601
17389|Chrysler Financial|12152|0|7104|0|5048|488601
17390|Ford|23196|0|4396|0|18800|488601
17391|NONE|0|0|0|0|0|488602
17392|0|0|0|0|0|0|488611
17393|Line of Credit - Bank of America|2876945|0|669575|0|2207370|488641
17394|Ford Credit|55266|0|18948|0|36318|488662
17395|N/A|0|0|0|0|0|488674
17396|None|0|0|0|0|0|488698
17397|UNITE HERE INT'L UNION|283570|0|72266|0|211304|488709
17398|LOCAL 513|22717|0|6794||16927|488710
17400|OPEIU INTERNATIONAL|25000||15000||10000|488729
17402|FORD CREDIT|42206|0|17465|0|24741|488749
17403|PNC BANK|0|1944683|89441|0|1855242|488749
17404|CAPITAL LEASE-IMAGISTICS|8089||4095||3994|488754
17405|NONE|0|0|0|0|0|488756
17406|0|0|0|0|0|0|488761
17407|N/P - Paducah Bank & Trust|11109||5638||5471|488765
17408|WACHOVIA BANK LINE|55000||55000||0|488766
17410|Ford Motor Credit|12494|0|4165||8329|488770
17411|Ford Credit|17269|0|7970||9299|488772
17412|Ford Credit|15262|0|7044||8218|488772
17413|Ford Credit|17752|0|3287|14465|0|488772
17414|Canon Financial Services, Inc.|0|13180|257|0|12923|488787
17415|Ikon Financial Services|2823|0|2823|0|0|488787
17416|Mailroom Consultants|14701|12756|6480|0|20977|488787
17417| None|0|0|0|0|0|488795
17419|NONE|0|0|0|0|0|488812
17420|CHRYSLER FINANCIAL|2443||2443||0|488814
17421|MEMBERS FIRST CREDIT UNION|6256||5758||498|488814
17422|MEMBERS FIRST CREDIT UNION|6956||6401||555|488814
17423|MEMBERS FIRST CREDIT UNION|6776||5769||1007|488814
17424|MEMBERS FIRST CREDIT UNION|2821||2821||0|488814
17425|MEMBERS FIRST CREDIT UNION|13640||5211||8429|488814
17426|MEMBERS FIRST CREDIT UNION|7880||6712||1168|488814
17427|MEMBERS FIRST CREDIT UNION|19458||6906||12552|488814
17428|MEMBERS FIRST CREDIT UNION|19458||6906||12552|488814
17429|MEMBERS FIRST CREDIT UNION|21072||5917||15155|488814
17430|N/A|0|0|0|0|0|488823
17431|LOUIS PERNICE |40000|20000|40000|0|20000|488825
17433|Equipment Leases|272281|0|71527||200754|488828
17434|Jefferson Bank & Trust|24952||5315||19637|488829
17435|Jefferson Bank & Trust|3106||3106||0|488829
17438|N/A|0||||0|488848
17439|1ST SECURITY BANK OF WA|143072||29216||113856|488854
17440|PIERCE TRANSIT PAYABLE-NET|21758|12630|||34388|488854
17441|CREDIT CARDS-NET CHANGE|1012|182|||1194|488854
17442|NONE|0|0|0|0|0|488856
17445|National Postal Mail Handlers Union|424275|20617|110655||334237|488892
17446|OPCMIA|100000|0|0|0|100000|488907
17447|RENTAL DEPOSITS HELD|800||||800|488919
17448|FORD CREDIT|7077|0|4469|0|2608|488946
17449|George Elkin|3334208||46995|3287213|0|488952
17450|SEIU Local 2007|915157|345230||1260387|0|488952
17451|SEIU Local 2006|473875|303741||777616|0|488952
17452|Chrysler Credit|15391|0|5865|0|9526|488979
17453|UNITED ILLUMINATING|3440|0|3440|0|0|489056
17454|Office and Professional Employees Pension Plan||142880|9520||133360|489065
17455|NONE|0|0|0|0|0|489083
17456|NONE|0|0|0|0|0|489093
17457|LINE OF CREDIT|1500000||1500000||0|489095
17459|COPIER LEASE|1994|0|1994||0|489114
17460|KEY BANK LOAN|79521|0|38566|0|40955|489123
17461|BANK OF AMERICA (BUICK)|33604|0|33604|0|0|489123
17462|ALLY GMAC|0|204853|13865|0|190988|489123
17463|BANK OF AMERICA|34958||20391||14567|489125
17464|BANK OF AMERICA|1507||1507||0|489125
17465|BANK OF AMERICA|50551||7153||43398|489125
17466|Bank of America|27218|0|6018|0|21200|489137
17467|Santander Consumer|8320|0|3708|0|4612|489137
17468|Ford Credit|76287|0|17194|0|59093|489137
17469|Nissan|57442|0|12059|0|45383|489137
17470|GMAC / Ally|11992|0|5360|0|6632|489144
17471|First National Community Bank|13146|0|7372|0|5774|489144
17472|Ford Credit|0|11474|3506|0|7968|489144
17473|FORD MOTOR CREDIT|2692|0|2692|0|0|489146
17474|FORD MOTOR CREDIT|3353|0|3353|0|0|489146
17475|FORD MOTOR CREDIT|6664|0|6664|0|0|489146
17476|GMAC FINANCE|8507|0|5105|0|3402|489146
17477|Ally Bank - Vehicle Loan|12289||5667||6622|489147
17478|CAPITAL LEASE OBLIGATION|7632|0|3059||4573|489151
17479|NONE|0|0|0|0|0|489171
17483|Ford Motor Credit|21917||4045||17872|489189
17484|ALLY BANK - AUTO LOAN|0|22847|3284||19563|489194
17485|ALLY BANK - AUTO LOAN|0|23946|3128||20818|489194
17486|0|0|0|0|0|0|489202
17487|TEAMSTERS LOCAL NO. 1038|14081|0|14081|0|0|489208
17488|FORD MOTOR CREDIT|6621|0|6621|0|0|489209
17489|GMAC|19546|0|7692|0|11854|489209
17490|GMAC|22367|0|4162|0|18205|489209
17491|ELECTRICAL HOME ASSOCIATION|616134|0|115409|0|500725|489209
17492|BUSINESS VEHICLE FINANCE|6306|0|5983|323|0|489249
17493|N/A|0|0|0|0|0|489256
17494|Labor organization|2000000|0|0|0|2000000|489274
17495|None|0|0|0|0|0|489277
17496|NONE|0|0|0|0|0|489291
17497|JEFFERSON BANK|2000000|0|6777|0|1993223|489295
17498|US BANK|6000000|0|18957|0|5981043|489295
17499|BUSINESS LOAN CONDUCT NO 6 LLC|8000000|0|0|0|8000000|489295
17500|BUSINESS LOAN CONDUIT NO 6 LLC|10000000|0|0|0|10000000|489295
17501|FIRST BANK|0|321509|0|0|321509|489295
17502|SERVICE EMPLOYEES INTERNATIONAL UNION|3335000|0|385000|0|2950000|489303
17503|ALLY BANK|44560|0|9227|0|35333|489303
17504|ALLY BANK|39565|0|8499|0|31066|489303
17505|None|0|0|0|0|0|489304
17506|NA|0|0|0|0|0|489311
17507|Line Of Credit|19000|38000|15000||42000|489320
17508|None|0|0|0|0|0|489325
17509|FNB Bank|0|275000|13569||261431|489327
17510|Capital Lease Copiers|0|32873|1049|0|31824|489332
17511|THOMAS BUILT-UP ROOFING|0|17645|5294||12351|489334
17512|CREDIT UNION JEEP LIBERTY LOAN|0|18396|2967||15429|489358
17513|CAPITAL LEASE PAYABLE|0|1818|||1818|489377
17514|USW INTERNATIONAL|106000|0|0|60000|46000|489381
17515|N/A|0|0|0|0|0|489386
17516|NONE|0|0|0|0|0|489399
17517|SEIU Local 2007|0|244189|||1504576|489410
17518|GEORGE ELKINS MORTGAGE BANKING CO.|0||48652|0|3238561|489410
17521|Old Second National Bank|2460615||423362||2037253|489440
17527|NONE|0|0|0|0|0|489461
17528|UFCW INTERNATIONAL UNION|45000|0|45000|0|0|489468
17529|ALLY FINANCING AUTOMOTIVE|32698|0|6106|0|26592|489468
17530|FORD MOTOR CREDIT CORP|2265||2265||0|489471
17531|FORD MOTOR CREDIT CORP|1653||1653||0|489471
17532|FORD MOTOR CREDIT CORP|25896||6055||19841|489471
17533|FORD MOTOR CREDIT CORP||13942|3485||10457|489471
17534|FORD MOTOR CREDIT CORP||45655|5326||40329|489471
17536|FORD MOTOR CREDIT||47906|4385||43521|489479
17537|NONE|0|0|0|0|0|489493
17538|LOAN PAYABLE|41333|0|16000||25333|489494
17539|N/A|0|0|0|0|0|489501
17540|N/A|0|0|0|0|0|489501
17541|N/A|0|0|0|0|0|489501
17542|N/A|0|0|0|0|0|489501
17543|N/A|0|0|0|0|0|489501
17544|N/A|0|0|0|0|0|489501
17545|N/A|0|0|0|0|0|489501
17546|N/A|0|0|0|0|0|489501
17547|N/A|0|0|0|0|0|489501
17548|N/A|0|0|0|0|0|489501
17549|NONE|0|0|0|0|0|489504
17550|Ford Motor Credit Co|14434||14434||0|489513
17551|VARIOUS BANKS|7490060|0|346327|0|7143733|489521
17552|TD FINANCE AND EQUIPMENT|50289|0|13134|0|37155|489521
17553|TD FINANCE|499488|0|32742|0|466746|489521
17554|AUTO LOAN CHRYSLER 300C|3524|0|3524|0|0|489528
17555|AUTO LOAN DODGE RAM|2699|0|2699|0|0|489528
17556|CAPITAL LEASE - OFFICE EQUIPMENT|0|5943|757|0|5186|489532
17557|Loan Payable on Building|764159||31464||732695|489536
17558|GMAC & CHRYSLER FINANCIAL|42396|0|24319|0|18077|489537
17559|ALLY CREDIT|76724||17193||59531|489540
17560|FORD MOTOR CREDIT|64386||15436||48950|489540
17561|UFCW OF AMERICA FCU||70000|2650||67350|489540
17563|UFCW Strike Fund|159587|0|4027|0|155560|489566
17564|total loans payable|0|0|0|0|0|489571
17566|NOINE|0|0|0|0|0|489584
17567|FORD CREDIT|0|32487|2745|0|29742|489585
17571|none|0|0|0|0|0|489653
17572|Busey Bank, Decatur, IL|0|20000|11000|0|9000|489666
17573|PNC Bank|0|143600|37800|0|105800|489668
17581|METRO BANK|40031|100000|40031|0|100000|489679
17582|Total Loans Payable|0|0|0|0|0|489700
17583|International Brotherhood of Teamsters|280813|0|0|0|280813|489705
17584|Ford Motor Credit - Stage|0|32325|2692|0|29633|489725
17585|Morgan Stanley Smith Barney||270782|0|0|270782|489733
17591|WELLS FARGO BANK NA|18078714|0|600000|0|17478714|489769
17592|VEHICLE LOAN|0|23331|13320||10011|489772
17593|NONE|0|0|0|0|0|489774
17594|Ford Credit|171135||37712||133423|489779
17595|NONE|0|0|0|0|0|489781
17596|UNITE HERE International Union|262763||12000||250763|489782
17597| ||||||489787
17598|UNITED LABOR BANK|934954|0|934954|0|0|489790
17599|BANK OF AMERICA|535405||21140||514265|489792
18157|PNC|147561|0|34156||113405|501029
17605|None|0|0|0|0|0|489819
17606|Local Union 653|100000||||100000|489823
17607|Local Union 2500|45000||||45000|489823
17608|Local Union 652|200000||||200000|489823
17609|Local Union 292|5000||||5000|489823
17610|LARRY KIRKCONNELL|0|35000|35000|0|0|489825
17611|NOTES PAYABLE - MORTGAGE|104093|0|14987||89106|489826
17612|LINE OF CREDIT|2|6500|||6502|489826
17613|COMPUTER ST. LOUIS|2808|0|858||1950|489826
17614|Chrysler Financial|15016|0|6931||8085|489841
17617|ALLY|55973|0|42487||13486|489849
17619|UNION|239768|0|40000|0|199768|489854
17620|UNION YES FCU||20674|3589||17085|489854
17621|Amalgamated-Sacramento|1121434|0|18959|0|1102475|489869
17622|Amalgamated-San Jose|561481|0|9429||552052|489869
17623|SEIU International|5016573||3770000|0|1246573|489869
17627|Line of Credit||0|0||0|489879
17664|Lyon Financial|9670||9670||0|489931
17665|Ford Motor Credit|16278||16278||0|489931
17667|Ford Motor Credit|9768||9768||0|489931
17670|Ford Motor Credit|0|21144|12538||8606|489931
17671|Ford Motor Credit|0|17856|2839||15017|489931
17672|Ally Bank|0|20191|20191||0|489931
17673|Ally Bank|0|18112|||18112|489931
17674|UFCW International|207000||60000||147000|489931
17691|Numerica Credit Union, Spokane WA|6814|0|4243|0|2571|489946
17692|Numerica Credit Union, Spokane WA|13974|0|4443|0|9531|489946
17797|AMALGAMATED BANK|112500||29464||83036|490015
17798|BANK OF AMERICA|65993|0|6351|0|59642|490016
17815|Ford Motor Company|3159|0|3159|0|0|490060
17816|Ally Bank (GMAC)|30755|0|1458|29297|0|490060
17817|Ally Bank (GMAC)|42691|0|7318|0|35373|490060
17818|Ally Bank (GMAC)|0|76825|9157|0|67668|490060
17857|Bank of America Mortgage|73663597|0|1832204|0|71831393|490158
17858|Bank of America Line of Credit|5000000|0|5000000|0|0|490158
17860|Chase Bank|11530|0|5564|0|5966|490174
17861|0|0|0|0|0|0|490186
17862|PNC Construction Loan|1359677|0|50989|0|1308688|490205
17863|PA ISRP Loan|0|540000|2575|0|537425|490205
17864|SC Federal Credit Union|0|30000|6417||23583|490227
17865|BANCOPOPULAR DE PR|1212113|0|49095|0|1163018|490251
17866|none|0|0|0|0|0|490265
17867|members|3760|30000|180||33580|490280
17868|MAH building corp|309713|20000|3000||326713|490280
17869|Musicians Services|5200|30000|8000||27200|490280
17870|N/A|0|0|0|0|0|490290
17871|None|0|0|0|0|0|490296
17876|0|0|0|0||0|490349
17882|Chase Bank|171009|0|7335||163674|490517
17883|NONE|0|0|0|0|0|490546
17884|NONE|0|0|0|0|0|490562
17885|GMAC - AUTO LOANS|31742|0|15927|0|15815|490592
17886|NONE|0|0|0|0|0|490605
17887|NONE|0|0|0|0|0|490611
17888|NONE|0|0|0|0|0|490612
17889|0|0|0|0|0|0|490618
17890|NONE|0|0|0|0|0|490620
17891|USW International Union|0|25000|8333|0|16667|490630
17892|NONE|0|0|0|0|0|490637
17893|NONE|0|0|0|0|0|490638
17894|NONE|0|0|0|0|0|490642
17895|NONE|0|0|0|0|0|490678
17896|NONE|0|0|0|0|0|490721
17897|NONE|0|0|0|0|0|490729
17898|NONE|0|0|0|0|0|490753
17899|NONE|0|0|0|0|0|490773
17900|NONE|0|0|0|0|0|490774
17901|United Labor Bank|75000|0|25481|0|49519|490776
17903|NONE|0|0|0|0|0|490783
17904|NONE|0|0|0|0|0|490784
17905|NONE|0|0|0|0|0|490796
17906|GMAC AUTO NOTES|8026|20894|6360|0|22560|490798
17907|NONE|0|0|0||0|490801
17908|Credit Cards Payable|16115|7564|10209|0|13470|490806
17909|Line of Credit|0|20428|0|0|20428|490806
17910|NONE|0|0|0|0|0|490821
17911|NONE|0|0|0|0|0|490838
17912|FORD CREDIT|1937|0|1937|0|0|490854
17913|FORD CREDIT|3167|0|3167|0|0|490854
17914|CHASE AUTOMOTIVE FINANCE|5166|0|5166|0|0|490854
17915|FORD CREDIT|10652|0|5168|0|5484|490854
17916|FORD CREDIT|0|19913|6637|0|13276|490854
17917|NONE|0|0|0|0|0|490908
17918|NONE|0|0|0|0|0|490914
17919|NONE|0|0|0|0|0|490951
17926|NONE|0|0|0|0|0|490968
17943|USB ACCT #5f82727LB|1300000||1300000||0|491047
17944|NONE|0|0|0|0|0|491050
17945|none|0|0|0|0|0|491060
17946|Chrysler Financial, Inc|3750|0|3750||0|491061
17948|N/A|0|0|0|0|0|491098
17949|NONE|0|0|0|0|0|491144
17953|PNC BANK, PITTSBURGH, PA||270000|30432||239568|491204
17954|Local #410|60000||||60000|491237
17955|Local #407|8000||||8000|491237
17979|NONE|0|0|0|0|0|491349
17980|Bank of America|0|160000|0|0|160000|491356
17984|NONE|0|0|0|0|0|491752
17985|M&T Bank Line of Credit|26199|23784|0|0|49983|491785
17986|M&T Bank Auto Loan #59958|17814|0|4938|0|12876|491785
17987|Ally (GMAC) Loan #45472|14213|0|3980|0|10233|491785
17988|Ally (GMAC) Loan #47918|14213|0|3980|0|10233|491785
17989|Ally (GMAC) Loan #86673|14213|0|4040|0|10173|491785
17990|Ally (GMAC) Loan #87951|14099|0|3947|0|10152|491785
17991|Ally (GMAC) Loan #24320|18122|0|5079|0|13043|491785
17992|Ally (GMAC) Loan #22165|18569|0|4951|0|13618|491785
17993|NONE|0|0|0|0|0|491827
17994|NONE|0|0|0|0|0|491835
17995|LOCAL 262 HEALTH & WELFARE FUND|0|50000|16277||33723|491836
18002|GENWORTH|2089414|0|93082||1996332|491847
18003|SSB LIEN|3512|0|0||3512|491847
18004|LOANS PAYABLE|400|0|0||400|491847
18005|Xerox Corporation|112594||42223||70371|491865
18010|Bank of America LOC|200000|0|0|0|200000|491999
18012|John Nolen Drive LLC|126895|0|15304||111591|492191
18013|XEROX CORP.|1225|0|238|0|987|492195
18017|NONE|0|0|0|0|0|492215
18018|TOYOTA|11564|0|5615||5949|492217
18022|Ford Motor Credit|12174|0|7001||5173|492253
18025|GMAC AUTO LOAN|16625|0|16625|0|0|492478
18026|APWU Afl-CIO|0|56000|56000||0|492571
18027|First Citizen Bank (Formerly Ironstone Bank)|335736|0|29670|0|306066|492673
18029|UNITED LABOR BANK|317732|340000|324073||338906|492778
18030|NONE|0|0|0|0|0|492948
18031|Snider Leasing Corp|92575|0|92575|0|0|492950
18032|Business Vehicle Finance|2748|0|2748|0|0|492950
18033|UFCW International|93711|200374|32000|0|262085|492950
18034|Snider Leasing Corp|24483|0|24483|0|0|492950
18035|FORD MOTOR CREDIT|5976|0|5976|0|0|493032
18036|FORD MOTOR CREDIT|5920|0|5920|0|0|493032
18037|ALLY BANK|0|39244|1309|0|37935|493032
18038|ALLY BANK|0|44899|2245|0|42654|493032
18039|ALLY BANK|0|45106|1503|0|43603|493032
18041|NONE|0|0|0|0|0|493415
18043|NONE|0|0|0|0|0|493535
18044|City National Bank|143708|0|143708||0|493873
18045|Wells Fargo Mtg|616688|0|49134|0|567554|494035
18046|N/A|0|0|0|0|0|494185
18047|FORD MOTOR CREDIT CO|0|8946|8946||0|494199
18048|FORD MOTOR CREDIT CO|0|11440|11440||0|494199
18049|Ford Motor Credit|46125||30247||15878|494302
18050|BTA FEDERAL CREDIT UNION|1394|0|1394|0|0|494414
18051|BTA FEDERAL CREDIT UNION|2894|0|2894|0|0|494414
18052|BTA FEDERAL CREDIT UNION|9434|0|9434|0|0|494414
18053|BTA FEDERAL CREDIT UNON|9658|0|4184|0|5474|494414
18054|BTA FEDERAL CREDIT UNION|0|21842|4669|0|17173|494414
18055|ALLY BANK|17511|0|7782|0|9729|494414
18056|0|0|0|0|0|0|494678
18057|IATSE INTERNATIONAL|10000||||10000|494687
18058|LYON FINANCIAL SERVICES|12834|0|12834|0|0|494690
18059|MANATEE COMMUNITY FCU|0|12879|2406|0|10473|494690
18060|ALLY|281499|0|43450|0|238049|494714
18061|Ford Credit|57882|0|12676|0|45206|494714
18062|N/A|0|0|0|0|0|495140
18063|Fifth Third Bank|566972|0|17738|0|549234|495203
18064|USW DIST 7 STRIKE FUND|49996||||49996|495213
18066|N/P - New Buick (Monarch)|12589|0|3980|0|8609|495266
18067|N/P - 2010 Ford |25393|0|4837|0|20556|495266
18068|SMALL BUSINESS ADMIN.|41561|0|4137|0|37424|495271
18070|NATIONAL POSTAL MAIL HANDLERS|534467|||123630|410837|495342
18071|n/a|0|0|0|0|0|495399
18072|FNB-OMAHA||36525|4109|0|32416|495530
18073|FIRST BANK & TRUST |3242313|0|159167|0|3083146|495650
18074|FREMONT BANK |0|1365000|3570|0|1361430|495650
18075|CENTRAL BANK|2529|19851|7715|0|14665|495659
18076|M&T Bank|62022|0|20049|0|41973|495738
18077|0|0|0|0|0|0|495932
18078|Credit Cards/Other (Net)|4713||1339||3374|496089
18079|NONE|0|0|0|0|0|496233
18080|0|0|0|0|0|0|496358
18081|N/A|0|0|0|0|0|496432
18082|Greg & Helen Gourde|86543|0|86543|0|0|496491
18083|OPEIU International Union|83350|0|19980|0|63370|496491
18084|JWC LLC|0|33394|27828|0|5566|496491
18085|IBEW Credit Union |0|400000|3926|0|396074|496491
18092|FRASERS SYSTEMS|24115||9812||14303|496621
18093|FORD MOTOR CREDIT|38156|171235|42461|0|166930|496630
18094|Old Second National Bank||67444|5174||62270|496697
18095|TWU INTERNATIONAL|20000|0|0|0|20000|496728
18096|National office (including interest)|200234|20000|||220234|496865
18099|NONE|0|0|0|0|0|496951
18100|Duplicator Sales & Service|8059|0|4818||3241|496955
18101|Sovereign Bank|15617|0|3420|0|12197|496956
18102|N/A|0|0|0|0|0|497310
18103|NONE|0|0|0|0|0|497318
18104|BUILDING & LAND LOAN|0|425485|8956||416529|497369
18135|Ford Credit|12063|0|12063|0|0|499052
18106|West Breck Corporation|34883|480|34883|0|480|497501
18107|NORMAN LEWIS|0|10000|10000||0|497617
18108|None|0|0|0|0|0|497734
18111|N/A|0|0|0|0|0|497796
18112|N/A|0|0|0|0|0|497835
18114|MORGAN STANLEY SMITH BARNEY|0|814855|814855|0|0|497879
18116|International Union, SPFPA|2819|785|3581||23|498015
18118|PatriotSusquehanna Bank|27809|0|13143|0|14666|498157
18119|HANCOCK BANK-VEHICLE|9173|0|3398|0|5775|498182
18120|Chase Auto Finance|17666|0|4506|0|13160|498422
18121|N/A|0|0|0|0|0|498427
18122|GMAC|15291|0|15291|0|0|498464
18123|GMAC|12031|0|12031|0|0|498464
18124|GMAC|8381|0|4205|0|4176|498464
18125|Ford Motor Credit|5694||5694||0|498494
18126|ALLY|15392|0|4015|0|11377|498679
18127|ALLY|18578|0|5067|0|13511|498679
18128|DC 33 LEGAL SERV PLAN|122544|0|0|0|122544|498713
18129|Ford Motor Credit|10926||7173||3753|498717
18131|na|0|0|0|0|0|498808
18134|Bonney, Allenberg & O'Reilly|30654||6000||24654|498923
18136|Ford Credit|0|39725|7413|0|32312|499052
18138|AUTO LOAN|10362||920|9442|0|499145
18139|AUTO LOAN||13262|1510||16473|499145
18140|AUTO LOAN||13477|1528||16670|499145
18152|N/A|0|0|0|0|0|499369
18154|Kansas Nurses Foundation|4626|0|4626|0|0|500879
18155|n/a|0|0|0|0|0|500898
18156|N/A|0|0|0|0|0|500967
18158|KONICA MINOLTA|4987|0|3760||1227|501029
18159|None|0||||0|501051
18163|United Labor Bank|0|105250|||105250|501172
18171|Powernet Credit-Auto Loan|2531|0|2531|0|0|501334
18172|Powernet Credit-Auto Loan|6517|0|4547|0|1970|501334
18176|Auto loans payable|36611|75888|27980||84519|501435
18180|0|0|0|0|0|0|501759
18181|0|0|0|0|0|0|501759
18182|0|0|0|0|0|0|501759
18183|0|0|0|0|0|0|501759
18184|0|0|0|0|0|0|501759
18185|0|0|0|0|0|0|501759
18186|0|0|0|0|0|0|501759
18187|0|0|0|0|0|0|501759
18188|0|0|0|0|0|0|501759
18189|0|0|0|0|0|0|501759
18190|0|0|0|0|0|0|501851
18191|EDF Loan|84972||84972||0|501855
18192|Ladies Garment Workers Center Inc.||100000|||100000|502032
18198|Cap Lease (phone)|2545||2545||0|502279
18199|Cap Lease (security)|912||912||0|502279
18200|Cap Lease (Server)|7419||3120||4299|502279
18201|Note Payable (Ford Freestar)|4794||4406||388|502279
18202|Note Payable (Dodge Caravan)|23701||3850||19851|502279
18203|Note Payable (Chevy Aveo)|13343||2179||11164|502279
18204|Cape Bank (Equity Line)|63837|38625|56673||45789|502279
18205|Workers Local 34 Bldg Corp|150490||120000||30490|502282
18240|NONE|0|0|0|0|0|503047
18308|National Postal Mail Handlers|126358|49145||59932|115571|503821
18327|None|0|0|0|0|0|504046
18350|M&I Bank|527751|0|17881|0|509870|504169
18603|IA Local 45|122539||3350||119189|505015
18812|TD BANK|1372647|3122353|115831||4379169|506313
18835|AFSCME LOCAL 189|155000||20000||135000|506443
18836|AFSCME LOCAL 328|181852||31111||150741|506443
18837|AFSCME LOCAL 88|12500||12500||0|506443
18838|HUNTINGTON BANK|60740|0|21329|0|39411|506511
18839|Motor vehicle - Chase|0|45800|6724||39076|506521
18854|GMAC Car Loan|14391|28238|5216|13325|24088|506706
18856|CHASE|6119|0|6119|0|0|506741
18857|COMMERCE BANK|933673|0|933673|0|0|506741
18858|IFF|851758|0|739256|0|112502|506741
18859|GMAC|39272|0|8296|0|30976|506741
18863|SEIU International (Labor Organization)|0|275000|0|0|275000|507092
18868|0|0|0|0|0|0|507301
18877|N/A|0|0|0|0|0|507442
18962|CWA INTERNATIONAL|108609|0|7404|0|101205|508925
18979|none|0|0|0|0|0|509913
18982|Due to Public|1044588|200548|0|0|1245136|510056
18983|Auto Ford 8386|11479|0|6242|0|5237|510056
18984|Auto Ford 8599|19428|0|6857|0|12571|510056
18985|Auto Ford 8486|13519|0|7352|0|6167|510056
18986|Auto Ford 2852|13468|0|7310|0|6158|510056
18987|Auto Ford 8381|13273|0|7218|0|6055|510056
18994|n/a|0|0|0|0|0|510455
18995|Ally Financial|23352|0|6823|0|16529|510591
18996|Ford Motor Credit|0|81920|10754|0|71166|510591
19000|Ford Credit Vehicles|164182|360173|130034|105478|288843|510764
19001|Banco Popular - Mortgage|420638||8585||412053|510764
19007|WELLS FARGO|89249|0|16741|0|72508|510924
19023|GMAC/Ally|7334|0|5501|0|1833|511976
19024|Ford Credit|34948|0|8224|0|26724|511976
19034|NONE|0|0|0|0|0|512379
19092|          ||||||513973
19139|International  Union UAW|354383|0|33286||321097|514676
19236|IMCU 2005 BUICK PARK AVENUE|11494||4719||6775|516056
19237|IMCU BLDG LOAN|20552||3762||16790|516056
19238|GMAC - 2005 BUICK LESABRE|4435||4435||0|516056
19397|Int'l Brotherhood of Teamsters|0|291000|0|0|291000|517252
21082|N/A|0|0|0|0|0|532108
20709|Ford Motor Credit Company|142759|128438|113906|0|157291|521362
20710|Ally|28892|0|28892|0|0|521362
20804|N/A|0|0|0|0|0|521766
20823|Ally Financial (formerly GMAC)|9506|0|4388|0|5118|521933
20974|NONE|||||0|526947
21072|Ally Bank-Vehicle||27411|2638||24773|531576
21073|Rick's mother (gave loan)|1000|||1000|0|531584
21074|Rick Silva & Associates (Loan to MACSE)||15657|||15657|531584
21080|SERVICE EMPLOYEES INTERNATIONAL UNION|606592|0|140000|0|466592|531920
21090|FIRST NATIONAL BANK OF SANTA FE|75000|0|75000|0|0|532357
21100|NONE|0|0|0|0|0|532475
21107|Workers United|335000|0|0|0|335000|532613
21108|SEIU|150000|0|0|0|150000|532613
21118|Ford Motor Credit|14471|0|5827|0|8644|532914
21123|NONE|0|0|0|0|0|533330
21125|2011 Jeep|0|28465|26038|0|2427|533418
21146|Capital lease|98492||21404||77088|533528
21147|Council 79 - Bldg Corp|102385|5238|||107623|533528
21148|Due to Council 79 - Bldg Corp|24572||432||24140|533528
21155|NONE|0|0|0|0|0|533588
21499|Building Loan United Labor Bank|453489|0|19274||434215|536850
21652|GMAC|50895|0|9694||41201|541683
21894|SEIU|18715275|1171774|0|0|20129595|545666
21895|Amalgamated National Health Fund|980291|0|756404|0|223787|545666
22497|ALPA NATIONAL  TO 1625 MASSACHUSSETS AVE|0|409183|242087|0|167096|549847
22498|ALPA NATIONAL TO IPSC|853408|251388|2344|108721|993731|549847
22499|CANON FINANCIAL SERVICES|2878|0|2878|0|0|549847
22500|SUNTRUST COMMERCIAL LOAN|1864527|0|417831|357|1446339|549847
22789|Building Loans|121817||5038||116779|556495
22860|Culinary Workers Local 226|7557966|0|7557966|0|0|559210
22861|AFSCME|700000|0|500000|0|200000|559210
22862|Local 6|11046499|0|11046499|0|0|559210
23246|BPPR|90473||3637||86836|563527
23247|DORAL BANK|6310||1710||4600|563527
23404|DORAL BANK MORTGAGE|164582||17800||146782|576408
24353|AMALGAMATED BANK|49301|0|28129|0|21172|586462
27146|Teamsters Joint Council 41|2800|0|700|0|2100|616503
