OID|SOURCE|LOANS_OWED_START|LOANS_OBTAINED|CASH_REPAYMENT|NON_CASH_REPAYMENT|LOANS_OWED_END|RPT_ID
5516|NONE|0|0|0|0|0|334776
5409|GMAC|0|30002|3656|0|26346|334060
3023|Eastern Loan|10685|0|1242|9443|0|305083
3139|FORD MOTOR CREDIT|49332|0|14806|34526|0|307025
3792|SBA LOAN|91113|0|846|90267|0|311974
4951|Avaya -Telephone System Lease|34811|0|1770|0|33041|321934
4952|Copier Equipment Lease|18352|0|4165|0|14187|321934
4953|Dues Trust Payable|84488|0|7558|0|76930|321934
4966|NONE|0|0|0|0|0|321941
5057|PNC-LINE OF CREDIT|50545|0|30981|0|19564|326252
5062|FORD MOTOR CREDIT|19980|0|1360|0|18620|326434
5065|NONE|0|0|0|0|0|326454
5071|Amalgamated Bank|90000|0|90000|0|0|326467
5072|PHPA Publication|20000|0|20000|0|0|326467
5152|FORD MOTOR CORP.|73782|155619|15992|72229|141180|327928
5153|FIFTH THIRD BANK|8603|0|8603|0|0|328013
5154|CITIZENS BANK|38318|8678|20221|0|26775|328013
5155|CHRYSLER FINANCIAL|7277|0|2511|0|4766|328032
5156|U.S. BANK|25000|0|0|0|25000|328064
5157|U.S. BANK|7667|0|0|0|7667|328064
5160|GMAC|11535|0|11535|0|0|328155
5161|GMAC|11654|0|11654|0|0|328155
5162|GMAC|11652|0|11652|0|0|328155
5163|GMAC|11736|0|11736|0|0|328155
5164|GMAC|22246|0|22246|0|0|328155
5165|GMAC|23478|0|23478|0|0|328155
5166|TWU INTERNATIONAL|14000|0|12000|0|2000|328159
5167|OPEIU-INTERNATIONAL|80285|0|38933|0|41352|328160
5168|UCNB|72132|0|12837|0|59295|328160
5169|DAIMLERCHRYSLER FINANCIAL|7500|0|7500|0|0|328180
5170|BANK OF AMERICA|32449|0|6355|0|26094|328189
5171|Credit Line Payable|0|1118838|1118838|0|0|328190
5173|Xerox Lease|443420|0|109080|0|334340|329512
5192|COMERICA LOCKWOOD|792790|0|36660|0|756130|329620
5193|United Labor Bank|287784|0|2945|0|284839|329624
5197|CHRYSLER FINANCIAL|3000|0|3000|0|0|329628
5203|N/A|0|0|0|0|0|329684
5222|FORD MOTOR CREDIT|16575|19895|24075|0|12395|330388
5223|HERGET BANK|48797|58593|19915|0|87475|330389
5224|CHRYSLER FINANCIAL|5781|0|4616|0|1165|330389
5228|FORD MOTOR CREDIT CORP.|0|46583|3635|0|42948|330505
5229|AFFILIATED ENTITY|1|0|1|0|0|330505
5230|GMAC-2005 BUICK LESABRE|19270|0|3055|0|16215|330521
5232|WACHOVIA BANK - BLDG|457157|0|71186|0|385971|330584
5233|POWERNET BANK - AUTO|11939|0|6120|0|5819|330584
5234|Armory Garage|37176|21484|26769|0|31891|330585
5246|NONE|0|0|0|0|0|330630
5249|CHRYSLER CR 2004 CARAVAN|9074|0|9074|0|0|330634
5250|CHRYSLER - 2006 TOWN & CO.|0|20014|2919|0|17095|330634
5251|CITIZENS - 2007 CHEVY IMPALA|0|18346|1835|0|16511|330634
5252|BK OF AMERICA-2005 CARAVAN|0|19347|4434|0|14913|330634
5260|0|0|0|0|0|0|330648
5262|CHRYSLER FINANCIAL|4469|0|4469|0|0|330668
5263|U.A. Loan|49350|0|3600|0|45750|330672
5264|Building Mortgage|1012527|0|34966|0|977561|330672
5285|GCIU BUILDING CORP.|75000|0|0|75000|0|331303
5286|OFFICER|0|15000|0|15000|0|331303
5289|GMAC Auto Loan|6200|0|1907|0|4293|331551
5290|LABOR MGMT COOP TRUST|7391|0|0|0|7391|331641
5291|Ford Credit|25316|38961|29861|0|34416|331682
5292|Michael Bergman|19561|0|3500|0|17851|331790
5293|Dell Computer|1674|0|1674|0|0|331790
5294|US BANK|0|50000|50000|0|0|331831
5295|Bank of America 1st Floor|297500|0|3314|0|294186|331967
5296|Bank of America 2nd Floor|1352840|0|15348|0|1337492|331967
5300|NONE|0|0|0|0|0|332000
5303|N/A|0|0|0|0|0|332085
5307|AVAYA FINANCIAL SERVICES|4075|0|1847|0|2228|332106
5308|BRIGHT BAY LINCOLN MERCURY|24845|0|2937|21908|0|332106
5309|BANK AUTO LOAN|4813|0|4813|0|0|332201
5310|Bank of O'Fallon|130380|0|4004|0|126376|332206
5311|Bank of O'Fallon|0|41024|21145|0|19879|332206
5320|Ford Motor Company|15724|0|2148|0|13576|332221
5321|Local Union Officers & Employees Pension Fund|33722|0|3505|0|30217|332221
5327|Reliable Financial Corp.|11571|0|4750|0|6821|332250
5328|Ford Motor Credit Co.|17518|0|3046|0|14472|332250
5329|Reliable Financial Corp.|0|26496|3983|0|22513|332250
5330|Fifth Third Bank|100000|0|1500|0|98500|332253
5331|West Coast Bank|593079|0|47833|0|545246|332256
5334|TOSHIBA PHONE SYSTEM|3481|0|2454|0|1027|332275
5335|North Fork Bank|18983|0|2572|0|16411|332277
5336|Chrysler Financial|13104|0|353|12751|0|332277
5339|SERVICE EMPLOYEES' INTL UNION|9439|0|0|0|9439|332281
5340|SunTrust Line of Credit|49192664|0|2431004|0|46761660|332296
5341|NONE|0|0|0|0|0|332468
5345|TEXAS FIRST BANK|9420|0|5690|0|3730|332554
5348|Auto Loan - Ford Credit|5832|0|5832|0|0|332719
5349|NONE|0|0|0|0|0|332764
5355|NOTE PAYABLE AFL-CIO|48355|0|15035|0|33320|332889
5356|NONE|0|0|0|0|0|332917
5358|MORTGAGE ON BUILDING|277688|0|8953|0|268735|333042
5359|IW Credit Union|0|16203|3325|0|12878|333120
5360|Ford Motor Credit|54380|24549|26284|0|52645|333167
5361|FORD MOTOR CREDIT|24341|0|9420|0|14921|333170
5364|Chrysler Financial Corporation|4065|0|4065|0|0|333191
5366|Ford Motor Credit|0|35376|8107|0|27269|333226
5373|FOD MOTOR CREDIT|8905|0|1769|0|7136|333250
5374|None|0|0|0|0|0|333257
5375|IRONWORKERS CREDIT UNION|8694|0|8694|0|0|333271
5376|KEY CORPORATE CAPITAL, INC.|5858|0|1024|0|4834|333274
5377|NONE|0|0|0|0|0|333315
5378|GMAC|6647|16131|4841|0|17937|333324
5379|INTL UNION ALL NOV & PROD.|22500|0|0|0|22500|333326
5382|NONE|0|0|0|0|0|333344
5383|Loan Payable Chrysler Financial|18462|0|4188|0|14274|333346
5384|Loan Payable Chrysler Financial|0|20800|1548|0|19252|333346
5385|None|0|0|0|0|0|333347
5386|2004 FORD TRUCK LOAN|3619|0|3619|0|0|333360
5387|Pitney Bowes|7203|0|5762|0|1441|333411
5388|Ikon|15495|0|4900|0|10595|333411
5389|Great America Leasing|7341|0|2173|0|5168|333411
5390|MORTGAGE LOAN|83681|0|7806|0|75875|333443
5391|Demand loan|200|0|0|0|200|333454
5392|Chrysler Financial|6652|0|6652|0|0|333500
5393|BUILDING E ST LOUIS|14035|0|14035|0|0|333530
5394|N.C.C.R.C|2074735|0|35039|0|2039696|333549
5395|NONE|0|0|0|0|0|333711
5396|NONE|0|0|0|0|0|333805
5398|None|0|0|0|0|0|333846
5399|NORTHERN CALIFORNIA CARPENTERS|372468|0|45060|0|327408|333849
5400|NONE|0|0|0|0|0|333905
5401|CSEA Council 400|96889|0|18975|0|77914|333924
5402|NONE|0|0|0|0|0|333926
5403|None|0|0|0|0|0|333944
5404|Ford Credit|0|30097|5016|0|25081|334000
5405|NONE|0|0|0|0|0|334045
5406|None|0|0|0|0|0|334047
5407|FIST TENNESSEE BANK|11893|0|4907|0|6986|334056
5408|GMAC|3382|0|3382|0|0|334060
5410|FIRST MIDWEST BANK|0|960000|0|960000|0|334060
5414|EASTERN BANK|0|17655|11324|0|6331|334077
5415|IWDCIFM|0|76000|0|0|76000|334077
5416|Minnequa Works Federal Credit Union|27916|17559|16749|0|28726|334087
5417|GMAC|24511|0|0|24511|0|334193
5418|GMAC|0|49495|8264|0|41231|334193
5419|Ford Motor Credit|10618|0|10618|0|0|334202
5420|DaimlerChrysler Truck Financial|0|55682|928|0|54754|334202
5421|NONE|0|0|0|0|0|334210
5422|None|0|0|0|0|0|334211
5423|SHEET METAL CREDIT UNION|0|72875|4867|0|68008|334214
5424|FORD CREDIT|3178|0|3178|0|0|334232
5425|FORD CREDIT|11247|0|2963|8284|0|334232
5426|FORD CREDIT|33326|0|5645|0|27681|334232
5427|FORD CREDIT|0|36236|0|0|36236|334232
5428|GMAC|0|26115|1451|0|24664|334233
5430|Rochester Carpenters Local 85|59910|200929|61924|0|198915|334247
5431|NONE|0|0|0|0|0|334248
5433|BROTHERHOOD BANK|0|20000|9558|0|10442|334255
5434|None|0|0|0|0|0|334266
5435|Xerox and other leases|45866|0|17876|0|27990|334267
5436|Lessor-Pitney Bowes (postage)|66808|0|17573|0|49235|334267
5437|Lessor-Solrcom (print shop)|534526|0|95516|0|439010|334267
5438|Lessor-Solarcom (phaser)|4257|0|901|0|3356|334267
5439|Lessor Solarcom (DP-12)|86351|0|17849|0|68502|334267
5440|Lessor-Solarcom (WCP-90)|41262|0|8529|0|32733|334267
5441|Lessor-Solarcom (WCP-128)|10326|0|2135|0|8191|334267
5442|Lessor-Solarcom (AS 400)|606453|0|167830|0|438623|334267
5443|Lessor-Solarcom (AS 400)|159266|0|40832|0|118434|334267
5444|Lessor-Solarcom (copier)|0|29678|4303|0|25375|334267
5445|NONE|0|0|0|0|0|334268
5454|NONE|0|0|0|0|0|334280
5455|Parish National Bank|94567|0|94567|0|0|334285
5456|Boilermaker Bank & Trust Co.|0|100000|0|0|100000|334285
5457|None - Not Applicable|0|0|0|0|0|334291
5458|NONE|0|0|0|0|0|334292
5459|NONE|0|0|0|0|0|334297
5460|Brien Motors|0|56902|7903|0|48999|334349
5461|FIFTH THIRD BANK|220603|0|9359|0|211244|334350
5462|FORD CREDIT|11405|0|8050|0|3355|334350
5463|GMAC|2508|0|2508|0|0|334350
5464|NONE|0|0|0|0|0|334373
5465|NONE|0|0|0|0|0|334384
5466|NONE|0|0|0|0|0|334388
5468|NONE|0|0|0|0|0|334403
5469|COPIER LEASE/PURCHASE|2188|4153|1995|0|4346|334407
5470|NOTE PAYABLE|0|50000|3441|0|46559|334407
5472|FORD MOTOR CREDIT|0|20450|3453|0|16997|334413
5473|CHASE AUTO FINANCE|5333|0|4000|1333|0|334413
6180|N/A|0|0|0|0|0|342472
5474|CHASE AUTO FINANCE|5333|0|4000|1333|0|334413
5475|DELL FINANCIAL|2554|0|1417|0|1137|334413
5476|NONE|0|0|0|0|0|334414
5477|NONE|0|0|0|0|0|334415
5478|NATIONAL CITY BANK|3270|0|3270|0|0|334417
5479|FORD MOTOR CREDIT CO.|2261|0|2261|0|0|334417
5480|HUNTINGTON NATIONAL BANK|0|16140|1149|0|14991|334417
5481|HUNTINGTON NATIONAL BANK|0|16440|1171|0|15269|334417
5482|KEY BANK|147419|0|23632|0|123787|334417
5483|CHASE AUTOMOTIVE|35071|0|11882|0|23189|334492
5484|OLD NATIONAL BANK|93021|0|93021|0|0|334495
5485|GMAC|10507|0|2966|0|7541|334507
5489|NOT APPLICABLE|0|0|0|0|0|334543
5491|RIVERSIDE BANK|7387|0|7387|0|0|334627
5492|UNITED LABOR BANK NOTE|183122|3588|0|0|186710|334628
5493|CHRYSLER AUTO LOAN|3189|0|3189|0|0|334628
5495|NONE|0|0|0|0|0|334638
5496|M&T CREDIT SERVICES|4877|16986|5738|0|16125|334640
5497|NONE|0|0|0|0|0|334641
5498|NONE|0|0|0|0|0|334642
5502|NONE|0|0|0|0|0|334647
5505|GMAC FINANCIAL|6382|0|6382|0|0|334651
5506|CHRYSLER FINANCIAL|5481|0|5481|0|0|334651
5507|NONE|0|0|0|0|0|334652
5508|NONE|0|0|0|0|0|334658
5509|Arvest Bank|1172|0|1172|0|0|334663
5510|DUE TO NJ CARPENTERS FUND|39991|0|39991|0|0|334668
5511|PEC COLONIAL BANK|0|500000|0|0|500000|334668
5513|Ford Motor Credit|0|18058|3010|0|15048|334693
5514|Commerce Bank Line of Credit|58085|20000|5052|0|73033|334725
5515|NONE|0|0|0|0|0|334726
5853|DUMAC PHONE SYSTEM|1300|0|1300|0|0|337214
5521|GMAC Financing|14609|0|7201|0|7408|334799
5522|Chrysler Credi|33327|0|5479|0|27848|334799
5523|ALLIANT ENERGY|5788|0|5788|0|0|334800
5524|Union Savings Bank|719596|0|719596|0|0|334819
5525|GMAC Financing|5103|0|5103|0|0|334830
5526|Sovereign Bank|0|18257|235|0|18022|334830
5529|NO. CA. CARPENTERS REGION|1069300|2000000|40099|0|3029201|334841
5530|M&T Bank|1182467|0|216952|0|965515|334875
5531|BANK OF AMERICA|0|14260|1007|0|13253|334889
5532|IBEW FCU|0|21700|651|0|21049|334889
5533|NONE|0|0|0|0|0|334908
5534|IBEW LU 278 FCU A|5295|0|5295|0|0|334921
5535|IBEW LU 278 FCU B|5672|0|3984|0|1688|334921
5536|IBEW LU 278 FCU D|7425|0|7425|0|0|334921
8113|FORD CREDIT|0|27630|2303|0|25327|360726
5537|IBEW LU 278 FCU E|0|11862|4895|0|6967|334921
5538|IBEW LU 278 FCU F|0|7479|613|0|6866|334921
5539|IBEW LU 278 FCU  G|0|3643|0|0|3643|334921
5540|IBEW BUILDING FUND|4248|0|4248|0|0|334934
5541|NONE|0|0|0|0|0|334941
5542|COMMUNITY BANK|120868|0|7792|0|113076|334945
5543|None|0|0|0|0|0|334946
5544|NONE|0|0|0|0|0|334964
5545|None|0|0|0|0|0|334984
5547|NONE|0|0|0|0|0|334992
5548|UA Local 355|184266|0|82575|0|101691|334999
5549|TEAM GMC|0|23500|23500|0|0|334999
5550|WFS FINANCIAL|3715|0|3715|0|0|335002
5551|U.S. EXPRESS LEASING|0|73696|2727|0|70969|335007
5552|Powernet Credit Union|0|15000|6389|0|8611|335011
5553|FORD MOTOR CREDIT|38804|0|38804|0|0|335013
5554|M & T|0|3250|468|0|2782|335016
5555|CHYSLER FINANCIAL|13051|0|13051|0|0|335016
5556|NONE|0|0|0|0|0|335019
5557|NONE|0|0|0|0|0|335022
5558|NONE|0|0|0|0|0|335023
5559|IBEW #387 General Fund|10000|0|10000|0|0|335025
5560|None|0|0|0|0|0|335026
5562|N.E.R.C.C.|62156|0|32189|0|29967|335028
5563|GMAC|8312|0|0|8312|0|335031
5564|GMAC|0|20949|217|1000|19732|335031
5565|Ford|15707|0|3935|0|11772|335031
5567|NONE|0|0|0|0|0|335035
5575|Ford Credit|51901|51769|26512|0|77158|335044
5576|Marlin Leasing|2900|0|2079|0|821|335044
5578|AMEX BUSINESS SYSTEMS|3528|0|1710|0|1818|335049
5582|NONE|0|0|0|0|0|335058
5583|None|0|0|0|0|0|335060
5584|FORD MOTOR CREDIT|9367|0|9367|0|0|335062
5585|NONE|0|0|0|0|0|335063
5586|CREDIT CARDS|5893|9203|5893|0|9203|335067
5587|VEHICLE LOAN|6967|0|4918|0|2049|335069
5588|VEHICLE LOAN|11840|0|4325|0|7515|335069
5589|VEHICLE LOAN|14763|0|4429|0|10334|335069
5590|NONE|0|0|0|0|0|335070
5591|Colorado Springs National Bank|157631|0|61943|0|95688|335078
5592|NONE|0|0|0|0|0|335082
5594|SMW Training Fund|4735|0|4735|0|0|335113
5595|BANK OF NASHVILLE|30456|0|7267|0|23189|335114
5596|REGIONS|6033|0|6033|0|0|335114
5597|REGIONS|0|73401|5000|0|68401|335114
5598|REGIONS|900925|0|30667|0|870258|335114
5599|REGIONS|0|295553|10308|0|285245|335114
5600|AMSOUTH|292833|0|292833|0|0|335114
5601|REGIONS|29034|0|29034|0|0|335114
5602|REGIONS|28100|0|28100|0|0|335114
5603|F&M|0|297500|24612|0|272888|335114
5604|CREDIT CARD BALANCES|0|14493|0|0|14493|335126
5605|UNCLAIMED VACATION FUND|0|8794|0|0|8794|335126
5606|Ford Motor Credit|26455|0|6205|20250|0|335130
5607|Ford Motor Credit|26710|0|5469|21241|0|335130
5608|Ford Motor Credit|32958|0|5784|27174|0|335130
5609|N/A|0|0|0|0|0|335147
5610|Chrysler Financial|0|119548|25475|0|94073|335148
5611|TRUCK NOTE-BANK OF AMERICA|10383|0|4475|0|5908|335149
5612|NONE|0|0|0|0|0|335154
5613|Fidelity Federal Bank|256910|110566|21856|0|345620|335156
5614|NONE|0|0|0|0|0|335168
5615|ABC BANK, AUSTIN, TX|13019|0|13019|0|0|335169
5616|NONE|0|0|0|0|0|335170
5618|GMAC - Automobile Loan|0|25392|2540|0|22852|335173
5619|GMAC|31781|0|10993|0|20788|335184
5620|Wachovia|3640996|0|504380|0|3136616|335184
5621|Auomobile Loans|0|25560|4759|0|20801|335185
5622|N/A|0|0|0|0|0|335265
5623|Capitol office|2495|0|2495|0|0|335272
5625|WILMINGTON TRUST CO|987488|0|400000|0|587488|335274
5626|FIRST  BANK OF DELAWARE|0|694160|0|0|694160|335274
5627|NONE|0|0|0|0|0|335280
5628|NONE|0|0|0|0|0|335300
5629|BROTHERHOOD BANK|584626|0|26994|0|557632|335322
5630|AMARILLO NATIONAL BANK|0|16895|2124|0|14771|335324
5631|AMARILLO NATIONAL BANK|0|19552|4621|0|14931|335324
5650|NONE|0|0|0|0|0|335356
5651|Building Promissory Notes|345000|0|345000|0|0|335360
5652|SDFF L145 Dental Acct|80208|0|0|0|80208|335360
5653|GMC Credit|0|24624|4514|0|20110|335362
5654|POWERNET CREDIT UNION|54302|0|11084|0|43218|335367
5655|GMAC|9009|0|9009|0|0|335368
5656|NONE|0|0|0|0|0|335369
5657|PNC BANK|157365|0|157365|0|0|335370
5658|UNITED LABOR BANK|72385|0|72385|0|0|335373
5659|IBEW|5400000|0|1080000|0|4320000|335374
5660|BANK OF AMERICA|0|5227819|0|0|5227819|335379
5661|BANK OF AMERICA|0|3367800|0|0|3367800|335379
5662|MICROSOFT LEASING|11046|0|6005|0|5041|335379
5663|BUILDING CONSTRUCTION LOAN|60470|0|49777|0|10693|335383
5664|BUILDING IMPROVEMENT LOAN|15525|0|11297|0|4228|335383
5665|VACATION LOAN PAYABLE|151794|0|13695|0|138099|335383
5666|INTERNATIONAL PER CAPITA LOAN|35135|0|35135|0|0|335383
5667|THE BRYN MAWR TRUST CO.|1300000|0|260000|0|1040000|335393
5668|LASALLE BANK|23489|20000|4765|0|38724|335394
5669|NONE|0|0|0|0|0|335401
5671|NONE|0|0|0|0|0|335411
5672|NONE|0|0|0|0|0|335413
5673|BK OF AMER CREDIT CARDS|12305|0|3325|0|8980|335415
5674|TRANSIT EXCHANGE PROGRAM|14400|0|872|0|13528|335415
5675|CHILD & ELDER CARE PROGRAM|35000|0|0|0|35000|335415
5676|BENEFITS ADMINISTRATION PROGRAM|4500|0|0|0|4500|335415
5677|OTHER LIABILITIES|1472|0|1472|0|0|335415
5678|GMAC CREDIT CORPORATION|146205|290257|140135|0|296327|335417
5684|Notes Payable|56898|24870|46829|0|34939|335427
5685|AFSCME INTERNATIONAL|12542|0|12542|0|0|335436
5686|BANK OF AMERICA|1268435|0|74574|0|1193861|335436
5687|MILESTONE ASSOCIATES|89859|0|14791|0|75068|335436
5688|Brotherhood Bank|0|125861|125861|0|0|335438
5689|International Headquarters|0|275000|275000|0|0|335438
5693|NONE|0|0|0|0|0|335445
5696|SunTrust Bank|0|12090612|12090612|0|0|335451
5697|Automobile|0|34813|2117|0|32696|335453
5698|Automobile - merger|0|14929|14929|0|0|335453
5699|GMAC|52486|0|52486|0|0|335456
5700|NATIONAL CITY BANK - LOC|0|1118610|0|0|1118610|335461
5701|RBC Centura Bank|0|33026|3999|0|29027|335463
5702|Ford Motor Credit Company|0|29227|577|0|28650|335463
5703|RBC Centura Bank (Bldg Fund)|0|65000|1492|0|63508|335463
5704|Electrical Workers 237, Inc.|22|0|0|0|22|335464
5705|Bank of America Line of Credit|84000|0|0|0|84000|335464
5706|OAK STREET BLDG LOAN|427806|0|33445|0|394361|335465
5707|NONE|0|0|0|0|0|335469
5708|Fielity Federal Bank - Mortgage|137812|0|12293|0|125519|335470
5709|Fidelity Federal Bank-Auto Note|24997|0|4239|0|20758|335470
5710|AMALGAMATED BANK OF NEW YORK|9500000|3000000|12500000|0|0|335479
5711|Ford Credit|13237|0|2748|0|10489|335501
5712|None|0|0|0|0|0|335505
5713|NONE|0|0|0|0|0|335534
5714|FIRST TRADE UNION BANK|176169|0|13034|0|163135|335550
5715|CAPITAL LEASE PAYABLE|19422|0|3295|0|16127|335550
5716|IBEW INTERNATIONAL|223700|0|223700|0|0|335556
5717|FORD CREDIT|12630|0|12630|0|0|335556
5718|M & T Bank|77634|0|10154|0|67480|335559
5719|AUTOMOBILE LOAN|10212|0|3604|0|6608|335563
5720|Canon Financial Services, Inc.|8266|0|2739|0|5527|335572
5721|IUOE_Reserve Fund|0|320456|122738|0|197718|335573
5722|IUOE_General Fund|0|35276|0|0|35276|335573
5723|Local 324 Bldg Corp|0|23549|0|0|23549|335573
5724|IUOE_Strike Fund|0|2546600|0|0|2546600|335573
5725|Key Bank|13758|0|4462|0|9296|335574
5726|ALTON ROUTE CREDIT UNION|25412|0|5536|0|19876|335581
5727|ALTON ROUTE CREDIT UNION|0|23592|2870|0|20722|335581
5728|KEY BANK|293747|0|41862|0|251885|335645
5729|GMAC FINANCIAL SERVICES|14353|0|3950|0|10403|335691
5730|JEFFERY J. BENAVIDEZ|0|11000|0|0|11000|335691
5733|LINE OF CREDIT|295000|55000|0|0|350000|335798
5734|LONG TERM DEBT|60730|192350|94750|0|158330|335798
5735|Due to International|49000|0|12000|0|37000|335945
5737|None|0|0|0|0|0|336022
5752|NOTES PAYABLE|9805|0|8419|0|1386|336086
5757|BANCO POPULAR DE PR|603035|474608|10562|0|1067081|336209
5758|COOP DE A&C BO. QUEBRADA|68993|0|1973|0|67020|336209
5759|HF MORTGAGE|166229|0|166229|0|0|336209
5760|F&M Bank, Galesburg, IL|14097|0|3419|0|10678|336216
5761|NONE|0|0|0|0|0|336220
5764|New England Regional Council|134347|0|8756|0|125591|336237
5765|Commonwealth Bank|30199|0|5579|0|24620|336237
5766|American Federation of Teachers and Health Care Wo|54983|0|40265|14718|0|336240
5767|PNC BANK, NA|274282|0|14665|0|259617|336251
5769|Ron Tonkin|14949|0|14949|0|0|336259
5770|Intertel|29845|0|6522|0|23323|336259
5782|VALLEY NAT'L BANK|7693|0|1363|6330|0|336318
5783|FORD CREDIT|19722|0|4202|0|15520|336318
5784|UNION STATE BANK|100000|0|100000|0|0|336318
5785|CHASE AUTO FINANCIAL|0|21866|2551|0|19315|336318
5786|FORD MOTOR CREDIT|10444|0|3315|0|7129|336319
5788|Canon Financial|9068|0|3400|0|5668|336342
5803|COMMERCE BANK LINE OF CREDIT|1370075|0|370075|0|1000000|336439
5804|PREPAID INTEREST - PYRAMID|93530|0|93530|0|0|336439
5812|DETROIT FEDERATION OF TEACHERS|54283|0|0|0|54283|336467
5813|CHASE BANK|265059|0|74387|0|190672|336524
5814|KEY BANK NATIONAL ASSOC|174508|0|9303|0|165205|336675
5818|DU TO GMAC CREDIT CORP|9231|0|7329|0|1902|336897
5819|DUE TO 102 CREDIT UNION|7329|0|7329|0|0|336897
5820|DUE TO GMAC CREDIT CORP|0|28567|3078|0|25489|336897
5824|First Trade Union Savings Bank|0|1282748|0|0|1282748|337005
5825|BUILDING TRADES CREDIT UNION|24594|0|20817|3777|0|337009
5829|HUNTINGTON NATIONAL BANK|147293|0|16907|0|130386|337016
5830|FORD MOTOR CREDIT - TAURUS|7823|0|5824|0|1999|337016
5831|FORD MOTOR CREDIT - 500|10719|0|5088|0|5631|337016
5832|FORD MOTOR CREDIT - FOCUS|10302|0|6142|0|4160|337016
5833|FORD MOTOR CREDIT - FUSION|0|20052|5013|0|15039|337016
5834|GMAC - 3 BUICK CENTURIES|21968|0|18718|0|3250|337016
5835|NONE|0|0|0|0|0|337066
5836|NONE|0|0|0|0|0|337101
5837|None|0|0|0|0|0|337104
5838|POPULAR AUTO|24775|0|7140|0|17635|337105
5839|COOP A/C CASA DEL TRABAJADOR|0|42374|4944|0|37430|337105
5840|COOP A/C CASA DEL TRABAJADOR|2367|5000|5587|0|1780|337105
5841|DE LAGE FINANCIAL|23381|0|5101|0|18280|337105
5850|Automobile Loan|12198|0|12198|0|0|337212
5851|SONOMA NATIONAL BANK|915557|0|4018|911539|0|337214
5852|SEIU INTERNATIONAL|57547|0|4433|53114|0|337214
6255|AUTO LOAN-CHASE|7194|0|7194|0|0|343830
5854|LANIER|918|0|918|0|0|337237
5859|FCU Secured Loan|12509|0|12509|0|0|337262
5860|UNON SAVINGS BANK|133290|0|28722|0|104568|337264
5861|NONE|0|0|0|0|0|337274
5863|NONE|0|0|0|0|0|337285
5876|AVAYA FINANCIAL SERVICE|233166|262721|57635|0|0|337381
5877|SEIU 660 CTW, CLC COPE|20000|0|13333|0|0|337381
5879|Mortgage payable Key Bank - Auburn building|1758631|0|28599|0|1730032|337730
5880|Note payable Key Bank - buildout|233825|0|233825|0|0|337730
5895|Internal Labor Union|1250|0|1250|0|0|337740
5896|PowerNet Credit Union|21656|0|4035|0|17621|337745
5897|Bank of America|1350000|15580000|15630000|0|1300000|337843
5898|Amerian Natl Bank (obtained in merger)|0|0|10560|0|2357|337858
5899|Loan Payable - General Fund|30771|0|0|0|30771|337880
5900|Capitalized Equipment Lease|11020|0|3351|0|7669|337880
5901|NONE|0|0|0|0|0|337883
5904|Chase Bank|1917730|0|290107|0|1627623|337889
5906|NONE|0|0|0|0|0|337925
5907|FORD MOTER CREDIT CORP|17393|0|3609|0|13784|337926
5908|SECURITY ONE CREDIT UNION|8086|0|3632|0|4454|337926
5909|COMERICA BANK|2604159|0|1250004|0|1354155|337933
5910|NONE|0|0|0|0|0|337979
5911|Chrysler Motor Credit|22156|0|1224|3792|17140|337988
5917|FORD CREDIT ($339.26)|19339|0|3733|0|15606|338090
5918|FORD CREDIT ($314.64)|17934|0|3461|0|14473|338090
5921|NOTES PAYABLE|0|46050|2166|0|43884|338195
5922|BUILDING LOAN|105050|0|105050|0|0|338195
5960|CWA MORTGAGE|162147|0|3805|0|158342|338355
5961|None|0|0|0|0|0|338356
5962|Bank of Albuquerque|101996|1035|219|0|102812|338384
5963|GMAC Auto|11478|0|5220|0|6258|338384
5964|GMAC Auto|11478|0|11478|0|0|338384
5965|Ford Motor Credit|0|9735|144|0|9591|338384
5966|Ford Motor Credit|0|12645|187|0|12458|338384
5974|NONE|0|0|0|0|0|338388
5976|PROMISSORY NOTE 5.79% DUE 12/9/2014|138355|0|13436|0|124919|338390
5977|PROMISSORY NOTES 7.25% DUE 10/14/2006|20000|0|20000|0|0|338390
6012|CWA NATIONAL|195634|0|4715|0|190919|338492
6014|CWA AFL-CIO, CLC NATIONAL UNION|0|1005887|7900|0|997987|338568
6016|Mount Washington Bank|0|100000|3982|0|96018|338619
6017|NONE|0|0|0|0|0|338623
6019|NONE|0|0|0|0|0|338636
6020|CWA International|4343|0|4343|0|0|338650
6021|LIFE CREDIT UNION|161117|100167|183355|0|77929|338728
6022|none|0|0|0|0|0|338778
6023|CWA National|181829|0|35383|0|146446|338782
6024|SOUTHSIDE BANK|3812|0|3812|0|0|338795
6025|SOUTHSIDE BANK|0|14471|3727|0|10744|338795
6026|SOUTHSIDE BANK|0|16988|823|0|16165|338795
6027|Macatawa Bank|175000|45000|7133|0|212867|338800
6030|CWA|38817|0|22690|0|16127|338837
6031|NONE|0|0|0|0|0|338840
6032|Note payable-CWA International|9317|0|1694|0|7623|338843
6033|COMMERCE BANK|181016|0|181016|0|0|338845
6034|COMM WORKERS OF AMERICA|1021332|0|15995|0|1005337|338853
6035|COLONIAL BANK|48717|0|4933|0|43784|338854
6036|W F Computer System Lease|10304|0|7906|0|2398|338855
6040|AT&T PHONE CAPITAL LEASE|0|18985|9743|0|9242|338869
6050|Wells Fargo Financial|10582|0|3449|0|7133|338882
6051|NATIONAL CWA|330020|0|0|28576|301444|338898
6052|Wachovia Line of Credit|0|30000|30000|0|0|338937
6053|Advanced Dues from National|400|192000|177200|0|15200|338966
6054|CWA INTERNATIONAL|48315|0|23080|0|25235|338967
6055|CWA INTERNATIONAL|0|194550|0|0|194550|338967
6056|M.GUILD HEALTH WELFARE|0|3375|3375|0|0|338967
6064|CWA National|58231|0|1451|0|56780|338990
6065|None|0|0|0|0|0|339038
6066|International CWA|222994|0|7620|0|215374|339048
6067|Chrysler Financial|21099|0|8988|0|12111|339069
6068|Carbone Chrysler|18371|0|18371|0|0|339069
6069|WELLS FARGO LINE OF CREDIT|0|65000|65000|0|0|339072
6070|FIRST TRUST BANK OF ILLINOIS|21071|0|7241|0|13830|339079
6071|CITIZENS BANK|2416664|0|125004|0|2291660|339083
6072|NAT'L BASKETBALL PLAYERS|476312|283214|126245|0|633281|339109
6073|CWA NATIONAL OFFICE|14600|0|0|0|14600|339145
6074|CWA AFLCIO|5486|0|5486|0|0|339163
6075|NONE|0|0|0|0|0|339205
6079|CWA International Union|58777|0|8151|0|50626|339223
6080|C.W.A. AFL-CIO NAT'L UNION|253576|0|25972|0|227604|339224
6081|BUILDING TRADES FCU|164460|172500|17491|0|319469|339224
6082|BUILDING TRADES FCU|20201|0|3028|0|17173|339224
6083|BUILDING TRADES FCU|20191|0|3028|0|17163|339224
6084|BUILDING TRADES FCU|21288|0|3177|0|18111|339224
6085|BUILDING TRADES FCU|21473|0|3204|0|18269|339224
6086|BUILDING TRADES FCU|21473|0|3204|0|18269|339224
6087|BUILDING TRADES FCU|21288|0|3169|0|18119|339224
6088|BUILDING TRADES FCU|18767|0|2690|0|16077|339224
6089|BUILDING TRADES FCU|22153|0|3168|0|18985|339224
6090|Legal (Int'l)|6000|0|4800|0|1200|339230
6091|Line of Credit|1993|0|1993|0|0|339230
6092|CWA National|390291|0|9408|0|380883|339246
6094|Colonial Bank|441627|0|34528|0|407099|339318
6095|Brotherhood Bank & Trust|0|53001|13933|0|39068|339362
6096|Boilermakers Local 175|159070|0|0|0|159070|339362
6099|CWA NATIONAL|4721|0|4721|0|0|339370
6101|Ford Credit Company|0|33595|0|0|33595|339561
6102|CWA - To Construct Union Hall|21550|0|4500|0|17050|339564
6103|CHRYSLER PAYABLE|19207|0|0|19207|0|339580
6104|NONE|0|0|0|0|0|339667
6107|NONE|0|0|0|0|0|340053
6108|Mortgage Loan - Great Western Bank|0|0|5409|0|0|340055
6109|USW. INTERNATIONAL|73804|0|0|73804|0|340081
6113|SO. & CENT ILLINOIS LABORERS DISTRICT COUNCIL|0|50552|50552|0|0|340109
6114|KEY BANK - CREDIT CARD|13158|11531|11600|0|13089|340114
6115|AMERICAN EXPRESS - DELTA|12856|11784|12800|0|11840|340114
6116|AMERICAN EXPRESS|12|1528|963|0|577|340114
6120|NYC DISTRICT COUNCIL|10000|0|0|0|10000|340117
6128|FIRST TRADE UNION BANK|0|100000|0|100000|0|340148
6129|Dell Financial Services|1250|0|1250|0|0|340149
6130|XEROX COPIER|4689|0|3704|0|985|340152
6131|GENERAL MOTORS ACCEPTANCE|24478|0|7850|0|16628|340209
6132|GENERAL MOTORS ACCEPTANCE|27297|0|9916|0|17381|340209
6133|GENERAL MOTORS ACCEPTANCE|31187|0|10368|0|20819|340209
6138|NONE|0|0|0|0|0|341185
6139|PNC BANK|0|200000|0|0|200000|341260
6140|GMAC|0|80261|15871|0|64390|341260
6144|Bank of Pensacola|26743|0|5854|0|20889|341349
6153|none|0|0|0|0|0|341368
6154|Old National Bank - Mortgage|88824|0|4036|0|84788|341370
6155|Ford Motor Credit - Vehicle|24789|0|5194|0|19595|341370
6156|Ford Motor Credit - Vehicle|37998|0|6608|0|31390|341370
6157|EQUIPMENT FINANCING|885|0|885|0|0|341389
6162|Doral Bank|28869|0|18367|0|10502|341402
6163|Toledo Postal Employee Cr. Union|0|235000|516|0|234484|341410
6164|IBT|29499|0|21833|0|7666|341420
6165|GMAC|26410|0|4173|0|22237|341514
6166|COLUMBIA STATE BANK|7127|0|7127|0|0|341553
6167|NONE|0|0|0|0|0|341672
6168|AUTOMOBOILES|11692|0|7949|0|3743|341726
6171|Xerox Capital Services, LLC|23060|0|5794|0|17266|341829
6172|Popular Auto Inc.|18347|0|18347|0|0|341829
6174|None|0|0|0|0|0|341968
6175|Labor organization IAM LLG 1245|60437|0|16648|0|46320|342007
6176|BANK OF EDWARDSVILLE|0|16500|2979|0|13521|342010
6177|none|0|0|0|0|0|342335
6178|NONE|0|0|0|0|0|342361
6179|NONE|0|0|0|0|0|342412
6181|UNION BUILDING CORPORATION|205695|0|41661|0|164034|342473
6182|WESTERN SECURITY  BANK|18353|0|5508|0|12845|342485
6183|DOLPHIN CAPITAL CORPORATION|7142|0|2181|0|4961|342485
6184|WESTERN SECURITY BANK|0|16533|0|0|16533|342485
6185|None|0|0|0|0|0|342536
6186|FORD MOTOR CREDIT CO.|20557|0|7256|0|13301|342585
6187|FORD MOTOR CREDIT CO.|9267|0|9267|0|0|342585
6188|FORD MOTOR CREDIT CO.|10716|0|10716|0|0|342585
6189|None|0|0|0|0|0|342613
6190|Ford Motor Credit Corp.|2755|0|2755|0|0|342681
6191|Ford Motor Credit Corp.|13258|0|7955|0|5303|342681
6192|Ford Motor Credit Corp.|14713|0|9582|0|5131|342681
6193|Ford Motor Credit Corp.|26016|0|5781|0|20235|342681
6194|FORD MOTOR CREDIT|9885|0|9885|0|0|342794
6195|DUE TO RWDSU|64000|0|8000|0|56000|342794
6196|PER CAPITA LOAN TO INT'L|128044|0|36000|0|92044|342794
6197|FIRST COMMERCIAL BANK|29789|70000|85|0|99704|342794
6198|GMAC|0|35454|1061|0|34393|342794
6199|DALLAS NATIONAL BANK|0|475000|4036|0|470964|342795
6200|NONE|0|0|0|0|0|342995
6201|INTERNATIONAL UNION- UAW|296998|0|0|296998|0|343058
6202|Bank of America|121670|0|3227|0|118443|343082
6203|GMAC AUTO LOANS|63771|29821|86594|6998|0|343115
6204|FORD CREDIT|1329|0|1329|0|0|343115
6205|GMAC|0|33191|2552|0|30639|343146
6206|BEACON FEDERAL CREDIT UNION|0|16100|3030|0|13070|343178
6216|InterTel Telephone Lease|23593|0|4699|0|18894|343291
6217|Ford Motor Company|13576|0|13576|0|0|343291
6218|Local Union & Officers & Employees Pension Plan|30217|0|30217|0|0|343291
6221|NONE|0|0|0|0|0|343303
6223|Automobile Note Payable|10469|0|10469|0|0|343307
6225|Greylock Federal Credit Union|116640|0|3954|0|112686|343314
6226|Citizens Bank|120000|0|40000|0|80000|343322
6227|Citizens Bank|96520|94000|3081|0|187439|343322
6228|JP Morgan Chase Bank|27197|0|3875|0|23322|343322
6229|GMAC|7427|0|7427|0|0|343322
6230|Chase Auto Financing|6591|0|6591|0|0|343322
6231|GMAC|7427|0|7427|0|0|343322
6232|GMAC|13027|0|5408|0|7619|343322
6233|Bank of America|14128|0|5162|0|8966|343322
6234|GMAC|0|15927|4467|0|11460|343322
6235|GMAC|0|32427|3783|0|28644|343322
6236|GMAC|0|37124|4331|0|32793|343322
6237|GMAC|0|18197|3375|0|14822|343322
6238|Huntington National Bank|30036|0|16965|0|13071|343347
6239|First National Bank of Dennison|2173|0|2173|0|0|343347
6240|J.P. Morgan Chase|571343|0|68248|0|503095|343451
6241|LOANS PAYABLE - NATIONAL CITY|402499|0|52256|0|350243|343504
6242|UAW International Union|66663|0|35000|31663|0|343528
6243|Commerce Bank|27310|0|5646|0|21664|343546
6244|DECA Credit Union|25503|0|25503|0|0|343578
6245|Compass Bank|0|75000|6674|0|68326|343580
6247|COMM WORKERS OF AMERICA|231552|0|4892|0|226660|343619
6249|N/A|0|0|0|0|0|343642
6250|NONE|0|0|0|0|0|343667
6251|SUNTRUST BANK|89784|0|89784|0|0|343716
6252|0|0|0|0|0|0|343724
6253|Auto Loans|68225|0|39765|0|28460|343810
6254|AUTO LOAN-CHASE|1268|0|1268|0|0|343830
8479|Boston Private Bank and Trust|2000000|0|0|0|2000000|367899
6256|M & T CREDIT|0|27795|927|0|26868|343830
6257|NONE|0|0|0|0|0|343838
6258|General Motors Credit Co|15360|0|15360|0|0|343867
6259|FORD MOTOR CREDIT|0|28290|4192|0|24098|343878
6260|FORD MOTOR CREDIT|0|13265|13265|0|0|343878
6261|GMAC CREDIT|0|26526|4625|0|21901|343878
6262|NONE|0|0|0|0|0|343932
6263|OPEIU Pension Fund|13400|0|8400|0|5000|343949
6264|GMAC|7514|0|7514|0|0|343974
6265|GMAC|0|34977|2332|0|32645|343974
6266|GMAC|25618|0|7391|0|18227|343974
6267|IBEW LU Building Corporation|24000|0|24000|0|0|343974
6268|GMAC|58558|0|11613|0|46945|343975
6269|GMAC|0|22449|3666|0|18783|343975
6270|COMERICA|1201189|0|37978|0|1163211|343975
6273|NONE|0|0|0|0|0|344065
6274|BUSINESS PARTNERS LLC|2787734|0|138358|0|2649376|344123
6275|Apprenticeship Trust|0|3294|0|0|3294|344129
6276|GMAC|24542|0|24542|0|0|344214
6277|GMAC|0|27738|1603|0|26135|344214
6278|OLD SECOND NATIONAL BANK|2014661|0|140641|0|1874020|344220
6279|US BANK - CAPITAL LEASE|0|15300|2240|0|13060|344227
6281|Fith Third Bank|37638|0|8999|0|28639|344276
6282|GMAC|4344|0|4344|0|0|344289
6283|NONE|0|0|0|0|0|344296
6284|NONE|0|0|0|0|0|344303
6285|GMAC Credit|28649|0|5281|0|23368|344319
6286|GENERAL MOTORS ACCEPTANCE CORPORATION|54985|0|16304|0|38681|344351
6287|FORD MOTOR CREDIT|21974|0|6053|0|15921|344351
6288|GMC|6492|33934|20200|0|20226|344366
6289|NONE|0|0|0|0|0|344399
6290|NONE|0|0|0|0|0|344401
6291|LOAN PAYABLE SEIU|75000|0|75000|0|0|344402
6292|None|0|0|0|0|0|344404
6293|AMALGAMATED BANK|0|0|5281|0|0|344407
6294|NONE|0|0|0|0|0|344456
6295|LANKFORD BUICK|13135|0|4779|0|8356|344586
6296|CHASE AUTO FINANCE|24816|0|5384|0|19432|344586
6297|CHASE AUTO FINANCE|24816|0|5382|0|19434|344586
6298|CITIZENS BANK|68101|0|68101|0|0|344598
6299|AUTOMOBILE FINANCING|124230|0|124230|0|0|344603
6300|TEAGUE MORTGAGE|1753|0|1753|0|0|344639
6301|NOTES PAYABLE - AUTOS|95684|52132|35027|0|112789|344683
6302|OPEIU (PARENT)|56667|0|20000|0|36667|344692
6303|BUILD. TRADES CREDIT UNION|23778|0|5794|0|17984|344692
6304|BUILD. TRADES CREDIT UNION|19674|0|19674|0|0|344692
6305|BUILD. TRADES CREDIT UNION|0|0|10098|0|0|344692
6306|(SEE EXPLANATION ON PG. 31)|0|0|0|0|0|344692
6308|Ford Motor Credit Company|28436|0|5564|0|22872|344698
6309|SOVEREIGN BANK|0|325000|106000|0|219000|344796
6312|NONE|0|0|0|0|0|344814
6313|UNION BUILDING CORP|84634|0|29761|0|54873|344820
6314|GMAC Auto Loans|41659|0|11468|30191|0|344971
6315|SUFFOLK COUNTY NAT'L BANK|12619|0|9153|0|3466|345007
6316|SUFFOLK COUNTY NAT'L BANK|13945|0|8360|0|5585|345007
6317|WestAmerica Bank|0|100000|100000|0|0|345022
6318|FORD MOTOR CREDIT|23365|0|5597|17768|0|345024
6319|IAMAW GRAND LODGE|9350|0|0|0|9350|345025
6321|UNION BUILDING CORP|51521|0|19757|0|31764|345120
6322|AT&T CAPITAL SERVICES, INC.|3675|0|3003|0|672|345169
6323|none|0|0|0|0|0|345234
6324|EMPLOYER BOND DEPOSITS|40999|0|0|40999|0|345308
6325|NONE|0|0|0|0|0|345409
6326|CHRYSLER FINANCIAL|11926|0|6661|0|5265|345471
6327|MTG FT WASHINGTON PA|234730|0|234730|0|0|345511
6328|MTG READING PA|29205|0|29205|0|0|345511
6329|CHASE AUTOMOTIVE FINANCE|10101|0|8361|0|1740|345514
6330|FORD CREDIT|4182|0|4182|0|0|345514
6331|GMAC AUTO LOAN|12933|0|12933|0|0|345560
6332|GMAC AUTO LOAN|12906|0|12906|0|0|345560
6333|FORD AUTO LOAN|0|25586|4314|0|21272|345560
6335|AMALGAMATED BANK OF NY|36917|54764|23431|0|68250|345582
6336|GMAC & CHRYSLER FINANCIAL|46662|0|25277|0|21385|345627
6337|TRUSTMARK NATIONAL BANK|8305|0|5150|0|3155|345629
6338|AUTO LOAN-CHRYSLER FIN'L|4685|0|4685|0|0|345694
6339|AUTO LOAN-CHRYSLER FIN'L|1929|0|1929|0|0|345694
6340|AUTO LOAN-CHRYSLER FIN'L|16832|0|4873|0|11959|345694
6341|AUTO LOAN-BUS. VEHICLE FIN|24583|0|5000|0|19583|345694
6342|AUTO LOAN-BUS. VEHICLE FIN|0|17265|574|0|16691|345694
6343|AUTO LOAN-BUS. VEHICLE FIN|0|17293|0|0|17293|345694
6346|PARKWAY FED CREDIT UNION|230111|0|5793|0|224318|345707
6347|LOAN FOR BUILDING|0|280000|0|0|280000|345714
6348|HUNTINGTON BANK|5959|0|4743|0|1216|345715
6349|UNION BUILDING CO.-LABOR ORG.|405962|0|102671|0|303291|345722
6350|CHASE  BANK|126839|0|126839|0|0|345723
6351|GMAC|25043|0|6117|0|18926|345734
6352|Chrysler Financial|29287|0|6631|0|22656|345734
6353|INTL BROTHRHOOD OF TEAMSTERS|206748|0|138446|68302|0|345758
6354|NONE|0|0|0|0|0|345793
6355|NONE|0|0|0|0|0|345834
6356|NOTE PAYABLE-FORD CREDIT|5331|0|5331|0|0|345843
6357|NOTES PAYABLE-FORD CREDIT|0|15403|1632|0|13771|345843
6358|JP MORGAN CHASE BANK NA|20160|0|8011|0|12149|345844
6359|EDWARD JONES|35171|0|35171|0|0|345844
6360|DCS TRUCK FINANCE|11690|0|5111|0|6579|345845
6361|DCS TRUCK FINANCE|14417|0|4278|0|10139|345845
6362|DCS TRUCK FINANCE|16389|0|3815|0|12574|345845
6363|DCS TRUCK FINANCE|27093|0|6257|0|20836|345845
6364|FORD MOTOR CREDIT|22853|0|5821|0|17032|345845
6365|DCS TRUCK FINANCE|0|32992|1650|0|31342|345845
6366|CITIZENS BANK|384455|0|17868|0|366587|345845
6367|IBEW Local 1381 - Intercompany|51808|0|0|0|51808|345847
6368|GENERAL MOTORS ACCEPTANCE|37675|0|5960|0|31715|345854
6369|NONE|0|0|0|0|0|345861
6370|NONE|0|0|0|0|0|345866
6371|PROMISSARY NOTE, DUE 5/2007|31996|0|31996|0|0|345873
6372|BANK OF AMERICA|21771|0|21771|0|0|345875
6373|NONE|0|0|0|0|0|345882
6374|Automobiles|134708|25227|41401|0|118534|345883
6375|Computers|7234|0|4681|0|2553|345883
6376|MORTGAGE 7252 ROSEVELT BLVD|295689|0|295689|0|0|345885
6377|District 7 Strike Fund|49996|0|0|0|49996|345891
6378|NOTES PAYABLE - AUTOS|37589|69312|21650|0|85251|345904
6379|NOTES PAYABLE - HARTFORD|1392|0|1392|0|0|345904
6380|NONE|0|0|0|0|0|345906
6385|GMAC|0|15192|0|0|15192|346010
6386|GMAC|0|18138|114|0|18024|346029
6387|SOVEREIGN BANK|5687|0|4851|0|836|346052
6388|SOVEREIGN BANK|7001|0|5973|0|1028|346052
6389|SOVEREIGN BANK|7853|0|6699|0|1154|346052
6390|SOVEREIGN BANK|11639|0|5216|0|6423|346052
6391|SOVEREIGN BANK|9870|0|4423|0|5447|346052
6392|CHRYSLER FINANCIAL|21765|0|4200|0|17565|346052
6393|MEMBERS 1ST FEDERAL CREDIT UNION|0|25185|4325|0|20860|346052
6394|MEMBERS 1ST FEDERAL CREDIT UNION|0|28000|4808|0|23192|346052
6395|MEMBERS 1ST FEDERAL CREDIT UNION|0|25314|3907|0|21407|346052
6396|AUTOMOBILE LOAN|12298|0|5145|0|7153|346058
6397|AUTOMOBILE LOAN|16624|0|3678|0|12946|346058
6398|AUTOMOBILE LOAN|30021|0|4132|0|25889|346058
6399|GMAC|12074|0|8149|0|3925|346121
6400|MINOLTA KONICA COPIER|9026|0|2236|0|6790|346147
6401|AUTO LOANS PAYABLE|168323|0|13893|154430|0|346163
6402|NONE|0|0|0|0|0|346185
6403|NEIGHBORHOOD CREDIT UNION|475984|0|22067|0|453917|346248
6404|NONE|0|0|0|0|0|346261
6405|USW International Union|342000|0|0|51000|291000|346268
6406|NONE|0|0|0|0|0|346293
6407|NONE|0|0|0|0|0|346303
6409|OHIO TEAMSTERS CREDIT UNION|93047|0|93047|0|0|346308
6410|OHIO TEAMSTERS CREDIT UNION|0|96700|1966|0|94734|346308
6414|KEY BANK|321970|0|25270|0|296700|346334
6415|UA LOCAL 73|987836|0|14422|0|973414|346334
6416|Mortgage on 81 East Little Canada Rd|578884|0|16166|562718|0|346369
6417|UNION BANK OF ELGIN|441090|0|173345|0|267745|346371
6418|Truck Loan|13069|0|0|0|0|346376
6419|Truck Loan|26594|0|0|0|0|346376
6420|Truck Loan|0|0|5906|0|37490|346376
6421|Truck Loan|0|0|5612|0|26749|346376
6422|Truck Loan|0|0|0|0|24728|346376
6443|BANK OF AMERICA|4316|0|4316|0|0|346381
6454|NONE|0|0|0|0|0|346384
6455|VEHICLE LOANS|33385|0|18380|0|15005|346386
6456|Mutual Securities, Inc.|4065|0|4065|0|0|346392
6459|DUPACO COMM CREDIT UNION|3312|0|3312|0|0|346398
6460|DUPACO COMM CREDIT UNION|0|12000|12000|0|0|346398
6461|EMPLOYEE (PAYROLL ERRORS)|3|0|0|0|3|346405
6462|Office & Professional Employees International Unio|66000|0|24000|0|42000|346406
6463|AUTOMOBILE LOAN|7512|0|7512|0|0|346410
6464|AUTOMOBILE LOAN|38558|0|38558|0|0|346410
6465|AUTOMOBILE LOAN|29182|0|4623|0|24559|346410
6466|AUTOMOBILE LOAN|0|36909|994|0|35915|346410
6467|AUTOMOBILE LOAN|0|38157|1028|0|37129|346410
6468|Building Mortgage|1026926|0|407501|0|619425|346416
6469|NONE|0|0|0|0|0|346447
6470|Ford Motor Credi t#1|0|23113|1926|0|21187|346448
6471|Ford Motor Credit #2|0|37299|3108|0|34191|346448
6472|Ford Motor Credit #3|0|28115|2343|0|25772|346448
6473|Ford Motor Credit #4|0|30019|1535|0|28484|346448
6474|GMAC|14185|0|14185|0|0|346448
6530|NA|0|0|0|0|0|346465
6531|NA|0|0|0|0|0|346465
6532|NA|0|0|0|0|0|346465
6533|NA|0|0|0|0|0|346465
6534|NA|0|0|0|0|0|346465
6535|NA|0|0|0|0|0|346465
6536|NA|0|0|0|0|0|346465
6537|NA|0|0|0|0|0|346465
6538|NA|0|0|0|0|0|346465
6539|NA|0|0|0|0|0|346465
6540|NA|0|0|0|0|0|346465
6551|None|0|0|0|0|0|346477
6552|NONE|0|0|0|0|0|346541
6553|N/P MORTGAGE|423471|0|9596|0|413875|346609
6554|N/P DELL|2840|0|1678|0|1162|346609
6555|OPCMIA INT'L. UNION|100000|0|0|0|100000|346610
6566|HUNTINGTON BANK|134083|0|17157|0|116926|346765
6567|M & T BANK|52500|0|15000|0|37500|346800
6568|Auto loans payable|111230|0|38677|0|72553|346812
6612|FORD MOTOR CREDIT|5880|0|5880|0|0|346889
6613|CHRYSLER FINANCIAL|4014|0|4014|0|0|346889
6614|GMAC|5733|0|5733|0|0|346889
6615|CHRYSLER FINANCIAL|8450|0|7800|0|650|346889
6616|FORD MOTOR CREDIT|12219|0|8626|0|3593|346889
6617|FORD MOTOR CREDIT|11401|0|8049|0|3352|346889
6618|CHRYSLER FINANCIAL|10631|0|10631|0|0|346889
6619|GMAC|26489|0|8841|0|17648|346889
6620|CHRYSLER FINANCIAL|0|32514|3896|0|28618|346889
6621|FORD MOTOR CREDIT|13488|0|7970|0|5518|346889
6622|FORD MOTOR CREDIT|11560|0|7668|0|3892|346889
6623|GMAC|23445|0|8650|0|14795|346889
6624|CHRYSLER FINANCIAL|24852|0|6981|0|17871|346889
6625|CHRYSLER FINANCIAL|0|30864|3972|0|26892|346889
6626|GMAC|0|23473|2639|0|20834|346889
6627|CHRYSLER FINANCIAL|0|32261|1788|0|30473|346889
6644|AUTO LOAN|5217|0|5217|0|0|346895
6645|AUTO LOAN|14433|0|14433|0|0|346895
8433|WACHOVIA-CREDIT LINE|25000|87000|112000|0|0|367478
6693|Auto loans|164541|0|78711|0|85830|346940
6697|NONE|0|0|0|0|0|346944
8478|Cuentas a pagar Fideicomiso|218223|0|60000|0|158223|367897
7050|NONE|0|0|0|0|0|348967
8480|Service Employees Int'l Union|1596456|0|1008400|0|588056|367899
8483|CITIZENS BANK|16176|0|4686|0|11490|367902
8484|FORD MOTOR CREDIT CO|15713|0|4776|0|10937|367902
8520|BANK ONE|4016|0|4016|0|0|368171
8521|GMAC|12146|0|12146|0|0|368171
6765|Fod Motor Credit Company|51756|0|24753|0|27003|347021
8522|CHASE BANK|0|25986|0|0|25986|368171
6791|Auto loans|150266|59490|103189|0|106567|347055
6792|FORD MOTOR CREDIT|21647|30987|6552|20260|25822|347067
6793|GMAC|25069|0|1392|23677|0|347067
6794|TD BANK NORTH, N.A|0|36024|4547|0|31477|347067
6804|NONE|0|0|0|0|0|347094
6805|NONE|0|0|0|0|0|347141
6806|AMALGAMATED BANK|1117527|2328059|37403|0|3408183|347151
6807|SBC CAPITAL SERVICES|5529|0|5529|0|0|347155
6808|Illinois National Bank|1178983|0|29015|0|1149968|347162
6809|GREAT AMERICAN LEASING CO|6942|0|1322|0|5620|347167
6810|GLENS FALLS NATIONAL BANK|180597|0|10098|0|170499|347223
6811|AUTOMOBILE FINANCING|9465|0|9465|0|0|347239
6812|EQUIPMENT FINANCING|28094|0|18060|0|10034|347239
6813|AUTOMOBILE FINANCING|26793|0|15249|0|11544|347239
6814|AUTOMOBILE FINANCING|21667|0|9626|0|12041|347239
6815|GMAC|11983|0|4711|0|7272|347257
6816|Inernational Union - UAW|33873|0|0|0|0|347471
6817|SIEU EMP INTL UNION LOAN|8750|0|8750|0|0|347475
6818|NONE|0|0|0|0|0|347480
6822|Roofer Building Association|0|3569|0|0|3569|347487
6823|BLE&T|8100|0|0|0|8100|347488
6824|Guardain Credit Union|0|4000|0|0|4000|347493
6826|National City Bank|2000000|0|1000000|0|1000000|347515
6827|NONE|0|0|0|0|0|347531
6828|NONE|0|0|0|0|0|347542
6829|IATSE International|9500|0|9500|0|0|347590
6830|Wells Fargo Leasing|19460|0|8575|0|10885|347616
6831|FORD MOTOR CREDIT|2700|0|2700|0|0|347625
6832|FORD MOTOR CREDIT|15076|0|3997|0|11079|347625
6833|CHAKES, INC|6676|0|6676|0|0|347625
6834|NONE|0|0|0|0|0|347639
6835|FORD MOTOR CREDIT|106334|0|106334|0|0|347644
6840|Note Payable Bank|41638|0|41638|0|0|347676
6841|NASI APPRENTICE FUND|0|6484|0|0|6484|347685
6842|IBT|110000|0|0|0|110000|347701
6843|FORD MOTOR COMPANY|45455|0|10813|0|61378|347701
6845|BERKSHIRE SAVINGS BANK|2552|0|2552|0|0|347752
6846|SPRINGFIELD MUNICIPAL CU|0|9951|3510|0|6441|347752
6849|NONE|0|0|0|0|0|347760
6850|Laborers' International Union of N.A.|100000|0|0|0|100000|347777
6851|NONE|0|0|0|0|0|347781
6856|NONE|0|0|0|0|0|347809
6857|OHIO TEAMSTER CREDIT UNION|425|0|425|0|0|347820
6858|ETTLESON CADILLAC-BUICK INC|19170|0|19170|0|0|347825
6859|ETTLESON CADILLAC-BUICK INC|17667|0|17667|0|0|347825
6860|FORD CREDIT|8592|0|8592|0|0|347833
6861|FORD CREDIT|11229|0|11229|0|0|347833
6862|Teamsters Local 20|411307|0|15307|0|396000|347838
6863|NONE|0|0|0|0|0|347840
6864|NONE|0|0|0|0|0|347845
6865|None|0|0|0|0|0|347847
6866|CHASE AUTO FINANCE|636|0|636|0|0|347850
6867|CMAC AUTO LOAN|0|14798|1966|0|12832|347850
6868|GMAC AUTO LOAN|0|9996|860|0|9136|347850
6869|NONE|0|0|0|0|0|347861
6870|Peoples National Bank|299730|0|24093|0|275637|347866
6871|UNITE HERE INT'L UNION|0|500000|20059|0|479941|347881
6876|AMALGAMATED BK OF CHICAGO|0|400000|400000|0|0|347887
6878|GMAC|19150|0|14362|0|4788|347889
6881|Noe|0|0|0|0|0|347901
6882|FORD CREDIT|5974|0|5974|0|0|347993
6883|FORD CREDIT|25844|0|6891|0|18953|347993
6884|RFG PROPERTIES|407553|0|25934|0|381619|347993
6885|FIRST AMERICAN BANK|39281|0|39281|0|0|348040
6886|UNTE HERE INTERNATIONAL|0|2000000|0|0|2000000|348043
6887|UNITE HERE INTERNATIONAL|0|750000|0|0|750000|348043
6888|CLOTHING WORKERS CENTER|913362|0|21562|0|891800|348043
6889|NONE|0|0|0|0|0|348107
6890|NONE|0|0|0|0|0|348112
6891|INTL BROTHERHOOD OF TEAMS|750000|0|0|750000|0|348116
6893|NONE|0|0|0|0|0|348150
6894|COMERICA BANK|3235475|0|117792|0|3117683|348153
6895|COMERICA BANK|1075500|0|54000|0|1021500|348153
6896|COMERICA BANK|1444989|0|515282|0|929707|348153
6897|LOCAL #532 BUILDING CORPORATION|24976|0|0|0|24976|348181
6898|LOCAL #532 JOURNEYMAN FUND|125195|0|125195|0|0|348181
6900|UNITE HERE INTL. LOAN|396800|0|97500|0|299300|348191
6901|BANK OF COLORADO|333393|0|46691|0|286702|348206
6903|GMAC|282856|241246|49028|267077|207997|348235
6905|Ford Motor Credit Corporation|3126|0|3126|0|0|348271
6906|Chrysler Financial|0|0|357|0|19757|348271
6907|JL Motors of New York, Inc.|19659|0|4565|0|15094|348288
6908|Universal Auto Group|2452|0|2452|0|0|348288
6909|MN PIPE TRADES ASSOC|66242|0|30000|0|36242|348299
6910|DETROIT EDISON CREDIT UNION|823854|0|17165|0|806689|348303
6911|COPIER LEASE|0|9119|1683|0|7436|348343
6912|Mortgage Payable|454984|0|8882|0|446102|348364
6914|Suntrust Bank|375000|75000|18783|0|431217|348373
6915|Arvest Bank|335743|0|33484|0|302259|348374
6916|IA Local 45|133364|0|2451|0|130913|348378
6917|None|0|0|0|0|0|348399
6918|Building Improvement Note|0|139068|0|0|139068|348406
6919|Auto Notes|266193|62984|128476|0|200701|348406
6920|GMAC|12024|0|9018|0|3006|348438
6921|DAIMLER CHRYSLER|24634|0|2612|0|22022|348438
6922|LOCAL 25 IB OF T|9460|0|7356|0|2104|348438
6923|NONE|0|0|0|0|0|348439
6924|SMITH BARNEY|185976|0|76286|0|109690|348440
6925|NO LOANS PAYABLE|0|0|0|0|0|348441
6926|Chrysler Financial|13845|0|0|13845|0|348442
6927|NONE|0|0|0|0|0|348447
6928|GMAC|27027|0|1537|0|25490|348448
6929|Chrysler Financial|12671|0|5244|0|7427|348452
6930|Ford Motor Co. Credit|8459|0|4147|0|4312|348452
6931|CHRYSLER FINANCIAL|7741|0|2263|0|5478|348453
6932|NONE|0|0|0|0|0|348468
6935|Ford Motor Corp.|18637|0|3856|0|14781|348487
6937|GMAC Notes|121723|149045|123961|0|146807|348505
6938|NE TEAMSTERS FCU|76731|0|16190|0|60541|348507
6939|Susquehanna Patriot Bank|60672|0|13143|0|47529|348511
6951|NONE|0|0|0|0|0|348519
6952|NONE|0|0|0|0|0|348519
6953|NONE|0|0|0|0|0|348519
6954|NONE|0|0|0|0|0|348519
6955|NONE|0|0|0|0|0|348519
6956|NONE|0|0|0|0|0|348519
6957|NONE|0|0|0|0|0|348519
6958|NONE|0|0|0|0|0|348519
6959|NONE|0|0|0|0|0|348519
6960|NONE|0|0|0|0|0|348519
6961|NONE|0|0|0|0|0|348519
6962|DE LAGE LANDEN|1779|0|575|1204|0|348520
6963|DE LAGE LANDEN|0|11600|1021|0|10579|348520
6964|DARRELL & ANNA FISHER|0|80000|4685|0|75315|348520
6965|BANK OF NEVADA|0|600000|6736|0|593264|348521
6966|PLUMBERS & FITTERS FCU|29316|0|29316|0|0|348527
6967|PLUMBERS & FITTERS FCU|0|43852|6077|0|37775|348527
6968|AUTO LOAN-NATIONAL CITY BK|15491|0|8596|0|6895|348580
6969|AUTO LOAN-NATIONAL CITY BK|0|17599|7735|0|9864|348580
6970|AUTO LOAN-NATIONAL CITY BK|0|16465|6600|0|9865|348580
6971|AUTO LOAN-NATIONAL CITY BK|0|28293|1096|0|27197|348580
6972|FORD MOTOR CREDIT|33038|0|33038|0|0|348591
6976|WACHOVIA BANK|585254|0|135280|0|449974|348609
6977|NONE|0|0|0|0|0|348634
6978|BB&T|333524|0|20932|0|312592|348644
6979|FORD MOTOR CREDIT|5183|0|3843|0|1340|348644
6980|INTERNATIONAL BROTHERHOOD OF TEAMSTERS|150000|0|0|0|150000|348645
6981|INTERNATIONAL BROTHERHOOD OF TEAMSTERS|93453|0|6626|0|86827|348645
6984|EAGLE BANK AND TRUST|2463198|0|64174|0|2399024|348658
6985|FORD MOTOR CREDIT|78812|0|13908|0|64904|348665
6986|Ford Motor Credit|34071|0|9283|0|24788|348671
6987|Ford Motor Credit|0|15798|1053|0|14745|348671
6988|Harris Bank|5595|0|5595|0|0|348674
6989|Ford Credit|14962|0|4220|0|10742|348674
6990|Ford Motor Credit|28080|0|7651|0|20429|348684
6991|NONE|0|0|0|0|0|348691
6992|GMAC|47317|0|47317|0|0|348706
6993|NONE|0|0|0|0|0|348708
6994|NOTE PAYABLE FINANCIAL INST|11336|0|6658|0|4678|348726
6995|NOTE PAYABLE FINANCIAL INST|17312|0|8618|0|8694|348726
6996|Prof Football Referees' charities|2730|0|2408|0|322|348739
6997|NONE|0|0|0|0|0|348749
6999|Inland Empire Trades Credit Union|1161|0|1161|0|0|348752
7000|Inland Empire Trades Credit Union|13873|0|3499|10374|0|348752
7001|Inland Empire Trades Credit Union|0|0|2600|0|19739|348752
7002|Inland Empire Trades Credit Union|0|0|0|0|26172|348752
7003|US Bank|1294277|0|47466|0|1246811|348753
7011|Boone County National Bank|24444|0|5457|0|18987|348785
7012|Pitney Bowes Credit Corp|43747|0|43747|0|0|348794
7013|GCM FEDERAL CREDIT UNION|0|17000|1930|0|15070|348795
7014|Vehicle Loan|5915|0|5070|0|845|348798
7015|Building Loan, United Labor Bank|516603|0|13895|0|502708|348806
7016|Commerce Bank|91480|0|91480|0|0|348818
7017|GMAC|37469|0|14610|0|22859|348818
7018|CITY NATIONAL MORTGAGE|221222|0|13820|0|207402|348829
7019|CITY NATIONAL LOAN|49574|2500|2526|0|49548|348829
7020|ROOFERS INTERNATIONAL LOAN|0|30000|0|0|30000|348829
7021|CAPITAL LEASE OBLIGATION|0|44337|3496|0|40841|348833
7022|UNITE HERE International Union|4297|0|4297|0|0|348848
7023|FORD MOTOR CREDIT|0|95744|5319|0|90425|348851
7024|NONE|0|0|0|0|0|348859
7025|GMAC|20601|0|9889|0|10712|348864
7026|GMAC|24400|0|8133|0|16267|348869
7027|GMAC|0|25374|7048|0|18326|348869
7028|Signature Bank|6069|0|4821|0|1248|348870
7029|Automobile|142770|0|15367|127403|0|348877
7030|NONE|0|0|0|0|0|348880
7031|BEACON FEDERAL CREDIT UNION|0|24500|3150|0|21350|348887
7032|BEACON FCU|4875|0|4875|0|0|348887
7033|CHARTER ONE|8464|0|8464|0|0|348887
7034|United Bank, Inc.|14277|101039|59298|0|56018|348891
7035|VILLAGE OF CASEYVILLE|0|100000|100000|0|0|348893
7037|KEY BANK MORTGAGE|775000|0|775000|0|0|348903
7038|Seafarers Int'l Union of N.A. -AGLIWD|24191|0|24191|0|0|348908
7039|MORTGAGE ON BUILDING|33884|0|33884|0|0|348909
7040|AUTO LOAN|5034|0|5034|0|0|348909
7041|NONE|0|0|0|0|0|348915
7042|Ford Credit Corp|145660|42319|28467|20803|138709|348926
7043|United Union of Roofers Trusteeship|145041|0|72000|0|73041|348926
7044|FORD MOTOR CREDIT CORP|103240|0|25662|0|77578|348930
7046|SEIU International Union|200000|200000|40000|0|360000|348949
7047|Ford Motor Company|21409|0|5138|0|16271|348962
7375|SUN TRUST BANK|2800000|0|1800000|0|1000000|350519
7051|KEY BANK|8|0|8|0|0|348970
7052|BEACON FEDERAL|0|17800|333|0|14597|348970
7053|NONE|0|0|0|0|0|348977
7054|Auto loans|36338|25653|34744|0|27247|348986
7055|FORD CREDIT|14131|0|11252|0|2879|348997
7056|FORD CREDIT|6830|0|3981|0|2849|348997
7057|GMAC|7510|0|4348|0|3162|348997
7058|NONE|0|0|0|0|0|349000
7059|DATAMAX|3729|0|2340|0|1389|349009
7061|SERVICE EMPLOYEES INTERNATIONAL  UNION|661323|0|0|0|661323|349014
7062|GMAC AUTO LOAN PAYABLE|11582|0|11003|0|579|349018
7063|AUTOMOBLE LOAN|0|29709|3301|0|26408|349024
7064|LOAN FROM DISTRICT COUNCIL|0|53000|12408|0|40592|349024
7065|P-9 Pension Plan and Trust|33884|0|0|0|33884|349032
7066|FORD MOTOR COMPANY|49730|23075|31637|0|41168|349033
7067|GMAC|55392|0|55392|0|0|349049
7068|Hometown Bank|219416|0|10887|0|208529|349059
7071|CITY NATIONAL BANK|2700000|0|1200000|0|1500000|349071
7072|POPULAR LEASING|20641|0|7441|0|13200|349084
7073|POPULAR AUTO|18476|0|8282|0|10194|349084
7076|SMW 19 VIRIVA CREDIT UNION|0|164840|72532|0|92308|349091
7078|Ford Motor Credit|86858|0|61487|0|25371|349102
7079|North Fork Bank|0|0|3760|0|12651|349102
7080|FLEET BANK|19037|0|7571|0|11466|349107
7081|GMAC|3988|0|3988|0|0|349113
7082|CHRYSLER FINANCIAL|15525|0|5140|0|10385|349113
7083|CHASE BANK|17574|0|3200|0|14374|349113
7084|MERRILL LYNCH|26212|65375|0|0|91587|349116
7085|MERRILL LYNCH|491000|0|0|0|491000|349116
7086|FIRST INDIANA BANK|193275|0|11871|0|181404|349115
7087|NONE|0|0|0|0|0|349133
7088|ACCO PRINCETON FCU|14684|0|5905|0|8779|349134
7096|Ford Credit|0|51341|5755|0|45586|349140
7097|GMAC|7594|0|7594|0|0|349157
7098|GMAC|7387|0|7387|0|0|349157
7099|GMAC|7387|0|7387|0|0|349157
7100|GMAC|7387|0|7387|0|0|349157
7101|GMAC|7387|0|7387|0|0|349157
7102|GMAC|7387|0|7387|0|0|349157
7103|GMAC|6522|0|6522|0|0|349157
7104|DC TRUCK FINANCIAL|0|49387|8231|0|41156|349163
7105|FORD CREDIT|4139|0|4139|0|0|349173
7106|1ST MIDWEST BANK LINE OF CREDIT|1025735|0|1025735|0|0|349175
7107|Ford Motor Credit Company|243168|34684|99716|0|178136|349196
7108|CAR LOAN|3031|0|3031|0|0|349204
7117|NONE|0|0|0|0|0|349270
7119|Ford Motor Credit|17189|0|9255|0|7934|349348
7120|Ford Motor Credit|13931|0|2568|0|11363|349348
7121|Ford Motor Credit|0|16045|2359|0|13686|349348
7122|Ford Motor Credit|0|13845|2245|0|11600|349348
7123|GMAC Finance|0|25522|1701|0|23821|349348
7124|NONE|0|0|0|0|0|349359
7125|NONE|0|0|0|0|0|349377
7126|UNITED LABOR BANK|431282|0|24789|0|406493|349409
7127|FORD MOTOR CREDIT|27102|0|8761|0|18341|349413
7128|FORD MOTOR CREDIT|0|30692|7673|0|23019|349413
7129|FORD MOTOR CREDIT|0|29302|7325|0|21977|349413
7130|UNION BUILDING CORP.|236503|0|210980|0|25523|349414
7131|US BANK|38929|0|21524|0|17405|349428
7132|Southwest National Bank|0|16443|4081|0|12362|349429
7133|WESTMARK CU - 07 FORD|0|16893|3204|0|13689|349434
7134|ID CENTRAL CU - 07 BUICK|0|19480|1393|0|18087|349434
7136|AVAYA FINANCIAL SERVICES|68136|0|68136|0|0|349444
7137|NONE|0|0|0|0|0|349450
7138|Quad City Bank & Trust|47764|0|8232|0|39532|349453
7139|Auto loans|160951|0|16662|0|144289|349459
7140|SEIU INTERNATIONAL|281077|75000|31230|75000|249847|349461
7141|SEIU INTERNATIONAL-CAPITAL|666500|0|90000|0|576500|349478
7142|DELL|19506|21109|11534|0|29081|349478
7143|AVAYA|0|25628|1282|0|24346|349478
7144|Wilmington Trust|16057|0|16057|0|0|349499
7145|Plumbers & Steamfitters Prot. Assc.|1000|0|0|0|1000|349513
7146|NONE|0|0|0|0|0|349523
7147|CHASE MANHATTAN|13339|0|7477|0|5862|349549
7148|TCW&H LOCAL 585 FCU|3005|0|1416|0|1589|349550
7149|GMAC|15135|0|4128|0|11007|349576
7150|Auto Loans|77410|0|15300|0|62110|349617
7151|GMAC AUTO NOTES|17273|38620|14824|0|41069|349622
7152|CAPITAL LEASE - COMPUTERS|2069|0|1460|0|609|349631
7153|QUEEN CITY FED'L SAVINGS|224609|0|7801|0|216808|349632
7156|COPIER VENDOR|7698|0|7698|0|0|349644
7161|Ford Credit|0|29079|3533|0|25546|349657
7168|Ford Credit|16886|0|6191|0|10695|349671
7169|HP Computers|30771|0|12933|0|17838|349671
7171|FORD MOTOR CORP.|19496|0|14530|0|4966|349678
7172|Ford Motor Credit|0|22568|4634|0|17934|349680
7173|Xerox|7347|0|5094|0|2253|349682
7174|NO LOANS PAYABLE|0|0|0|0|0|349681
7176|None|0|0|0|0|0|349694
7177|Ford Motor Credit|793|0|793|0|0|349698
7178|Ford Motor Credit|10454|0|8343|0|2111|349698
7181|DAIMLER CHRYSLER SERVICES|41411|0|41411|0|0|349711
7183|VARIOUS BANKS|8353545|136694|199737|0|8290502|349716
7184|FEDERAL CREDIT UNION|1817|0|1817|0|0|349716
7185|N/P-'05 CHEVY TRUCK|19332|0|5464|0|13868|349719
7186|N/P-'05 CHEVY TRUCK|20075|0|6177|0|13898|349719
7187|N/P-'07 CHEVY TAHOE|28385|0|4907|0|23478|349719
7188|N/P-'06 TRAILBLAZER|23491|0|4011|0|19480|349719
7189|N/P-'07 FORD TRUCK|0|30406|4561|0|25845|349719
7190|BANK OF EDWARDSVILLE|324472|0|39946|0|284526|349724
7191|None|0|0|0|0|0|349727
7193|Seafarers Int'l Union of N.A.-AGLIWD|607010|0|57010|0|550000|349732
7194|NONE|0|0|0|0|0|349731
7195|Credit Cards/Other (Net)|7174|4340|6170|1004|4340|349742
7196|Payroll Liabilities|0|792|0|0|792|349742
7197|GMAC|22297|0|7125|0|15172|349743
7198|NONE|0|0|0|0|0|349745
7199|ENTERPRISE BANK|1042505|0|17111|0|1025394|349751
7200|ENTERPRISE BANK AUTO|56023|0|56023|0|0|349751
7201|Int'l Brotherhood of Teamsters|65858|0|52148|0|13710|349754
7202|Smart Office Systems|3074|0|3074|0|0|349754
7203|Case Construction Company|31200|0|31200|0|0|349754
7204|AMALGAMATED BANK OF NY|0|100000|0|0|100000|349768
7206|Regions Bank - Truck Loan|14838|0|3336|0|11502|349771
7208|Hometown National Bank|17571|198490|3266|0|212795|349776
7209|COPPERMARK BANK|27579|0|8845|0|18734|349779
7211|Capital Lease Obligation|14228|0|366|0|13862|349783
7214|PROMISSORY NOTE, 6.5% DUE 7/1/08|336757|0|336757|0|0|349790
7215|PROMISSORY NOTE, 7.0% DUE 7/1/09|0|330513|4946|0|325567|349790
7216|GMAC|9728|0|9728|0|0|349801
7217|FORD MOTOR CREDIT|0|33402|9956|0|23446|349801
7218|Local Union Loans|905000|0|0|0|905000|349810
7219|DISCOVERY BANK - MORTGAGE|366157|0|12654|0|353503|349862
7220|KEARNY MESA FORD|0|8412|1074|0|7338|349862
7221|Auto loans|60592|115337|52463|0|123466|349864
7223|KONICA MINOLTA BUS. SOL.|0|21862|3986|0|17876|349868
8114|FORD CREDIT|0|25099|2091|0|23008|360726
8115|VEHICLE LOAN|0|18926|336|0|18590|360763
7226|AVAYA FINANCIAL SERVICES|0|7372|1523|0|5849|349880
7228|MTG N/P CENTURY BANK|731970|0|0|731970|0|349890
7231|FMCC|15804|0|4329|0|11475|349896
7232|FMCC|0|26707|980|0|25727|349896
7234|SMITH BARNEY LINE OF CREDIT|5367000|0|211000|0|5156000|349916
7235|BENEFICIAL SAVINGS BANK|15045|0|9280|0|5765|349918
7236|BENEFICIAL SAVINGS BANK|18004|0|8643|0|9361|349918
7237|BENEFICIAL SAVINGS BANK|18210|0|7113|0|11097|349918
7238|FORD MOTOR CREDIT|36156|0|8285|0|27871|349918
7239|BENEFICIAL SAVINGS BANK|0|46528|14198|0|32330|349918
7240|ORGANIZING ADVANCE IBT|25000|0|0|0|25000|349926
7241|Sun Trust Bank|2319|0|2319|0|0|349950
7243|CATERPILLAR FINANCIAL SERVICES|52951|0|52951|0|0|349958
7244|International Brotherhood of Teamsters|100000|0|0|0|100000|349980
7245|Country Club Bank Construction Loan (merger)|0|40322|40322|0|0|350008
7246|Country Club Bank Construction Loan|0|62340|62340|0|0|350008
7247|Columbia Bank & Trust Construction Loan|0|41611|0|0|41611|350008
7248|Columbia Bank & Trust Construction Loan|0|65309|0|0|65309|350008
7249|BANK OF AMERICA CC|4732|0|932|0|3800|350014
7250|FORD MOTOR CREDIT LN#4203|22617|0|4762|0|17855|350014
7251|FORD MOTOR CREDIT LN#2390|22331|0|4701|0|17630|350014
7252|GMAC LN#9133|0|21165|803|0|20362|350014
7253|STERLING FEDERAL BANK|189907|0|0|189907|0|350027
7254|AUTO LOANS|96071|0|32039|0|64032|350031
7257|SUNTRUST|4302743|0|633641|0|3669102|350080
7258|HOME SAVINGS & LOAN|15004|0|15004|0|0|350097
7260|MAIN SOURCE BANK|137282|0|17543|0|130226|350143
7268|ELEC WORKERS C.U.|20669|21301|41970|0|0|350188
7278|FORD MOTOR CORP.|62929|31835|27273|6038|61453|350208
7279|OLD SECOND NATIONAL BANK|4321195|0|442081|0|3879114|350210
7289|NONE|0|0|0|0|0|350223
8116|None|0|0|0|0|0|360805
7308|NONE|0|0|0|0|0|350265
7316|GMAC|0|22968|6380|0|16588|350292
7317|GMAC 2006 Chevy Silverado|19019|0|10414|0|8605|350292
7318|Fifth Third Bank|856|0|856|0|0|350295
7319|UNITE HERE - New York, NY|212203|0|18000|0|194203|350295
7320|Amalgamated Bank of Chicago|0|3700000|3500000|0|200000|350295
7321|SUNTRUST BANK|0|475000|53691|0|421309|350296
7325|NE TEAMSTERS FCU|7258|0|4799|0|2459|350300
7326|FORD CREDIT|7266|0|4467|0|2799|350300
7327|Chase Automobile Finance|8921|0|5026|0|3895|350310
7328|Chase Automobile Financie|7888|0|4444|0|3444|350310
7329|General Motors Acceptance Corp.|16705|0|6265|0|10440|350310
7338|Texan Ford|3447|0|3447|0|0|350341
7340|FORD CREDIT|14686|0|0|14686|0|350344
7341|FORD CREDIT|20637|0|4721|0|15916|350344
7342|GMAC|41287|0|9170|32117|0|350344
7349|NONE|0|0|0|0|0|350365
7350|NONE|0|0|0|0|0|350370
7353|BLDG TRADES FCU AUTO LOAN|86083|123818|17136|0|192765|350389
7354|BLDG TRADES BLDG EQUITY|150986|0|19168|0|131818|350389
7355|SERVICE EMPLOYEES INTERNATIONAL UNION|152500|0|0|0|152500|350396
7356|AMALGAMATED  BANK|6620|0|4880|0|1740|350396
7357|CENTRAL BANK|39465|0|9550|0|29915|350404
7358|CENTRAL BANK|18997|0|3558|0|15439|350404
7359|DELL FINANCING|771|0|771|0|0|350404
7360|AVANTA CREDIT CARD|13610|3000|2153|0|14457|350406
7362|Washington Mutual Bank|176342|0|9932|0|166410|350419
7363|F&M Bank & Trust|5445|0|5445|0|0|350421
7365|1ST SECURITY BANK OF WA|274681|0|55587|0|219094|350424
7368|NONE|0|0|0|0|0|350451
7369|Dell Financial|253|0|253|0|0|350458
7370|NONE|0|0|0|0|0|350459
7371|VEHICLE LOANS|34343|1825|5073|0|31095|350461
7372|FORD MOTOR CREDIT CORP|4535|0|2544|0|1991|350464
7373|OPEIU International|51000|0|18000|0|33000|350492
7374|CIY OF CLEVELAND OH|102049|0|5724|0|96325|350496
7714|First City Bank|7190|0|5694|0|1496|351613
7376|GMAC|11520|0|3619|0|7901|350522
7377|None|0|0|0|0|0|350524
7378|WACHOVIA BANK|20125|0|223|0|19902|350537
7379|AMERICAN NURSES ASSOCIATION|195879|0|20039|0|175840|350537
7380|UNITED BUSINESS MACHINES|1631|0|1631|0|0|350537
7381|TEAMSTERS CREDIT UNION|103962|0|19600|0|84362|350543
7382|TEAMSTERS CREDIT UNION|33786|0|6146|0|27640|350543
7383|FORD MOTOR CREDIT|41832|0|8964|0|32868|350543
7384|FORD MOTOR CREDIT|41440|0|8880|0|32560|350543
7385|CAP LEASE (COPIER)|2095|0|1083|1012|0|350545
7394|Vehicle Loan - US Bank|12694|0|12694|0|0|350550
7395|Line of Credit - US Bank|22585|0|22285|0|300|350550
7400|iowa Sate Bank|295918|180|7231|288867|0|350562
7401|International Union-UAW|21788|0|0|21788|0|350569
7402|SAN DIEGO CO CREDIT UNION|8950|15000|8343|0|15607|350573
7403|NONE|0|0|0|0|0|350574
7405|FIRST TENNESSEE BANK|87750|0|4776|0|82974|350591
7406|FIRST TENNESSEE BANK|0|50000|0|0|50000|350591
7407|LOCAL UNIONS|10000|0|0|10000|0|350591
7408|UFCW Strike Fund|0|40340|890|0|39450|350609
7409|Crawford County Trust & Savings Bank|0|131855|0|0|131855|350609
7410|FORD CREDIT|9727|0|9727|0|0|350615
7412|FORD AUTO LOAN|29257|0|4889|0|24368|350632
7413|WELLS FARGO BANK NA|438965|0|24063|0|414902|350649
7414|NOTE PAYABLE - CREDIT UNION|11692|0|3094|0|8598|350651
7415|NOTE PAYABLE - CREDIT UNION|11426|0|4230|0|7196|350651
7416|GMAC|25850|0|5301|0|20549|350657
7417|GMAC|17469|0|2825|0|14644|350657
7418|Capital Lease - Imagistics|5613|19166|2848|2765|19166|350658
7419|Note Payable - Credit Union|7203|0|6031|0|1712|350658
7420|SIGNATURE BANK|0|129000|3584|0|125416|350659
7421|Local 342 FCU|107189|0|74663|32526|0|350659
7422|Mortgage Payable|0|0|16254|0|0|350659
7424|Ford Motor Credit|7506|0|7506|0|0|350663
7425|U.F.C.W. International Union|55424|0|55424|0|0|350675
7426|National Office|168610|0|25700|0|142209|350676
7428|Preferred Health|20000|0|0|0|20000|350679
7429|Banco Popular-Auto Loan|10407|0|3690|0|6717|350679
7431|WELLS FARGO|349930|0|41015|0|308915|350684
7433|None|0|0|0|0|0|350692
7435|CHASE AUTO FINANCE|18246|0|6215|0|12031|350720
7436|NONE|0|0|0|0|0|350731
7437|NONE|0|0|0|0|0|350734
7438|MORTGAGE PAYABLE|607001|0|8984|0|598017|350744
7439|IBEW Local Union #295|4000|0|2400|0|1600|350745
7440|Bank of America|91319029|5000000|1740250|0|94578779|350748
7441|Xerox Corporation|2371|0|2460|0|0|350749
7442|NONE|0|0|0|0|0|350760
7443|Smith Barney Line of Credit|44122|0|44122|0|0|350766
7444|FIRST NATIONAL OF MWC|494138|0|95340|0|398798|350773
7445|NONE|0|0|0|0|0|350775
7448|SEIU International|35000|0|0|0|35000|350791
7449|Capitalized equipment lease|17038|0|17038|0|0|350801
7450|CREDIT CARD DEBT|14221|0|13014|0|1207|350804
7451|LINE OF CREDIT|18946|0|9986|0|8960|350804
7452|AVAYA FINANCIAL SERVICES|0|0|89889|0|348859|350821
7453|AFFILIATE OFFICER PENSION|0|0|19562|0|508703|350821
7454|SEIU 721 CTW, CLC COPE|0|0|6667|0|0|350821
7456|FBN DELL COMPUTERS|742|0|742|0|0|350823
7457|FIRST NATIONAL BANK - VEHICLE|2486|0|2486|0|0|350823
7458|FIRST NATIONAL BANK - VEHICLE|11314|0|4322|0|6992|350823
7459|FIRST NATIONAL BANK  - VEHICLE|11295|0|4313|0|6982|350823
7460|BANK OF BUTTE - COPIER|0|6556|159|0|6397|350823
7461|First National Bank of Santa Fe|365000|0|65000|0|300000|350826
7466|No Loans Payable This Period|0|0|0|0|0|350831
7467|AMERICAN FIRST CR UN|1108|0|1108|0|0|350832
7468|DAIMLER CHRYSLER|14188|0|7094|0|7094|350832
7469|DAIMLER CHRYSLER|14188|0|7094|0|7094|350832
7470|FORD|16339|0|4145|0|12194|350832
7471|FORD|20903|0|3570|0|17333|350832
7472|FORD|19321|0|4671|0|14650|350832
7473|FORD|21549|0|3680|0|17869|350832
7474|FORD|20422|0|3487|0|16935|350832
7475|FORD|19478|0|4828|0|14650|350832
7476|FORD|18128|0|4383|0|13745|350832
7477|CANON FINANCIAL SERVICES|4183|0|4183|0|0|350839
7478|Fifth Third Bank|964565|0|28501|0|936064|350841
7479|Graybar Financial Services, LLC|5527|0|5253|0|274|350846
7480|Chrysler Financial|18065|0|12751|0|5314|350846
7481|General Motors Acceptance Corp.|24181|0|19976|0|4205|350846
7482|Unite HERE International|0|0|9000|0|298763|350851
7483|OFFICE EQUIP FINANCE SERV|2948|0|1012|0|1936|350864
7484|Ford Motor Credit|5308|0|5308|0|0|350865
7485|Ameriserv Financial|12155|0|12155|0|0|350867
7486|Ford Credit|9185|0|9185|0|0|350867
7499|N/P Ford Motor Credit|25232|0|5221|0|20011|350881
7500|N/P Ford Motor Credit|0|39130|4992|0|34138|350881
7501|BANK OF AMERICA|39965|78035|43000|0|75000|350884
7502|BANK OF AMERICA|0|99231|0|0|99231|350884
7503|INSTALLMENT NOTE|0|41191|41191|0|0|350884
7504|GMAC|51584|0|4508|47076|0|350885
7506|N/A|0|0|0|0|0|350890
7507|SOUTH CENTRAL BANK|420000|0|0|0|420000|350894
7508|COURTESY CHEVROLET|18323|0|4580|0|13743|350898
7509|Ford Motor Credit|14118|0|14118|0|0|350900
7510|Ford Motor Credit|0|26979|1686|0|25293|350900
7511|Ford Motor Credit|9988|0|9988|0|0|350900
7512|Ford Motor Credit|0|18579|978|0|17601|350900
7513|Ford Motor Credit|7581|0|7581|0|0|350900
7514|Ford Motor Credit|0|16785|2082|0|14703|350900
7515|Ford Motor Credit|23243|0|9618|0|13625|350900
7516|GMAC Auto Loan|9931|0|4214|0|5717|350906
7517|Chase Auto Finance|8378|0|0|8378|0|350908
7518|Chrysler Credit|29713|0|6125|0|23588|350908
7519|Citizens Auto|0|27674|2752|0|24922|350908
7520|COMPASS BANK - VEHICLE|31727|0|15229|0|16498|350911
7521|NATIONAL BANK OF ARIZONA|14930|114350|0|0|129280|350911
7522|UFCW INTERNATIONAL UNION|0|199918|0|0|199918|350911
7523|Bank of Utica|211192|0|76010|0|135182|350917
7524|Bank of Utica|0|30000|0|0|30000|350917
7525|GMAC|22560|0|14749|0|7811|350917
7526|Chrysler Financial Corp.|19570|0|19570|0|0|350917
7527|Ford Motor Credit|192547|250240|165370|0|277417|350917
7538|Capitalized lease payable|15245|0|4369|0|10876|350940
7539|United Labor Bank equity line|400000|0|118|0|399882|350940
7542|Small Business Administration|21608|0|21608|0|0|350943
7553|NONE|0|0|0|0|0|350956
8197|none|0|0|0|0|0|362694
7562|G.M.A.C.|20450|0|3282|17168|0|350966
7563|Valley National Bank|24442|0|4547|0|19895|350966
7564|Chrysler Financial (1)|3753|0|3753|0|0|350966
7565|Chrysler Financial (2)|4005|0|4005|0|0|350966
7566|G.M.A.C.|0|0|2427|0|44124|350966
7567|G.M.A.C.|0|0|1150|0|20905|350966
7568|Lie of Credit-Comerica Bank|27730|10982|14118|0|24594|350977
7569|AMALGAMATED-SACRAMENTO|1186167|0|14736|0|1171431|350982
7570|AMALGAMATED-SAN JOSE|593677|0|7330|0|586347|350982
7571|Mortgage Payable - Local 2028|0|363249|363249|0|0|350989
7572|Other Liabilities - Local 2028|0|32083|32083|0|0|350989
7573|Op. Eng. #3 FCU Loan #142|18242|0|2548|0|15694|351002
7574|Op. Eng. #3 FCU Loan #143|17728|0|3301|0|14427|351002
7575|Op. Eng. #3 FCU Loan #144|17729|0|3302|0|14427|351002
7576|Op. Eng. #3 FCU Loan #145|23856|0|4777|0|19079|351002
7577|SBC Capital Lease Payable|645|0|645|0|0|351002
7578|Repayments made on mortgage|0|0|12972|0|0|351002
7579|SEIU|1292000|0|840000|0|452000|351005
7580|ALMAGAMATED BANK|0|225000|19685|0|205315|351005
7585|BLE-T Nation Division|10000|0|0|0|10000|351026
7592|PowerNet Credit Union-Auto Loan|0|13548|1970|0|11578|351115
7593|PowerNet Credit Union-Auto Loan|0|20679|2091|0|18588|351115
7594|First National Community Bank|14021|0|3621|0|10400|351158
7595|First National Community Bank|19759|0|5096|0|14663|351158
7596|Collateral Mortgage|1113078|0|103510|0|1009568|351161
7597|None|0|0|0|0|0|351172
7598|Chase/ JP Morgan|263626|0|80390|0|183236|351201
7599|GMAC|11285|0|6113|0|5172|351205
7600|MICHIGAN TEAMSTERS JOINT COUNCIL NO. 43|1050|0|1050|0|0|351206
7602|Ford Motor Credit Company|150284|0|101701|0|48583|351209
7605|NONE|0|0|0|0|0|351214
7610|CAPITAL LEASE PAYABLE|0|7972|1550|0|6422|351222
7614|Fifth Third Bank|45000|0|45000|0|0|351250
7615|Ford Motor Credit|4321|0|4321|0|0|351250
7616|XEROX COPIER LEASE|18320|0|8455|0|9865|351255
7617|AFSCME INTERNATIONAL|0|66000|0|0|66000|351255
7618|FORD MOTOR CREDIT|17209|0|17209|0|0|351264
7619|NATIONAL CITY BANK|4733|0|3520|0|1213|351298
7620|Wachovia Bank|819083|0|58741|0|760342|351300
7621|Ford Credit|11594|0|5606|0|5988|351300
7622|CHRYSLER FINANCIAL|6546|0|5231|0|1315|351325
7623|LINE OF CREDIT|36804|0|20169|0|16635|351328
7624|FIRST HAWAIIAN BANK|132453|0|7532|0|124921|351334
7625|Ford Motor Credit|1122|0|1122|0|0|351337
7626|Ford Motor Credit|8372|0|8372|0|0|351337
7627|Ford Motor Credit|7981|0|7981|0|0|351337
7628|Ford Motor Credit|8043|0|8043|0|0|351337
7629|Daimler Chrysler Financial|40885|0|40885|0|0|351337
7630|Ford Motor Credit|0|34993|6360|0|28633|351337
7631|Ford Motor Credit|0|25533|4641|0|20892|351337
7653|NONE|0|0|0|0|0|351350
7654|Building loan|138649|0|138649|0|0|351356
7655|BANK OF AMERICA|10212|0|10212|0|0|351358
7656|Ford Motor Credit|0|21904|7141|0|14763|351401
7657|FORD MOTOR CREDIT|6090|0|5468|0|622|351411
7659|MORGAN STANLEY|0|308|0|0|308|351419
7660|Ford Credit|4900|23036|9783|0|18153|351423
7661|Graybar Financial|3934|0|3934|0|0|351426
7663|UNION FIDELITY CREDIT|3663|0|3663|0|0|351456
7664|UNION FIDELITY CREDIT|5669|0|4881|0|788|351456
7665|IUPAT AFL-CIO|352066|12935|6000|0|359001|351456
7666|IBEW LOCAL 20 CREDIT UNION|0|12449|2086|0|10363|351456
7667|UNITE HERE Affiliates Assistance|0|1264084|0|0|1264084|351498
7668|BANK OF AMERICA|0|5600|1458|0|4142|351502
7669|NYS FED CREDIT UNION|0|14500|900|0|13600|351502
7670|NYSFOP|0|5700|5700|0|0|351502
7671|ALPA NATIONAL TO 165 MASS AVE|399752|296646|613353|1931|81114|351508
7672|ALPA NATIONAL TO IPSC|343790|327798|0|172724|498864|351508
7673|FREDERICK DODGE HONDA|693|0|693|0|0|351508
7674|Loans Payable|400|0|0|0|400|351509
7675|Genworth|2413056|0|74145|0|2338911|351509
7676|SSB Lien|1297197|100000|97676|0|1299521|351509
7677|MARLIN LEASING|17994|0|5804|0|12190|351517
7678|MAILROOM CONSULTANTS|0|11457|1855|0|9602|351517
7679|IKON FINANCIAL SERVICES|0|11019|199|0|10820|351517
7680|HUNTINGTON NATIONAL BANK|2566474|0|43271|0|2523203|351520
7682|BANCO POPULAR DE PR|1375811|0|37965|0|1337846|351532
7683|1st United Labor Fed Credit Union|0|88180|16336|0|71844|351540
7684|NONE|0|0|0|0|0|351542
7685|NONE|0|0|0|0|0|351549
7686|VEHICLE LOANS|31402|40399|44190|0|27611|351556
7687|SUB FUND LOAN|0|772971|0|0|772971|351556
7688|AUTO LOAN|3306|0|2506|0|800|351558
7689|DUE TO BACONEF PROPERTIES|170000|0|0|0|170000|351561
7690|GMAC|14639|0|8783|0|5856|351562
7691|GMAC|0|24763|826|0|23937|351562
7693|AZ FEDERAL CREDIT UNION|60851|0|60851|0|0|351574
7694|FIRST BANK|377430|0|38601|0|338829|351575
7702|TWU International|20000|0|0|0|20000|351590
7703|XEROX CORPORATION|15798|40931|16118|0|40611|351595
7704|Commerce Bank|87550|0|37500|0|50050|351597
7705|HERE I.U. LOAN|50911|0|2600|0|48311|351600
7713|Wells Fargo Bank|35433|0|7828|0|27605|351613
8010|GREAT AMERICA LEASING|1220|0|1220|0|0|358442
7715|First City Bank|6378|0|5051|0|1327|351613
7716|First City Bank|6378|0|5051|0|1327|351613
7717|First City Bank|9632|0|7627|0|2005|351613
7718|First City Bank|8121|0|5635|0|2486|351613
7719|First City Bank|0|26337|4236|0|22101|351613
7720|NONE|0|0|0|0|0|351614
7721|HERE IU Loan|108972|0|36000|0|72972|351619
7722|Cap. Leases, Phone System|42076|0|8026|0|34050|351619
7723|Cap Lease, Dell Server|5063|0|4030|0|1033|351619
7724|Cap. Lease, Security System|11728|0|2136|0|9592|351619
7725|Note Payable- Van|0|21414|2687|0|18727|351619
7726|Int'l Brotherhood of Teamsters|534045|0|258437|0|275608|351636
7727|F&M Bank|0|62228|2592|0|59636|351639
7728|2005 CHEVROLET MALIBU|15343|0|15343|0|0|351648
7729|LAND & BUILDING|428920|0|428920|0|0|351648
7730|2005 CHEVROLET MALIBU|15256|0|15256|0|0|351648
7733|GMAC - Auto Loan|106634|0|20126|86508|0|351673
7734|Amalgamated Loan - Roof|66920|0|57362|0|9558|351673
7735|Ford Motor Credit|0|344584|44953|0|299631|351673
7741|Saturn of Oakland - Autos|32957|80129|28318|3487|81281|351686
7742|GE Captial Copier Lease|1146|0|1146|0|0|351686
7743|Members|12842|0|8314|0|4528|351691
7744|Musicians Services|101850|0|0|101850|0|351691
7745|MAH Building Corp|51010|82380|18404|0|114986|351691
7748|US BANK|12534|0|12534|0|0|351724
7749|Ford Credit|0|16595|5787|0|10808|351724
7750|UFCW IU - PCT LOAN|1078710|0|40000|180000|858710|351728
7751|UFCW IU - OPERATING LOAN|168000|0|20000|90000|58000|351728
7752|FORD MOTOR CREDIT|105834|0|23091|0|82743|351729
7753|AFSCME LOCAL 88|30556|0|16667|0|13889|351733
7754|AFSCME LOCL 189|36667|0|20000|0|16667|351733
7755|AFSCME LOCAL 328|36667|0|20000|0|16667|351733
7756|AFSCME LOCAL 1724|12222|0|6667|0|5555|351733
7757|AFSCME LOCAL 3336|6667|0|3334|0|3333|351733
7758|LINE OF CREDIT|186226|2346262|2427473|0|105015|351733
7759|Ford Motor Credit|2003|0|2003|0|0|351743
7760|Ford Motor Credit|2003|0|2003|0|0|351743
7761|Ford Motor Credit|2003|0|2003|0|0|351743
7762|Ford Motor Credit|2232|0|2232|0|0|351743
7763|Ford Motor Credit|2004|0|2004|0|0|351743
7764|Ford Motor Credit|2232|0|2232|0|0|351743
7765|Ford Motor Credit|3269|0|3269|0|0|351743
7766|Ford Motor Credit|6606|0|4301|0|2305|351743
7767|Ford Motor Credit|15391|0|3875|0|11516|351743
7768|UFCW International|423000|0|36000|0|387000|351743
7769|Ford Motor Credit|0|12787|1850|0|10937|351743
7770|Ford Motor Credit|0|12787|12787|0|0|351743
7771|Ford Motor Credit|0|16514|1694|0|14820|351743
7772|Ford Motor Credit|0|12114|1243|0|10871|351743
7773|Ford Motor Credit|0|15187|2244|0|12943|351743
7774|FORD MOTOR CREDIT CORP|49735|0|20929|0|28806|351746
7775|CENTRAL PACIFIC BANK|941031|0|118341|0|822690|351748
7776|AMALGAMATED BANK NOTE|609126|0|221500|0|387626|351751
7777|TYLER LOCAL LOAN|9000|0|9000|0|0|351753
7778|BANK LOAN|7572|0|7572|0|0|351757
7779|Chase Automotive Finance|1185|0|0|1185|0|351758
7780|Ford Credit|0|21284|3264|0|18020|351758
7781|Ford Credit|16780|0|4401|0|12379|351758
7782|Bank Of America|17513|0|4368|0|13145|351758
7783|Ford Credit|19768|0|3792|0|15976|351758
7784|Chase Automotive Finance|0|20473|3190|0|17283|351758
7785|First Union Securities|510235|33669|0|0|543904|351760
7786|Teamsters Canada Rail Conference|683644|41958|0|0|725602|351760
7787|N/A|0|0|0|0|0|351762
7788|HERE International|549500|0|12000|0|537500|351768
7789|Merrill Lynch - Margin Loan|0|150000|27692|0|122308|351811
7790|Metropolitan Credit Union|16079|0|5536|0|10543|351811
7791|Farmington Savings Bank|0|120000|0|0|120000|351811
7792|BANK OF AMERICA|12564|0|3982|0|8582|351813
7793|PARENT BODY (USW)|43745|0|43745|0|0|351823
7794|CapitalOne|0|20000|907|0|19093|351824
7795|NONE|0|0|0|0|0|351826
7797|Chrysler Financial|1983|0|1983|0|0|351834
7798|Ford Motor Credit|0|34783|1739|0|33044|351834
7799|OPEIU International|477105|0|68158|0|408947|351835
7800|Sovereign Bank - Auto Loan|11985|0|5729|0|6256|351848
7801|First City Bank|158383|375692|227956|0|306119|351867
7802|Wachovia Bank|140836|0|14532|0|126304|351867
7805|SBA LOAN|0|90267|90267|0|0|351869
7807|NONE|0|0|0|0|0|351877
7808|None|0|0|0|0|0|351882
7809|no loans payable|0|0|0|0|0|351884
7810|Susquehanna Bank|0|25000|1726|0|23274|352121
7811|Ford Credit - 2004 Mercury|8400|0|4262|0|4138|352222
7812|Ford Credit - 2004 Ford|8312|0|3258|0|5054|352222
7813|Ford Credit - 2005 Mercury|11797|0|4196|0|7601|352222
7814|Chrysler Credit - 2005 Ford|16371|0|3716|0|12655|352222
7815|National City Bank|18795|0|3487|0|15308|352259
7816|NONE|0|0|0|0|0|352299
7817|NONE|0|0|0|0|0|352322
7819|NONE|0|0|0|0|0|352344
7820|AMALGAMATED BANK|25000000|0|1800000|0|23200000|352390
7821|AMALGAMATED BANK|8700000|0|4900000|0|3800000|352390
7822|WACHOVIA BANK NA|10000000|10000000|0|0|20000000|352431
7823|CORNERSTONE COMMUNITY BANK|63985|0|39237|0|24748|352432
7824|None|0|0|0|0|0|352436
7825|General Motors Acceptance Corp.|12165|0|5078|0|7087|352494
7826|FNB-OMAHA|71477|0|4537|0|66940|352548
7827|GMAC|2595|0|2595|0|0|352557
7828|Ford Motor Credit|56429|0|19296|0|37133|352557
7829|Daimler Chrysler|12558|0|2515|0|10043|352557
7830|NETFCU|17306|0|3118|0|14188|352557
7831|NETFCU|0|13767|957|0|12810|352557
7832|FORD CREDIT CO|9555|0|9555|0|0|352559
7833|FORD CREDIT CO|0|15640|4415|0|11225|352559
7834|NATIONAL POSTAL MAIL HANDLER|44654|14136|0|64410|126500|352560
7835|NONE|0|0|0|0|0|352564
7836|SunTrust|4755|0|4755|0|0|352811
7837|Unite Here International Union|310763|0|3000|0|0|352975
7838|NONE|0|0|0|0|0|352984
7839|M & T BANK -VIN#66540|21267|0|5615|0|15652|353048
7840|M & T BANK -VIN#45954|13477|0|13477|0|0|353048
7841|M & T BANK - LINE OF CREDIT|0|73360|55612|0|17748|353048
7844|Line of Credit|0|88733|0|88733|0|353072
7845|Line of Credit-Savannah Bank|150000|5293|30172|0|125121|353107
7846|Xerox|144769|0|31012|0|113757|353265
7849|NONE|0|0|0|0|0|353309
7850|COUNTY SAVINGS BANK|9716|0|4800|0|5849|353312
7851|Center One Financial Service|13573|0|5254|0|8319|353478
7854|FORD MOTOR CREDIT|10319|0|4953|0|5366|353764
7855|The Christian Trade Union|81337|0|81337|0|0|353798
7856|Local #410|60000|0|0|0|60000|353798
7857|Phillips Notes Payable|0|3350000|79381|0|3270619|353798
7858|Citizen's Bank|93361|0|8083|0|85278|354002
7859|Chrysler Financial|21815|0|9636|0|12179|354002
7860|Dell Computers|340|0|340|0|0|354002
7861|SUNTRUST CONSUMER LOAN|15495|0|15495|0|0|354006
7862|NONE|0|0|0|0|0|354084
7863|UNION BANK & TRUST|17000|0|17000|0|0|354085
7864|AVAYA FINANCIAL SERVICES|2577|0|2577|0|0|354085
7865|UNION BANK & TRUST|20826|0|11540|0|9286|354085
7866|NONE|0|0|0|0|0|354088
7867|Asso for the Rights of Citizen's|8907|0|0|0|8907|354090
7868|Citizen's Consulting Inc|14214|0|0|0|14214|354090
7869|None|0|0|0|0|0|354092
7870|N/A - None|0|0|0|0|0|354512
7871|Bank of America LOC|0|70800|0|0|70800|354587
7872|NONE|0|0|0|0|0|354650
7873|AUTOMOBILE FINANCING|16963|0|6168|0|10795|354716
7874|AUTOMOBILE FINANCING|16550|0|6018|0|10532|354716
7875|AUTOMOBILE FINANCING|16572|0|6026|0|10546|354716
7879|EASTERN MISSOURI LAB DC|0|60000|0|0|60000|354723
7880|FORD MOTOR COMPANY|21834|0|12555|0|9279|354724
7881|GMAC|0|36233|0|0|36233|354724
7882|Gulf Credit Union|7481|0|7481|0|0|354725
7887|AUTO LOAN-GMAC|0|32676|2414|0|30262|355192
7888|AUTO LOANS-FORD CREDIT|0|25684|1070|0|24614|355192
7889|Bank of Nevada|2108067|0|1189723|0|918344|355198
7890|Unted Labor Bank|1755000|0|1755000|0|0|355201
7891|United Labor Bank|250000|0|250000|0|0|355201
7892|United Labor Bank|0|1000000|0|0|1000000|355201
7893|LIUNA PER CAPITA TAX|2020|0|2020|0|0|355202
7894|Alter Moneta Corporation|621804|0|621804|0|0|355203
7895|FORD CREDIT CORP|17372|0|17372|0|0|355256
7896|FIRSTMERIT BANK|0|28476|4015|0|24461|355256
7897|OTHER FUNDS|14360|0|14360|0|0|355310
7898|BANK ERRORS|18212|0|14811|0|3401|355310
7899|OWED TO IMPREST|46949|4496|46949|0|4496|355310
7900|Chrysler Financial|6428|0|2865|0|3563|355327
7901|Bank of America|7058|0|5439|0|1619|355327
7902|GMAC Auto Loan|6715|0|6715|0|0|355387
7903|Wells Fargo - Vehicle Note|40118|0|10218|0|29900|355430
7906|GMAC|19782|27487|7584|0|39685|355434
7912|Amalgamated Bank|21660|0|14187|0|7473|355802
7913|Ford Motor Credit|10089|0|1681|8408|0|355802
7914|Ford Motor Credit|11094|0|11094|0|0|355802
7915|Ford Motor Credit|10013|0|10013|0|0|355802
7916|Ford Motor Credit|10373|0|4754|0|5619|355802
7917|Ford Motor Credit|7980|0|7980|0|0|355802
7918|Ford Motor Credit|7980|0|7980|0|0|355802
7919|Ford Motor Credit|13753|0|5135|0|8618|355802
7920|Ford Motor Credit|18580|0|4933|0|13647|355802
7921|Ford Motor Credit|11097|0|3441|0|7656|355802
7922|Chevrolet/Cadillac|61656|0|61656|0|0|355802
7923|Ford Motor Credit|0|36374|8094|0|28280|355802
7924|Chase Finance|0|80896|2510|0|78386|355802
7925|Diamler Chrysler Financial|0|23801|1281|0|22520|355802
7926|Diamler Chrysler Financial|0|25123|566|0|24557|355802
7927|Daimler Chrysler Financial|0|23663|1299|0|22364|355802
7928|Daimler Chrysler Financial|0|23901|1312|0|22589|355802
7929|Daimler Chrysler Financial|0|24843|560|0|24283|355802
7930|NONE|0|0|0|0|0|355917
7931|Vehicle loans|54448|0|18538|0|35910|355941
7932|Computer equipment lease|46016|0|28387|0|17629|355941
7939|Amalgamated Bank|0|0|1311232|0|4116942|356048
7940|Board Ford|0|0|116451|0|197386|356048
7956|Enterprise fleet services|129982|0|46632|0|83350|356439
7958|Bank of Carbondale Mortgage Loan|0|911535|0|0|911535|356441
7959|GMAC-9277|15489|0|5735|0|9754|356442
7960|GMAC-9724|15086|0|5585|0|9501|356442
7961|GMAC-9611|13744|0|5088|0|8656|356442
7962|GMAC-5008|19391|0|4356|0|15035|356442
7963|GMAC-9954|18094|0|4998|0|13096|356442
7964|GMAC-6067|19273|0|5324|0|13949|356442
7965|GMAC-3938|18279|0|18279|0|0|356442
7966|GMAC-5871|0|24953|2517|0|22436|356442
7967|GMAC|28879|0|5501|0|23378|356735
7968|Ford Credit|1924|0|1924|0|0|356735
7969|Ford Credit|1924|0|1924|0|0|356735
7970|Ford Credit|6801|0|5824|0|977|356735
7971|ILA Land Trust|1300000|0|1300000|0|0|356750
7973|GMAC CREDIT|42784|0|23503|0|19281|356870
7974|CHRYSLER CREDIT|78603|0|33209|0|45394|356870
7975|COMMERCE COMMERCIAL|26004|0|7092|0|18912|356870
7976|FORD MOTOR CREDIT|55160|0|28794|0|26366|356870
7977|GMAC FINANCIAL SERVICES|13885|0|9400|0|4485|357087
7978|GMAC|0|27983|14842|0|13141|357088
7979|GMAC|0|22357|3516|0|18841|357088
7987|Line of Credit|32768|0|145|0|32623|357099
7988|Kansas Nurses Foundation|10000|0|10000|0|0|357099
7989|N/A|0|0|0|0|0|357657
8001|GMAC|0|76391|25731|0|50660|357930
8002|FIRST FINANCIAL BANK|0|42831|14292|0|28539|357930
14113|not applicable|0|0|0|0|0|438349
8011|NONE|0|0|0|0|0|358451
8012|CWA INTERNATIONAL|89960|14500|104460|0|0|358728
8013|Longshore Federal Credit Union|0|66500|3250|0|64481|358758
8014|NONE|0|0|0|0|0|358762
8015|UNCW INTERNATIONAL|48440|0|12000|0|36440|358812
8016|CAPITAL LEASE - TELEPHONE|7473|0|1795|0|5678|358813
8017|DELL COMPUTER|3201|0|3201|0|0|358813
8020|Bank of America|88047|0|4899|0|83148|358842
8021|DWHCC|51000|0|0|0|51000|358985
8022|NEOPOST|60303|0|51022|0|9281|358985
8023|CITIBANK|31257|0|31257|0|0|358985
8024|CIT TECHNOLOGY|0|50568|25284|0|25284|358985
8025|AMALGAMATED BANK|292205|0|3639|0|288566|359036
8026|BTA FEDERAL CREDIT UNION|1427|0|1427|0|0|359268
8027|BTA FEDERAL CREDIT UNION|17469|0|4536|0|12933|359268
8028|BTA FEDERAL CREDIT UNION|6183|0|3933|0|2250|359268
8029|BTA FEDERAL CREDIT UNION|0|20000|3307|0|16693|359268
8030|BTA FEDERAL CREDIT UNION|0|25000|3227|0|21773|359268
8031|BTA FEDERAL CREDIT UNION|0|30000|3016|0|26984|359268
8032|GENERAL MTRS ACCEPT. CORP|19877|0|3353|0|16524|359268
8033|FORD CREDIT|5938|0|5938|0|0|359276
8034|FORD CREDIT|5545|0|5545|0|0|359276
8035|CREDIT CARDS|0|16617|0|0|16617|359337
8036|Wells Fargo Bank, N.A.|3717516|0|50628|0|3666888|359368
8037|SBC Capital Service - 1|46572|0|13862|0|32710|359368
8038|SBC Capital Services - 2|27610|0|8511|0|19099|359368
8204|(None)|0|0|0|0|0|362998
8076|SMALL BUSINESS ADMIN.|56555|0|3527|0|53028|359385
8080|FIRST COLLINSVILLE BANK|74339|0|38129|0|36210|359475
8082|N/A|0|0|0|0|0|359645
8083|Jefferson Bank & Trust|29280|0|29280|0|0|359857
8084|Jefferson Bank & Trust|10884|0|6000|0|4884|359857
8085|Jefferson Bank & Trust|53244|0|53244|0|0|359857
8086|Jefferson Bank & Trust|0|40743|2287|0|38456|359857
8087|Jefferson Bank & Trust|0|65129|12061|0|53068|359857
8089|HIBERNIA NATIONAL BANK|16491|0|7623|0|8868|360011
8090|HIBERNIA NATIONAL BANK|6070|0|1822|0|4248|360011
8091|Ford Motor Company|84537|0|33586|0|50951|360021
8092|NONE|0|0|0|0|0|360022
8093|UnionWare, Inc.|21667|0|13000|0|8667|360023
8094|CENTRAL BANK - LOC|1|55000|5000|0|50001|360032
8095|CENTRAL BANK - 1ST DEED|106131|0|12523|0|93608|360032
8096|Certificates payable|3350|0|0|0|3350|360042
8097|VACATION FUND|60107|42473|60107|0|42473|360362
8098|CHASE|42725|3125|2262|0|43588|360401
8099|GMAC|26189|0|10230|0|15959|360437
8119|CAPITAL LEASE - PHONE EQUIP|17732|0|3814|0|13918|360860
8120|NONE|0|0|0|0|0|360881
8123|FIRST MID IL BANK|0|166381|2939|0|163442|361037
8125|GUARD SECURITY BANK|8906|0|8906|0|0|361112
8126|FNB BANK|5969|0|5969|0|0|361112
8127|CHICE ONE FCU|0|13319|1188|0|12131|361112
8128|NONE|0|0|0|0|0|361232
8129|CHRYSLER FINANCIAL|4523|29310|9067|0|24766|361534
8111|A.G. Edwards & Sons, Inc.|33282|0|33282|0|0|360699
8112|Ford Credit Company|4427|0|4427|0|0|360707
8130|BANK OF SPRINGFIELD|1800000|0|1800000|0|0|361552
8131|IEA CASH FLOW TRUST|1450000|0|1450000|0|0|361552
8134|Mach Inst & Mtl Wkrs Fund|70000|0|0|0|70000|361555
8135|Yvonne Bourne & Frank Smith|142000|0|0|0|142000|361555
8136|SMITH BARNEY|50202|0|50202|0|0|361634
8137|NONE|0|0|0|0|0|361679
8138|ENTERPRISE BANK|13766|0|2088|11678|0|361680
8139|CHRYSLER FINANCIAL|16990|0|2334|14656|0|361680
8140|ENTERPRISE BANK|75783|37000|21052|0|91731|361680
8150|BANK OF AMERICA|15412|0|4463|0|10949|361722
8153|National PMH Union|237310|165000|168534|0|233776|362005
8154|Jean Carthon|6000|18111|24111|0|0|362005
8155|IBEW FED CREDIT UNION|43488|0|19864|0|23624|362018
8156|ILA LOAN|250000|0|38068|0|211932|362020
8157|N/A|0|0|0|0|0|362021
8158|Internation Association of Firefighters edf|244362|0|38962|0|205400|362126
8166|FORD MOTOR CREDIT|38854|0|38854|0|0|362361
8167|FORD MOTOR CREDIT|28859|0|8830|0|20029|362361
8168|FORD MOTOR CREDIT|27615|0|8449|0|19166|362361
8169|FORD MOTOR CREDIT|0|55504|6203|0|49301|362361
8173|GMAC|30558|0|1960|28598|0|362363
8174|GMAC|27192|0|2858|24334|0|362363
8176|CREDIT UNION - AUTOMOBILE|7925|0|3577|0|4348|362517
8177|GMAC - AUTOMOBILE|18425|0|4451|0|13974|362517
8178|GMAC - AUTOMOBILE|23011|0|3862|0|19149|362517
8179|GMAC - AUTOMOBILE|0|23569|0|0|23569|362517
8192|CWA NATIONAL|291838|0|0|34265|257573|362567
8193|CHRYSLER FINANCIAL|14333|0|2138|0|12195|362567
8194|Members of UWUALU 369|7725|0|2175|0|5550|362691
8195|Auto Loans GMAC|83986|0|19428|0|64558|362691
8196|Auto Loans GMAC|33202|0|6889|0|26313|362691
8198|Edward Jones Broker|300000|0|300000|0|0|362717
8199|FORD MOTOR CREDIT|10034|0|4665|0|5369|362842
8201|CWA INTERNATIONAL|133139|0|5441|0|127698|362932
8205|BANK OF THE WEST|32985|0|32985|0|0|363008
8206|Roofers Local 143 Vacation Fund|0|20000|0|0|20000|363011
8210|TRI STATE BANK|106846|0|1782|0|105064|363017
8211|AFSCME INTERNATIONAL|16143|0|6252|0|9891|363017
8214|NOTE PAYABLE-KEYBANK|25153|0|8397|0|16756|363072
8234|FIRST BANK & TRUST|4429276|0|76477|0|4352799|363288
8235|VEHICLE LOANS|37245|40328|42846|0|34727|363288
8237|LOCAL 92 CREDIT UNION|25955|35666|13079|0|48542|363293
8245|NONE|0|0|0|0|0|363427
8246|loan from UA|1676|0|1676|0|0|363461
8252|Ford Motor Credit Corp.|33804|0|14309|0|19495|363475
8253|TRI CITY|0|317634|64819|0|252815|363573
8259|Ford Motor Credit Corp.|9976|0|9976|0|0|363736
8262|Capital Lease - Color Copier|0|14969|630|0|14339|363813
8269|SOVEREIGN BANK|298034|0|298034|0|0|363969
8270|M & T BANK|123562|0|123562|0|0|363972
8271|Ironstone Bank|438054|0|23316|0|414738|363973
8272|CAPITAL LEASE OBLIGATION|4630|0|4630|0|0|364001
8273|DAIMLER CHRYSLER|28262|0|4740|0|23522|364001
8274|Loan payable to Local 107|0|240|0|0|240|364001
8275|Loan payable to Local 215|0|2000|0|0|2000|364001
8290|NONE|0|0|0|0|0|364032
8291|BANK OF AMERICA|74641|0|9057|0|65584|364049
8292|BANK OF AMERICA|21121|0|6073|0|15048|364049
8293|BANK OF AMERICA|105335|0|16898|0|88437|364049
8296|NWTW Community Credit Union|0|451250|337019|0|114231|364095
8297|LOAN INTERNATIONAL|48271|0|24000|0|24271|364097
8308|UNITED AMERICAN NURSES|15000|0|9000|0|6000|364252
8309|WELLS FARGO|3839|6082|1967|0|7954|364252
8310|Due to Apprenticeship Fund|309|0|309|0|0|364253
8311|Postal Credit Union|188896|0|188896|0|0|364254
8312|Postal Credit Union|184550|0|184550|0|0|364254
8313|Postal Credit Union|0|378500|0|0|378500|364254
8314|Int'l Alliance of Theatrical Stage Employees|19000|0|19000|0|0|364687
8332|WSFS BANK|5688|0|5905|0|0|366313
8353|EQUIPMENT LEASE-GMAC|4617569|0|1881858|0|2735711|366524
8354|REVOLVING CREDIT LOAN-AMALGAMATED BANK|10000000|27000000|34000000|0|3000000|366524
8355|260 PARK AVENUE REALTY CORP.|41236442|35000|22955|0|41240957|366524
8356|49 EAST 21 COMPANY, INC.|8435526|0|4999|0|8433027|366524
8357|UFT EDUCATIONAL FOUNDATION|0|1848931|0|0|1848931|366524
8358|NONE|0|0|0|0|0|366542
8885|CWA NATIONAL|331976|0|61138|0|270838|369991
8892|N/A|0|0|0|0|0|370400
8903|GMAC|158597|92288|46108|114545|90232|370539
8904|CHASE AUTOMOTIVE FINANCE|16058|20981|7043|11471|18525|370539
8905|CHRYSLER FINANCIAL|44718|0|13914|0|30804|370539
8906|NISSAN MOTOR ACCEPTANCE|29699|0|0|7094|22605|370539
8922|Parkway loan|148215|600000|148215|0|600000|371046
8923|Loan - Joseph Senese|0|149521|0|0|149521|371046
8924|NPWU ProTech|0|84500|80286|0|4214|371047
8925|National Production Workers Union|0|15000|0|0|15000|371047
8926|National Production Workers Union|0|500000|76800|0|423200|371048
8928|Due to Plan de Bienestar|138827|0|0|0|138827|371053
8929|Loan Payable|10777|0|0|0|10777|371053
8941|Snider Leasing Corp.|0|304832|46685|0|258147|371688
8942|Snider Leasing Corp.|48039|0|13803|0|34236|371688
8943|UFCW International|61608|0|19600|0|42008|371688
8944|Business Vehicle Finance|20270|0|3394|0|16876|371688
8945|Amazon Business Credit Card|22253|0|22253|0|0|371688
8981|Bank of America|200131|0|70846|0|129285|372407
8993|N/P - 2007 Ford (Monarch)|19842|0|4352|0|15490|372559
8994|N/P - Buicks (Monarch)|25106|0|5170|0|19936|372559
8995|AUTO LOANS|8047|0|5615|0|2432|372797
9015|Iron Workers LMCT|10000|76000|0|86000|0|373070
9016|Iron Workers District Council|112000|22000|0|134000|0|373070
9021|TELEPHONE SYSTEM|12620|0|3968|0|8652|373094
9022|COPIER - CANNON FINANCIAL SERVICES|5528|0|3921|0|1607|373094
9023|CANNON COPIERS|74701|0|37847|0|36854|373094
9024|COPIER - GE CAPITAL|140006|0|35990|0|104016|373094
9110|NFOPAPE|70696|138144|0|0|208840|374044
9112|FORD CREDIT AUTO LOAN|427|0|427|0|0|374060
9113|FORD CREDIT AUTO LOAN|11|0|11|0|0|374060
9114|CHASE AUTO LOAN|10080|0|4927|0|5153|374060
9115|FORD AUTO CREDIT|10447|0|5569|0|4878|374060
9116|FORD CREDIT AUTO LOAN|12825|0|7073|0|5752|374060
9117|FORD AUTO LOAN|16093|0|4391|0|11702|374060
9118|AUTO LOAN FORD|16243|0|4431|0|11812|374060
9119|FORD CREDIT AUTO LOAN|16338|0|4458|0|11880|374060
9120|FORD CREDIT AUTO LOAN|16908|0|4612|0|12296|374060
9121|FORD CREDIT AUTO LOAN|15295|0|3915|0|11380|374060
9122|DUE TO FED PUBLIC NET|935877|0|288273|0|647604|374060
9123|Smith Barney Citigroup|1021138|76157|200000|0|897295|374065
9124|GMAC Fiinancial|14219|0|14219|0|0|374065
9125|Ford Credit Corp|16200|0|3932|0|12268|374065
9136|FORD MOTOR CREDIT|23357|0|8779|0|14578|374113
9166|GMAC|15263|0|4047|0|11216|374700
9167|Ford Motor Credit|23392|0|5103|0|18289|374700
9168|US Bancorp|5748|0|2156|0|3592|374700
9172|Barksdale Federal Credit Union|5104|0|4366|0|738|374853
9220|SEIU Advance Payable|26500|0|0|0|26500|376803
9221|United Labor Bank|1203704|0|18919|0|1184785|376808
9315|TOYOTA LEASING|0|0|0|0|26395|378558
9325|PTDC 36 JOINT LABOR MANAGEMENT COMMITTEE|0|525000|0|0|525000|378616
9375|AMERICAN EXPRESS CC|0|7897|0|0|7897|379286
9374|DUE TO POLITICAL ACCOUNT|0|5000|0|0|5000|379286
9448|INTERNATION LOAN|300000|343641|0|0|643641|379962
9449|INTERNATIONAL PER CAPITA|303007|270152|0|0|573159|379962
9645|AUTO LOANS|43000|0|43000|0|0|380851
9692|Seafarers In'l Union of N.A. AGLIWD|15997819|0|0|14497819|1500000|381368
10732|NONE|0|0|0|0|0|390622
10752|FORD MOTOR CREDIT - AUTO|25351|0|5633|0|19718|391839
10753|none|0|0|0|0|0|391865
10818|NJ State Fraternal Order of Police|165000|82000|0|0|247000|393485
10831|USW International Union|0|20000|0|0|20000|393654
10875|NUHHCE|172482|154280|0|0|326762|395688
10927|THE SAVANNAH BANK|390707|0|14747|0|375960|399762
10942|SEIU INTERNATIONAL|196715|0|0|196715|0|400341
10943|SEIU INTERNATIONAL|31335|0|0|31335|0|400341
10944|BANK OF AMERICA|4329|0|4329|0|0|400341
10945|BANK OF AMERICA|22947|0|2370|0|20577|400341
11032|Asset Transfers to Local 221|0|0|0|356997|0|401547
11082|Donald & Emma Trent|90548|0|41356|0|49192|402353
11295|IUPAT District Council 21|0|20000|14000|0|6000|403373
11828|UMPQUA BANK|68572|0|4617|0|63955|410896
11829|LOCAL UNION 447|9000|0|0|0|9000|410896
11984|FORD MOTOR CREDIT CORP.|32593|0|5899|0|26694|413684
13610|FORD MOTOR CREDIT|35267|0|21016|0|14251|432162
13660|Installment notes payable|19008|0|6781|0|12227|433801
13677|Auto Fiance|0|21677|8430|0|13247|433942
14057|Virginia Santos|3500|0|3500|0|0|436999
14343|NE ENG FED'L CREDIT UNION|12666|0|819|11847|0|443135
15685|Bank of Tennessee|0|6500|1610|0|4890|461274
18088|CHEVY CHASE BANK|10000|0|242|0|9758|496569
18089|PLATINUM PLUS FOR BUISNESS|0|32680|6374|0|26306|496569
21138|Council 79 - Building Corp|111031||8335||102696|533501
21139|Council 79 - Building Corp |0|9372|832||8540|533501
22799|Amalgamated Bank|4368500|0|1746500|0|2622000|556545
22800|Building Loans|121817|0|0|0|121817|556545
