OID|SOURCE|LOANS_OWED_START|LOANS_OBTAINED|CASH_REPAYMENT|NON_CASH_REPAYMENT|LOANS_OWED_END|RPT_ID
18419|FIRST BANK OF DELAWARE|5207952||105022||5102930|504616
19229|0|0|0|0|0|0|515965
19283|0|0|0|0|0|0|516541
16487|PNC BANK -LINE OF CREDIT|47989||47989||0|476326
18065|First National Bank|223676|0|4755|0|218921|495215
18113|FORD CREDIT|27354|0|1725|25629|0|497877
18132|Ford Credit|0|46034|6949||39085|498885
18133|SCHEDULE N/A|0|0|0|0|0|498887
18137|DC33 LEGAL SERV PLAN|122544|0|0|0|122544|499144
18142|NONE|0|0|0|0|0|499189
18144|NONE|0|0|0|0|0|499267
18145|CITIZENS - 2007 CHEVY IMPALA |2537|0|2537|0|0|499274
18146|FORD CREDIT - 2010 ESCAPE|20569|0|20569|0|0|499274
18147|GMAC - 2011 CHEVY IMPALA|18857|0|3585|0|15272|499274
18148|GMAC - 2010 CHRYSLER TOWN & COUNTRY|15208|0|4300|0|10908|499274
18149|FORD MOTOR CORP.|95230|145767|43842|55748|141407|499333
18150|ELECTRICAL FEDERAL CREDIT UNION|37523|0|37523||0|499353
18151|NONE|0|0|0|0|0|499365
18153|US Bank|4046|12127|5253|0|10920|499449
18160|None|0|0|0|0|0|501117
18161|POWERNET BANK - AUTO|9128|0|7828|0|1300|501169
18162|POWERNET BANK - AUTO|22866|0|4692|0|18174|501169
18164|None|0|0|0|0|0|501202
18165|LABOR MGMT COOP TRUST|7391||7391||0|501253
18167|NONE|0|0|0|0|0|501312
18168|FORD MOTOR CREDIT|11461|0|11461|0|0|501316
18169|FORD MOTOR CREDIT|7726|0|7726|0|0|501316
18170|FORD MOTOR CREDIT|0|12648|0|0|12648|501316
18173|General Motors/ Ford Credit|32312|0|32312|0|0|501366
18174|Apple Financial Lease|2724|0|2724|0|0|501430
18175|Note Payable - Colcord|214735|0|24547||190188|501430
18177|AUTO AND EQUIPMENT LOANS|90031|0|90031|0|0|501522
18178|Mortgage Loan|761991|740000|783106||718885|501623
18179|N/A|0|0|0|0|0|501691
18193|NONE|0|0|0|0|0|502037
18194|N/A|0|0|0|0|0|502192
18195|NONE|0|0|0|0|0|502195
18196|NONE|0|0|0|0|0|502248
18197|NONE|0|0|0|0|0|502260
18206|Pacific NW IW Federal Credit Union|22027|26500|48527||0|502344
18207|MORTGAGE PAYABLE|227713|0|12081|0|215632|502520
18208|NONE|0|0|0|0|0|502550
18209|WEST COAST BANK|322727||67976||254751|502602
18210|WEST COAST BANK||100000|||100000|502602
18211|BANK OF O'FALLON|0|9725|9725|0|0|502610
18212|BANK OF O'FALLON|110492|0|5516|0|104976|502610
18213|BANK OF O''FALLON|8415|0|8415|0|0|502610
18214|NONE|0|0|0|0|0|502611
18215|Leaf Funding, Inc.|2840||1358||1482|502615
18216|Sun East FCU||136639|||136639|502615
18217|NONE|0|0|0|0|0|502620
18218|IBEW LU 278 FCU M|7331||7331||0|502627
18219|IBEW LU 278 FCU N|11266||4476||6790|502627
18220|IBEW LU 278 FCU O|6377||6377||0|502627
18221|IBEW LU 278 FCU P|4380||4380||0|502627
18222|IBEW LU 278 FCU Q||12043|5124||6919|502627
18223|IBEW LU 278 FCU U||5129|884||4245|502627
18224|NONE|0|0|0|0|0|502666
18225|STATE FARM BANK|18899|0|18899|0|0|502672
18226|Loan for purchase of new truck|24931|0|24931|0|0|502676
18227|NO. CA. CARPENTERS REGIONAL COUNCIL|2592500|0|104088|0|2488412|502706
18228|NONE|0|0|0|0|0|502716
18229|n/a|0|0|0|0|0|502744
18230|Mortgage|83554|0|8131|0|75423|502881
18231|Advance insurance company|9560|0|0|9560|0|502881
18233|SUNTRUST BANK|43061644||2643305||40418339|502889
18234|Yale Mortgage|196046||4617||191429|502903
18235|FORD CREDIT|335979|32025|175533|0|192471|502910
18237|First bank and trust|21548|100692|60449|0|61791|502990
18238|Midwest Carpenters & Millwrights FCU|72167|0|7444|0|64723|503010
18239|NONE|0|0|0|0|0|503045
18241|Busey Bank Mortgage|0|1230384|5981||1224403|503049
18242|Chase Bank Mortgage|1247671||1247671||0|503049
18243|Bancorp South|68714|0|5517||63197|503111
18244|Bancorp South|18510||2921||15589|503111
18245|JP MORGAN CHASE BANK|197007|883077|0|0|1080084|503172
18246|AT&T CAPITAL|0|8938|894|0|8044|503172
18247|NONE|0|0|0|0|0|503243
18248|NONE|0|0|0|0|0|503305
18249|PowerNet Credit Union|150000||150000||0|503314
18250|NONE|0|0|0|0|0|503315
18251|None|||||0|503350
18252|SOUTHERN AND CENTRAL ILLINOIS LABORERS DISTRICT CO|0|15585|15585|0|0|503427
18253|NONE|0|0|0|0|0|503436
18254|CHASE AUTO FINANCE|13987|0|2456|0|11531|503457
18255|NONE|0|0|0|0|0|503497
18256|NONE|0|0|0|0|0|503500
18257|ALTON ROUTE CREDIT UNION|5853|0|5387|0|466|503509
18258|ALTON ROUTE CREDIT UNION|2063|0|2063|0|0|503509
18259|GMAC 2011 ACADIA AUTO LOAN|0|31956|4430||27526|503517
18260|XEROX CORPORATION|5716||2492||3224|503544
18261|Atlanta Postal Credit Union|0|600000|17558|0|582442|503582
18264|BANCO POPULAR DE PR|1076054||34191||1041863|503608
18265|COOP A&C BO QUEBRADA|57656||2762||54894|503608
18266|NONE|0|0|0|0|0|503616
18271|Chase Bank (LOC)|675000|520000|695000|0|500000|503652
18272|Chase Bank (Auto)|216667|0|100000|0|116667|503652
18273|U.S. Bank (Auto)|48424|0|14645|0|33779|503652
18274|Ally Financial (Auto)|524838|0|133377|55839|335622|503652
18277|None|0|0|0|0|0|503664
18291|OUACHITA INDEPENDENT BANK|0|50000|317||49683|503731
18295|Lori Hatfield|548|4048|3512||1084|503740
18296|PACIFIC NW IRONWORKERS FCU|9514|32726|23916|0|18324|503741
18297|US BANCORP EQ FINANCE|20472||4573||15899|503756
18298|NJ State Fraternal Order of Police|190000|84043|6836|0|267207|503760
18299|Investors Bank|0|15207|0|0|15207|503760
18300|Sovereign Bank|12197|0|3725|0|8472|503764
18301|THE BANK OF MARION||96100|7138||88962|503765
18302|XEROX LEASE|4914||1902||3012|503765
18303|MORTGAGE PAYABLE|810000||22787||787213|503765
18304|COOP. CASA DEL TRABAJADOR|8336|0|6161|0|2175|503805
18305|COOP. A/C CASA DEL TRABAJADOR|2102|0|2102|0|0|503805
18306|DE LAGE LANDEN FINANCIAL|19185|0|4721|0|14464|503805
18307|VEGA COOP - MORTGAGE|604910|0|2429|0|602481|503805
18309|N/A|0|0|0|0|0|503853
18310|N/A|0|0|0|0|0|503855
18311|JPMORGAN CHASE BANK|144318|0|43495||100823|503900
18312|NONE|0|0|0|0|0|503917
18313|Mortgage Loan Payable|80035|0|8251||71784|503934
18314|Automobile Loan Payable|14159|34750|15224||33685|503934
18315|N/A|0|0|0|0|0|503936
18316|None - Not Applicable|0|0|0|0|0|503940
18317|GMAC|23929|0|5982|0|17947|503989
18318|GMAC|16772|0|3355|0|13417|503989
18319|none|0|0|0|0|0|503992
18320|BROTHERHOOD BANK & TRUST AUTO LOAN|0|4781|4781|0|3050|503994
18321|BROTHERHOOD BANK & TRUST L/T|750398|0|0|0|750398|503994
18322|BROTHERHOOD BANK & TRUST CONSTRUCTION LOAN|150000|0|0|0|150000|503994
18323|N/A|0|0|0|0|0|503996
18324|MEMBER|8000|0|6000|0|2000|504000
18325|DCIW STATE OF CALIFORNIA|3763|0|3763|0|0|504018
18328|NONE|0|0|0|0|0|504049
18329|NONE|0|0|0|0|0|504074
18330|NONE|0|0|0|0|0|504076
18331|NONE|0|0|0|0|0|504077
18332|Lessor-Wells Fargo|195206|0|178402|0|16804|504080
18333|Lessor-Xerox|69045|0|19428|0|49617|504080
18334|Lessor-Xerox|51077|0|18438|0|32639|504080
18335|Lessor-Xerox|108369|0|37866|0|70503|504080
18336|Lessor-Pitney Bowes|0|17439|0|0|17439|504080
18337|N/A|0|0|0|0|0|504093
18338|None|0|0|0|0|0|504094
18339|BANK OF AMERICA|1935|0|1935|0|0|504097
18340|IBEW FCU|3382|23448|6076|0|20754|504097
18341|None|0|0|0|0|0|504098
18342|Ford Credit|11854|0|9484|0|2370|504103
18343|Ally Auto Loans|40485|0|5862|0|34623|504103
18344|NONE|0|0|0|0|0|504106
18345|Due D'Agostino|100||||100|504129
18346|NONE|0|0|0|0|0|504140
18347|TEXAS GULF BANK|94319||11141||83178|504149
18348|ALLY BANK|11146||11146||0|504153
18349|Capital Lease|8621|0|2227|0|6394|504164
18351|NONE|0|0|0|0|0|504175
18352|NONE|0|0|0|0|0|504181
18353|NONE|0|0|0|0|0|504188
18354|BROTHERHOOD BANK AND TRUST|960952||42327||918625|504190
18355|NONE|0|0|0|0|0|504193
18356|Bank of America|440484|0|24393||416091|504194
18357|NONE|0|0|0|0|0|504210
18358|FIRST MIDWEST BANK|0|58057|0|0|58057|504215
18359|N/A|0|0|0|0|0|504216
18360|CWA Loan I|358056|0|96673|0|261383|504221
18361|CWA Loan II|740438|0|60781|0|679657|504221
18362|NONE|0|0|0|0|0|504234
18363|Line of Credit - M&T Bank|0|4999|4999|0|0|504236
18364|GMAC|38214|0|9025|0|29189|504239
18365|HORIZON BANK|0|800000|19902|0|780098|504244
18366|CHRYSLER FINANCIAL|22997|0|6083|0|16914|504257
18367|FIRST COLLINSVILLE BANK|41178|242925|61750|0|222353|504265
18368|  ||||||504265
18369|Community Bank|83823||9745||74078|504281
18370|GMAC FINANCE|4363|0|4363||0|504289
18371|Brotherhood Bank|436537|0|44580|0|391957|504294
18372|KITSAP BANK|39464|0|1609|0|37855|504312
18373|NONE|0|0|0|0|0|504330
18374|AUTO INSTALLMENT LOAN|14765|0|5825|0|8940|504333
18375|Vystar Cedit Union|0|0|0|0|0|504339
18376|Ford Credit|0|28756|1070||27686|504346
18378|M&M Bank (Auto Loan)|4334|0|4334|0|0|504353
18379|NONE|0|0|0|0|0|504370
18380|NONE|0|0|0|0|0|504391
18381|UNITED LEASING ASSOCIATES|3378|0|3378|0|0|504398
18383|LINCOLN AUTOMOTIVE FINANCIAL SERVICES|41689|0|8323|0|33366|504426
18384|Transferred from Local Union 66|11881|0|11881||0|504429
18385|Ally|49929||11301||38628|504430
18386|NONE|0|0|0|0|0|504439
18387|NONE|0|0|0|0|0|504445
19295|0|0|0|0|0|0|516609
18388|ATLANTA POSTAL CREDIT UNION|130410|0|130410||0|504461
18389|S&T Bank Line of Credit|3829||3829||0|504463
18390|GMAC Financing|13208||13208||0|504463
18391|First National Bank|25258||11566||13692|504463
18392|Ford|0|18105|1318||16787|504463
18393|Ally|0|19839|1793||18046|504463
18396|The Savannah Bank|304716||8389||296327|504469
18394|ALLY FINANCIAL #1|8006|0|8006|0|0|504468
18395|ALLY FINANCIAL #2|0|35187|613|0|34574|504468
18399|BUILDING & LAND LOAN|416529|0|11166|0|405363|504495
18400|Ally Bank|26107||725|25382|0|504502
18401|Ally Bank|0|45598|7600||37998|504502
18402|Chase Card Services|1940||1940||0|504502
18403|Bank Loan|0|29674|1720||27954|504510
18404|FIRST UNITED BANK & TRUST|11897|0|7012||4885|504514
18405|Ford Motor Credit|19613|0|4653||14960|504520
18407|NONE|0|0|0|0|0|504531
18408|United Leasing|11740|0|4980|0|6760|504534
18409|GMAC- AUTOMOBILE LOAN |2116|0|2116|0|0|504539
18410|FORD CREDIT|16690|0|3670||13020|504541
18411|N/A|0|0|0|0|0|504543
18414|CREDIT CARD BALANCES|9662|0|4098|0|5564|504586
18415|UNCLAIMED VACATION FUND CHECKS|8401|0|90|0|8311|504586
18416|NONE|0|0|0|0|0|504610
18418|WILMINGTON TRUST COMPANY|587488|0|0||587488|504616
18897|none|0|0|0|0|0|508226
18420|FIRST BANK OF DELAWARE|750056||13594||736462|504616
18421|FIRST BANK OF DELAWARE|145747||119855||25892|504616
18422|FIRST BANK OF DELAWARE|352294||217180||135114|504616
18423|CHASE BANK|15336||4400||10936|504616
18424|ALLY BANK|0|184616|60794|0|123822|504635
18425|TD AUTO FINANCE|24871|0|10936|3002|10933|504637
18426|CHASE AUTO FINANCE|21153|0|5752|0|15401|504637
18427|FORD MOTOR CREDIT|2931|0|2931||0|504640
18428|Ironworkers Local #340|222765|21230|25000|0|218995|504674
18429|Comerica Bank|20886|0|20886|0|0|504674
18430|Ally|0|17500|778||16722|504676
18431|Ford Motor Credit|0|25041|2843||22198|504676
18432|Ford Motor Credit|0|34402|2863||31539|504676
18433|Ford Motor Credit|0|31555|4208||27347|504676
18434|Ford Motor Credit|0|26677|2668||24009|504676
18435|Ford Motor Credit|0|28441|2844||25597|504676
18436|Ford Motor Credit|0|12606|3679||8927|504676
18437|Ford Motor Credit|0|28960|28960||0|504676
18438|Ally Bank Auto Loan 47004|30161|0|5000|0|25161|504677
18439|Ally Bank Auto Loan 46989|29097|0|4839|0|24258|504677
18440|AMALGAMATED BANK OF CHICAGO|5900000||1200000||4700000|504680
18441|EAGLE BANK|4885000||1620000||3265000|504680
18442|NONE|0|0|0|0|0|504681
18443|ALLY BANK - AUTO LOAN|0|24057|2871|0|21186|504684
18444|None|0|0|0|0|0|504688
18445|None|0|0|0|0|0|504693
18451|Ford Credit|19353|0|4192||15161|504703
18452|ALLY FINANCIAL|14569||14569||0|504710
18453|ALLY FINANCIAL |25114||25114||0|504710
18454|N/A|0|0|0|0|0|504726
18456|Not Applicable|0|0|0|0|0|504734
18457|NONE|0|0|0|0|0|504737
18458|Bank of America Mortgage|1444608|0|57053||1387555|504739
18459|Bank of America Auto Loan|40359|0|21912||18447|504739
18460|Ally (GMAC Credit)||19356|3909||15447|504744
18461|NONE|0|0|0|0|0|504745
18462|Weitz|0|114565|0|0|114565|504754
18463|Community Business Lenders|0|259262|10457|0|248805|504754
18464|MORTGAGE NOTE PAYABLE|446840|0|30721|0|416119|504756
18466|None|0|0|0|0|0|504766
18467|Alliance Bank|7487|0|3186|0|4301|504768
18468|NONE|0|0|0|0|0|504785
18469|CHARLES BERKEL|1500000|0|1500000|0|0|504786
18470|LOCAL LODGE 83|4961458|0|509153|0|4452305|504786
18471|UNITED BANK OF SCOTLAND/JP MORGAN|10316127|2652332|825640|0|12142819|504786
18472|BROTHERHOOD BANK AND TRUST|0|3700000|3700000|0|0|504786
18473|NONE|0|0|0|0|0|504789
18474|CHASE BANK-TRUCK NOTE|5276|0|665|4611|0|504791
18475|ALLY FINANCIAL-TRUCK NOTE|0|23729|3056|0|20673|504791
18476|NONE|0|0|0|0|0|504802
18479|None|0|0|0|0|0|504813
18481|NONE|0|0|0|0|0|504815
18483|N/A|0|0|0|0|0|504820
18484|Ally Bank|19414|0|0|7452|11962|504823
18485|GMAC|0|30263|4846|0|25417|504834
18486|N/A|0|0|0|0|0|504844
18493|MORTGAGE PAYABLE|1350000|0|0|0|1350000|504873
18494|UBCJA|250000|0|250000|0|0|504887
18495|Chase Auto Finance|23995|0|23995|0|0|504887
18496|NONE|0|0|0|0|0|504896
18497|First NBC Bank|0|240000|2826||237174|504898
18498|Bryn Mawr Trust Bank|78969|0|14455|0|64514|504899
18515|JP Morgan Chase|0|500000|||500000|504916
18565|GMAC CREDT CORPORATION|200920|140148|99218||241850|504967
18566|MARSHALL ELEVATOR|2740||2740||0|504967
18567|GOOSEBUMPS|5975||5975||0|504967
18568|INT'L BROTHERHOOD OF BOILERMAKERS|550000|414276|||964276|504967
18569|BROTHERHOOD BANK & TRUST|1273830||||1273830|504967
18570|THREE RIVERS CHRYSLER JEEP DODGE LLC|25317||4505||20812|504967
18571|MARLIN BUSINESS BANK|0|251882|106111||145771|504967
18572|M&T Bank|5907||5907||0|504968
18573|Ally Bank (GMAC)|11314||9789||1525|504968
18574|Ally Bank (GMAC)|8672||8083||589|504968
18575|First Mid-Illinois Bank|5708||3769||1939|504972
18576| ||||||504972
18577|Ford Credit|0|25659|25659||0|504973
18578|HUNTINGTON NATIONAL BANK-VEHICLE LOAN |0|37021|3823|0|33198|504974
18579|Ford Motor Credit|0|24467|0|0|24467|504977
18580|Ford Motor Credit|0|27429|0|0|27429|504977
18581|Brotherhood Bank|231846|0|217836|0|14010|504978
18582|NONE|0|0|0|0|0|504983
18583|N/A|0|0|0|0|0|504986
18589|N/A|0|0|0|0|0|504997
18590|NONE|0|0|0|0|0|504999
18591|NOTE PAYABLE TO NCCRC|1882689|0|43861|0|1838828|505002
18592|Ally|20209|0|3675|0|16534|505007
18593|Ally|0|22089|3671|0|18418|505007
18594|Regions|740487|0|740487|0|0|505007
18595|Regions|0|942096|22819|0|919277|505007
18596|F&M|381518|65000|193690|0|252828|505007
18597|Regions|94793|0|94793|0|0|505007
18598|Regions|188675|0|17701|0|170974|505007
18599|Regions|92994|0|29063|0|63931|505007
18600|F&M|0|112000|0|0|112000|505007
18601|GMAC Financing Corp |14885|36930|5643|16646|29526|505010
18604|BANK OF AMERICA|32643244|0|6501119|0|26142125|505018
18605|None|0|0|0|0|0|505021
18606|J.A. ROCCO|0|675|0|0|675|505024
18607|2007 FORD FOCUS - FORD MOTOR CREDIT|2530||2530||0|505026
18608|ATF - AFFILIATE|13404||13404||0|505026
18609|2008 FORD FOCUS - FORD MOTOR CREDIT|5864||2803||3061|505026
18610|2009 FORD FOCUS - FORD MOTOR CREDIT|7841||2952||4889|505026
18611|Enterprise- Capital Lease Obligations on Vehicles|653808|556988|255919|0|954877|505034
18612|BOA Investment Fund III, LLC|10612500|0|0|0|10612500|505034
18613|BOA Investment Fund III, LLC|4387500|0|0|0|4387500|505034
18614|NO LOANS|0|0|0|0|0|505036
18615|NONE|0|0|0|0|0|505044
18616|UBCJA|0|2590000|0|0|2590000|505047
18623|Iron Workers Apprenticeship|0|5000|5000|0|0|505065
18624|Depaula Chevrolet Hummer, Inc.|43689|0|9250||34439|505067
18625|Depaula Chevrolet Hummer, Inc|35869|0|9816||26053|505067
18626|Depaula Chevrolet Hummer, Inc|36373|0|9773||26600|505067
18627|GMAC|9978||3628||6350|505073
18649|NONE|0|0|0|0|0|505111
18655|Ford Credit|145086|133417|87961|19577|170965|505120
18658|NO CALIFORNIA CARPENTERS REGIONAL COUNCIL|125495|0|56406|0|69089|505123
18660|COMMERCE BANK|747386|0|200000|0|547386|505126
18661|COMMERCE BANK|0|1500000|3911|0|1496089|505126
18679|Powernet Credit Union|231006|0|8449|0|222557|505168
18681|NONE|0|0|0|0|0|505172
18686|Rhinebeck Savings Bank|10151||3329||6822|505188
18687|Saratoga National Bank|15034||4327||10707|505188
18688|Capital Lease Obligation|3355|0|779|0|2576|505193
18702|Powernet Credit Union|4713|0|4713|0|0|505216
18705|AUTOMOBILE LOAN|22801||4560||18241|505222
18710|SunTrust|29194||9253||19941|505236
18712|NONE|0|0|0|0|0|505243
18714|n.a|0|0|0|0|0|505245
18726|UNITED LABOR BANK- BUILDING UNDER CONSTRUCTION|0|2367166|282||2366884|505271
18733|automobile loan|20285|13354|20822||12817|505282
18742|UNITED LABOR CREDIT LINE|81246|0|81246|0|0|505301
18752|AUTOMOBILE LOAN`|16209|0|4705|0|11504|505319
18781|GMAC|26284||5133||21151|505366
18782|NONE|0|0|0|0|0|505367
18784|none|0|0|0|0|0|505372
18788|N/A|0|0|0|0|0|505389
18789|ALLAY|30145||7069||23076|505390
18790|ALLAY|13982||5483||8499|505390
18791|ALLAY- PONTIAC|19159||4468||14691|505390
18792|SILVERADO NOTE|33591||4983||28608|505390
18795|CREDIT CARDS|9137|10336|9137||10336|505493
18796|Gateway Metro Credit Union|23000|0|7667|0|15333|505579
18797|UNION YES FED CR UNION|209963||209963||0|505582
18802|NONE|0|0|0|0|0|505838
18803|APCU|25000|0|25000||0|505963
18804|Mt. Washington Bank||250000|25019||224981|506024
18805|PROMERICA BANK|1083513||1083513||0|506108
18806|SCPT DISTRICT COUNCIL 16|0|800000|21215||778785|506108
18807|Brotherhood Bank & Trust|600000|0|6273|0|593727|506113
18808|GMAC Financial|23478||10911|12567|0|506200
18809|LAR|0|1550000|1550000|0|0|506246
18810|Frost National Bank|0|1550000|29005|0|1520995|506246
18811|United Brotherhood of Carpenters and Joiners of Am|0|1200000|0|0|1200000|506246
18834|Amalgated Bank of Chicago|0|160000|13708||146292|506403
18842|PNC BANK LOAN|691849|0|39127|0|652722|506572
18843|FORD MOTOR CREDIT|25629|0|25629|0|0|506612
18844|East Side Neighborhood Dev.|7855|0||1571|6284|506613
18845|GMAC|34929|0|11643|0|23286|506642
18846|GMAC AUTO LOAN 2008|5064||5064||0|506682
18847|GMAC AUTO LOAN 2010|9033||5060||3973|506682
18848|GMAC AUTO LOAN 2011|15000||4460||10540|506682
18849|GMAC AUTO LOAN 2011|15000||4460||10540|506682
18850|FORD MOTOR CREDIT|0|9939|9939||0|506684
18851|BANK OF AMERICA CREDIT CARDS-NET ACTIVITY|25196||21456||3740|506691
18852|NEGATIVE BAL RECEIVABLE|1||||1|506691
18853|BANK ERROR-REVERSED IN 2012|456||456||0|506691
18855|ALLY - Car Loan|24088||5262||18826|506708
18860|LOAN PAYABLE-NATIONAL UNION|300000|||300000|0|506744
18861|Auto|110487|0|28007||82480|506917
18862|Wachovia- Line of Credit|0|236263|||236263|506917
18864|BROTHERHOOD BANK & TRUST|875000||||875000|507220
18865|DUE TO DISTRICT|12151|313017|26986||298182|507220
18866|BANK OF AMERICA|847035||100436||746599|507260
18867|MILESTONE|11358||11358||0|507260
18869|ALLY|11200|0|11200|0|0|507349
18870|ALLY|20689|0|20689|0|0|507349
18871|ALLY|11739|0|11739|0|0|507349
18872|AFSCME|525000|0|115000||410000|507360
18873|GMAC Auto Loan|9610|0|1567||0|507360
18874|Ford Credit|21565|0|5367|0|16198|507440
18875|Ford Credit|10980|0|10980|0|0|507440
18876|Ford Credit|0|21888|558|0|21330|507440
18878|UNITED NURSES ASSN OF CA/UNION OF HEALTH CARE PROF|15114|227877|232457|0|10534|507478
18879|UNITED NURSES ASSOCIATIONS OF CALIFORNIA/UNION OF |22469|235320|240722|0|17067|507498
18880|Ford Motor Credit Company|0|24011|0|0|24011|507558
18881|UNAC/UHCP|19787|212962|223674|0|9075|507564
18882|Bank of America|0|1621000|1621000|0|0|507566
18883|Smith Barney LOC #11730|75000|50000|0|0|125000|507585
18884|FORD CREDIT|17653|0|6776|0|10877|507587
18885|NONE|0|0|0|0|0|507675
18886|Cambridge Savings Bank|3659811|0|120214|0|3539597|507753
18887|Service Employees Int'l Union|199885|0|199885|0|0|507753
18888|-|||||0|507928
18889|$0|0|0|0|0|0|507957
18890|AUTOMOBILE PRUCHASED||24500|1633||22867|508030
18891|DUE TO OFFICERS FOR OVERPAYMENT|0|628|0|0|628|508133
18892|Advanced Dues from National|0|154000|154000||0|508152
18893|National Basketball Players Association|889705|323487|230000||983192|508153
18894|CWA NATIONAL|0|200000||1210|198790|508156
18895|CWA NATIONAL|798982|0|0|22640|776342|508159
18896|CWA, WASHINGTON, DC|319515|0|8447||311068|508165
19152|OHIO TEAMSTERS C U |22190||22190||0|514965
18898|GMAC|60540|0|60540|0|0|508229
18899|No Loans|0|0|0|0|0|508239
18900|MOUNT WASHINGTON BANK|16722||16722||0|508259
18901|PNC Bank, N.A.|215627|0|6371|0|209256|508279
18902|NONE|0|0|0|0|0|508292
18903|COMMUNICATION WORKERS OF AMERICA - NATIONAL|202845||202845||0|508295
18904|United Labor Bank|4652||1921||2731|508319
18906|OPEIU INTERNATIONAL|71000|0|0|0|71000|508340
18907|CWA NATIONAL|159292|0|690|0|158602|508357
18908|CWA NATIONAL ADVANCE RELEIF|53610|0|480|0|53130|508357
18909|ILLINOIS NATIONAL BANK|32126|0|8363|0|23763|508362
18910|FORD MOTOR CREDIT|10792||10792||0|508452
18911|FORD MOTOR CREDIT|27652||6145||21507|508452
18912|NONE|0|0|0|0|0|508482
18913|Macatawa Bank|91005||91005||0|508488
18914|NONE|0|0|0|0|0|508528
18915|Harris (Bldg. Loan)|1416723||777110||639613|508533
18916|SOUTHSIDE BANK|4529|0|4529|0|0|508537
18917|FORD MOTOR CREDIT|0|15775|15775|0|0|508539
18918|FORD MOTOR CREDIT|0|15353|15353|0|0|508539
18919|FORD MOTOR CREDIT|0|12899|12899|0|0|508539
18920|SOUTHSIDE BANK|0|15573|834|0|14739|508539
18921|SOUTHSIDE BANK|0|15160|813|0|14347|508539
18922|SOUTHSIDE BANK|0|12756|684|0|12072|508539
18923|KONICA MINOLTA PREMIER FINANCE|0|789704|62198|0|727506|508540
18924|UFT EDUCATIONAL FOUNDATION|1235282|0|1235129|153|0|508541
18925|260 PARK AVENUE REALTY CORP.|41230543|0|24945|9360|41232397|508541
18926|49 EAST 21 COMPANY, INC.|8433227|0|2700|0|8433227|508541
18927|DE LAGE LANDEN FINANCIAL SERVICES|32823|0|26193|0|6630|508541
18928|Mortgage Payable|71986||2741||69245|508545
18929|BUSINESS VEHICLE FINANCE|6484|0|6484|0|0|508572
18930|CHRYSLER FINANCIAL|11340|0|11340|0|0|508572
18931|GMAC|39730|0|39730|0|0|508572
18932|Southeast Financial Credit Union|97155|0|7202||89953|508604
18933|CWA INTERNATIONAL|130240|0|17072|0|113168|508641
18934|Certificates payable|3350|0|0|0|3350|508660
18935|CWA AFL-CIO, CLC National Union|902179|0|29458||872721|508677
18936|CITIZENS BANK|473103|0|473103|0|0|508692
18937|FORD CREDIT|11425|78699|20072|0|70052|508692
18938|GREAT AMERICAN LEASING|0|28140|2619|0|25521|508692
18939|NONE|0|0|0|0|0|508700
18940|CWA INTERNATIONAL|11020||11020||0|508703
18941|N/A|0|0|0|0|0|508708
18942|0|0|0|0|0|0|508726
18943|C.W.A AFL-CIO NAT'L UNION|111912|0|38662|0|73250|508737
18944|UNION YES FCU - LINE OF CREDIT|320908|0|45133|0|275775|508737
18945|UNION YES FCU - AUTO LOAN|2786|0|2786|0|0|508737
18946|UNION YES FCU - AUTO LOAN|3402|0|3402|0|0|508737
18947|UNION YES FCU - AUTO LOAN|3013|0|3013|0|0|508737
18948|UNION YES FCU - AUTO LOAN|3736|0|3736|0|0|508737
18949|UNION YES FCU - AUTO LOAN|3736|0|3736|0|0|508737
18950|UNION YES FCU - AUTO LOAN|3705|0|3705|0|0|508737
18951|UNION YES FCU - AUTO LOAN|3162|0|3162|0|0|508737
18952|UNION YES FCU - AUTO LOAN|4468|0|4468|0|0|508737
18953|UNION YES FCU - AUTO LOAN|26944|0|26944|0|0|508737
18954|CWA MORTGAGE|135726|0|6709|0|129017|508748
18955|None|0|0|0|0|0|508777
18956|SUN TRUST BANK|3897803|900000|52067||4745736|508779
18957|DUE TO NATIONAL|480711|0|15007|0|465704|508785
18958|NEAFCU|51306||51306||0|508827
18959|NONE|0|0|0|0|0|508875
18960|NONE|0|0|0|0|0|508885
18961|CWA INTERNATIONAL|101205|0|7999|0|93206|508905
18963|UFCW International Union|299000||36000||263000|509182
18964|GMAC|31388||5177||26211|509182
18965|Regions Bank|83768|1555|971||84352|509182
18966|PNC BANK|22495||7338||15157|509313
18967|PNC BANK|36283||9076||27207|509313
18968|AUTO LOAN|8579|0|8579||0|509365
18969|Comm Workers of America|929361|0|23361||906000|509419
18970|n/a|0|0|0|0|0|509466
18971|Marlin Leasing Corp|0|104833|6996|0|97837|509498
18972|n/a|0|0|||0|509616
18973|ALLY FINANCIAL|243730|91919|188402||147247|509736
18974|IMPERIAL CREDIT CORPORATION|90302|161188|161159||90331|509736
18975|PNC|300050|700000|400050||600000|509736
18976|ALLY|14951||14951||0|509756
18977|FORD CREDIT|10514||6600||3914|509756
18978|ALLY|0|30000|2932||27068|509756
18980|NONE-NOT APPLICABLE|0|0|0|0|0|509922
18981|CWA INTERNATIONAL AFL-CIO|700596||246012||454584|509953
18988|FORD CREDIT|15986|0|5359|0|10627|510132
18989|ALLY|42600|71008|27614|0|85994|510132
18990|AUTOMOBILE|27272|0|12000||8667|510265
18992|N/A|0|0|0|0|0|510349
18993|N/A|0|0|0|0|0|510354
18997|N/A|0|0|0|0|0|510624
18998|N/A|0|0|0|0|0|510650
18999|LOCAL#532 BUILDING CORPORATION|24976|0|0|0|24976|510762
19002|Capital Lease - Color Copier|3149|0|1592|1557|0|510836
19003|Capital Lease - Xerox W7525|0|13286|1432|0|11854|510836
19006|NONE|0|0|0|0|0|510865
19008|0|0|0|0|0|0|511251
19009|none|0|0|0|0|0|511486
19011|0|0|0|0|0|0|511498
19012|CAR LOAN|18338||4491||13847|511502
19013|NONE|0|0|0|0|0|511585
19014|Ford Motor Credit|8329||4165||4164|511647
19015|NONE|0|0|0|0|0|511770
19016|GMAC|23125|0|23125|0|0|511841
19017|FORD MOTOR CREDIT|15505|0|7718|0|7787|511841
19018|FORD MOTOR CREDIT|17553|0|8298|0|9255|511841
19019|FORD MOTOR CREDIT|19966|0|6630|0|13336|511841
19020|FORD MOTOR CREDIT|30796|0|6021|0|24775|511841
19021|ALLY|0|69848|9701|0|60147|511841
19022|Doral Bank Mortgage|146782||14868||131914|511959
19026|Ford Motor Credit|58505|75216|18108|0|115613|512080
19027|GMAC|49091|0|10582|38509|0|512080
19028|M&T Bank|1201775||49500||1152275|512106
19029|Owed to Other Funds|8979|8929|8979|0|8929|512106
19030|N/A|0|0|0|0|0|512191
19031|AMERICAN NT'L BANK|383991|0|29031|0|354960|512264
19032|None|0|0|0|0|0|512300
19033|FORD|64933|0|43786|0|21147|512315
19035|Ford Credit|2007|0|2007|0|0|512502
19036|Security equipment bal. due|0|3278|||3278|512562
19037|N/A|0|0|0|0|0|512652
19038|Hankcock Bank - Vehicle|5775|0|3589|0|2186|512653
19039|PNC Bank|214885|0|111798||103087|512826
19040|Auto Loans Payable|117039|0|41078|0|75961|512856
19041|Ford Motor Credit|15878|0|10516|0|5362|512868
19042|NONE|0|0|0|0|0|512899
19043|Toledo Postal Employees Credit Union|126274|0|8556|0|117718|512903
19044|NONE|0|0|0|0|0|512910
19045|GMAC - VEHICLE LOANS|151235|0|64815|0|86420|513067
19046|Chevrolet Truck|21488|0|5529|0|15959|513084
19047|0|0|0|0|0|0|513096
19048|IFF|112502|0|112502|0|0|513192
19049|GMAC|30976|0|9266|0|21710|513192
19050|Ally Financial|13502|0|13502|0|0|513237
19051|GMAC FINANCE|28165|0|9389|0|18776|513253
19052|JP MORGAN CHASE BANK|1988|0|1988|0|0|513253
19053|ALLY FINANCIAL|0|36509|8113|0|28396|513253
19054|NEFCU|97322|0|48546|18210|30566|513256
19056|NONE|0|0|0|0|0|513414
19057|NONE|0|0|0|0|0|513415
19058|Western Security Bank|7255|0|4811|0|2444|513479
19059|Western Security Bank|14990|0|6847|0|8143|513479
19060|NONE|0|0|0|0|0|513490
19061|None|0|0|0|0|0|513514
19062|NONE|0|0|0|0|0|513516
19063|N/P - Paducah Bank & Trust|5471|0|5471|0|0|513521
19064|Great America Leasing Corp|10749||730|10019|0|513523
19065|Citi Group|7308||1248||6060|513523
19066|Tamco Capital Corp||14443|1080||13363|513523
19067|NONE|0|0|0|0|0|513527
19068|OPEIU International Union|63370|44000|19605|0|87765|513529
19069|JWC LLC|5566|0|5566|0|0|513529
19070|IBEW Credit Union|396074|0|5208|0|390866|513529
19071|Ford Motor Credit|53713|0|11510||42203|513601
19072|UNITED BANK, INC|25484||25484||0|513630
19073|OCE FINANCIAL SERVICES, INC|2873||927||1946|513630
19074|Auto loans payable|69087||18112||50975|513653
19077|TEAMSTERS CREDIT UNION|7638|4060|2292|0|9406|513735
19078|AUTOMOBILE LOAN|31390||11772||19618|513752
19079|MORTGAGE PAYABLE|394875|0|15375||379500|513794
19081|Equipment Loan|5000||1239||3761|513819
19082|None|0|0|0|0|0|513851
19083|IBEW LOCAL 968 FCU|13283||1123||12160|513853
19084|Five Star Credit Union|2095479|0|117670|0|1977809|513855
19085| Five Star Creidt Union||187214|0|0|0|513855
19086| ||||||513855
19087|Hometown National Bank|100446|0|11944|0|88502|513864
19088|Hometown National Bank|2408|0|2408|0|0|513864
19089|International Teamsters|129371|0|13587|0|115784|513864
19090|NONE|0|0|0|0|0|513878
19091|NONE|0|0|0|0|0|513942
19093|Notes Payable-Autos|30347|0|9028||21319|513998
19094|NONE|||||0|514081
19095|NONE|0|0|0|0|0|514114
19096|NONE|0|0|0|0|0|514127
19097|NONE|0|0|0|0|0|514202
19098|TD Auto Finance|4919||4919|0|0|514232
19099|Synergy Resources|5308||3610|0|1698|514232
19100|Ally|0|27760|3270|0|24490|514232
19101|Citizens Bank|311551|0|15762|0|295789|514232
19102|COMERICA BANK|2135459|0|626695|0|1508764|514239
19103|DISTRICT CO 36 PENSION|684736|0|684736|0|0|514239
19104|DISTRICT CO 36 PENSION|7966014|0|107549|0|7858465|514239
19105|FIRST MIDWEST BANK - CONSTRUCTION LOAN|1250000|0|1250000|0|0|514240
19106|GMAC|4176|0|368|3808|0|514244
19107|International Union, UAW|321097||34327||286770|514258
19108|0|0||||0|514348
19109|UURWAW INTERNATIONAL UNION|32500|0|0|0|32500|514355
19110|UFCW International Union|40000||36000||4000|514357
19111|Notes Payale-Bank|38935|62403|21920||79418|514357
19112|FORD CREDIT - AUTO LOAN|0|20459|9032|0|11427|514382
19113|Mortgage Note Payable|345517|0|1093|0|344424|514389
19114|Construction Note Payable|156019|0|685|0|155334|514389
19115|Vehicle Loans|378222|195109|201650|0|371681|514389
19116|NONE|0|0|0|0|0|514397
19117|N/A|0|0|0|0|0|514405
19118|ALLY BANK|0|24081|1063|0|23018|514418
19119|LOCAL 513|16928|0|6794|0|10842|514429
19120|No loans payable|0|0|0|0|0|514516
19121|Auto loans payable|13963||9797||4166|514518
19122|None|0||||0|514528
19123|Teamsters International Union|0|291000|||291000|514567
19124|FORD MOTOR COMPANY|36603|72180|28910|976|78897|514576
19125| ||||||514611
19126|AUTOMOBILE LOAN|7838|0|7838|0|0|514622
19127|AUTOMOBILE LOAN|7582|0|7582|0|0|514622
19128|AUTOMOBILE LOAN|31595|0|31595|0|0|514622
19129|AUTOMOBILE LOAN|0|36967|2650|0|34317|514622
19130|AUTOMOBILE LOAN|0|36029|3196|0|32833|514622
19131|AUTOMOBILE LOAN|0|62890|0|0|62890|514622
19132|0|0|0|0|0|0|514626
19133|Union Yes C.U.- Auto loans|0|150000|23484||126516|514633
19134|U.S. BANK|35800|120900|117393|0|39307|514642
19135|ELEVATOR CONST LOCAL 18|809504|0|809504|0|0|514642
19136|MORGAN STANLEY|51040|801355|421715|0|430680|514642
19137|0|0|0|0|0|0|514657
19138|BANK|61504||16476||45028|514672
19140|ALLY|61893|0|15494||46399|514680
19141|BUSINESS PARTNERS LLC|2001041|0|188958||1812083|514704
19142|TEAMSTERS CREDIT UNION|0|11500|2419|0|9081|514733
19143|NONE|0|0|0|0|0|514870
19144|FORD MOTOR CREDIT|61093|187177|222268|0|26002|514872
19145|none|0|0|0|0|0|514932
19146|Regions Bank|3110|0|2896|0|0|514933
19149|Local 366 JATC|160671|0|160671|0|0|514960
19150|OHIO TEAMSTERS C U |23761||23761||0|514965
19151|OHIO TEAMSTERS C U |22414||22414||0|514965
19452|Ford Credit||13723|950||12773|517699
19153|OHIO TEAMSTERS C U||35320|1700||33620|514965
19154|OHIO TEAMSTERS C U ||36553|1760||34793|514965
19155|OHIO TEAMSTERS C U ||37564|1808||35756|514965
19156|Ally|0|39604|8801||30803|514968
19157|NONE|0|0|0|0|0|514977
19158|MORGAN STANLEY CREDIT LINE|1117175|37685|0|0|1154860|514989
19159|Susquehanna Bank|0||330||16611|515003
19160|Susquehanna Bank|0||279||13721|515003
19161|Susquehanna Bank|0||329||16184|515003
19162|None|0|0|0|0|0|515017
19164|UA LUOE PENSION FUND|0|21337|||21337|515023
19165|Chase Auto Finance|13160||4760||8400|515025
19166|Black Hill Federal Credit Union|957|25000|2113||23844|515028
19168|Capital One Bank|0|105006|0|0|0|515031
19169|NONE|0|0|0|0|0|515032
19170|None|0|0|0|0|0|515042
19171|NONE|0|0|0|0|0|515047
19173|NA|0|0|0|0|0|515113
19174|JP Morgan Chase|59224|0|15218||44006|515152
19175|Western Massachusetts Electric Company|0|6600|3771|0|2829|515188
19176|AMERICAN FASHION COUNCIL|45000|50000|0|0|95000|515196
19177|WORKERS UNITED|85317|0|0|0|85317|515196
19178|HUNTINGTON BANK|8412|0|5138|0|3274|515209
19179|FORD CREDIT||7500|2148||5352|515210
19180|NONE|0|0|0|0|0|515217
19181|NONE|||||0|515228
19182|CENTRAL BANK|14665|0|6541|0|8124|515229
19183|TEAMSTERS CREDIT UNION|17336|0|3433|0|13903|515236
19184|WELLS FARGO BANK, N.A.|14109|0|2221|0|11888|515236
19185|FORD CREDIT|36206|0|4890|0|31316|515236
19186|FORD CREDIT|35915|0|5025|0|30890|515236
19187|NONE|0||||0|515240
19188|NONE|0|0|0|0|0|515245
19189|GMAC|33828|0|8637|0|25191|515246
19190|Bank of Denver Fast Draw|0|22528|22528|0|0|515247
19191|Ford Motor Credit|10408|0|10408|0|0|515257
19192|Xerox leased copier|9849|0|6147|0|3702|515263
19193|WELLS FARGO BANK NA|158092||15503||142589|515277
19194|NP FORD CREDIT|21214|0|5696|0|15518|515283
19195|F&M Bank|167898|0|167898|0|0|515289
19198|NONE|0|0|0|0|0|515294
19199|PATRIOT SUSQUEHANNA BANK|14666|0|13143|0|4240|515297
19200|G M A C Commercial Credit|67967|0|42185|0|25782|515299
19201|COMMUNITY BANK 3.18%-4.74%|195249|220081|196442|0|218888|515301
19202|1ST SECURITY BANK OF WA|113856||25661||88195|515318
19203|PIERCE TRANSIT PAYABLE-NET CHANGE|34388||2948||31440|515318
19204|CREDIT CARDS-NET CHANGE|1194||859||335|515318
19205|None|0|0|0|0|0|515333
19206|LOANS PAYABLE - FIRST COMMONWEALTH|444251|0|13521|0|430730|515363
19207|LOANS PAYABLE - URA|205985|0|8383|0|197602|515363
19208|None|0|0|0|0|0|515447
19209|N/A|0|0|0|0|0|515472
19210|N/A|0|0|0|0|0|515474
19211|CAPITAL LEASE OBLIGATION|4250||4250||0|515538
19212|None|0|0|0|0|0|515583
19213|NONE|0|0|0|0|0|515585
19214|ALLY|14249|0|6333|0|7916|515609
19215|ALLY|15654|0|6947|0|8707|515609
19216|Seafarers International Union of N.A. AGLIWD|255000|0|15000|0|240000|515611
19217|ALLY BANK|11124|0|7241||3883|515623
19218|Seafarers Int'l Union of N.A.- AGLIWD|635000|0|20007|0|614993|515632
19219|AUTOMOBILE LOAN|6029|0|3405|0|2624|515643
19220|NONE|0|0|0|0|0|515746
19221|LOAN FROM INTERNATIONAL|16500|0|8000|0|8500|515758
19223|N/A|0|0|0|0|0|515781
19224|NONE|0|0|0|0|0|515782
19225|NONE|0|0|0|0|0|515831
19226|M&T BANK|166667|0|100000|0|66667|515840
19227|na|0|0|0|0|0|515841
19228|GMAC Automobile|23488|32716|20737|0|35467|515854
19230|Saratoga National Bank & Trust|9275|0|9275|0|0|515972
19231|ALLY FINANCIAL|0|33854|2522||31332|515974
19232|NONE|0|0|0|0|0|515977
19233|NONE|0|0|0|0|0|515978
19234|Credit Cards/Other (Net)|3374|4606|||7980|516015
19235|NONE|0|0|0|0|0|516028
19239|None|0|0|0|0|0|516061
19247|Roofers 149 Property Co.|305082|25300|0|3600|326782|516163
19248|FORD CREDIT|13474||1857|11617|0|516173
19249|FORD CREDIT|8370||1050|7320|0|516173
19251|Bank of Springfield|2117914||55249||2062665|516207
19253|OPCMIA|100000|0|0|0|100000|516238
19257|Seafarers In'l Union of N.A. AGLIWD|1729645|0|0|0|1729645|516250
19258|ACCO Princeton FCU|5785|0|5785|0|0|516258
19259|ACCO Princeton FCU|5294|0|5294|0|0|516258
19260|First Citizens Bank|0|738502|0||738502|516264
19261|NONE|0|0|0|0|0|516274
19262|UFCW International|262085|0|44000||218085|516323
19263|GMAC|33804|0|6249|0|27555|516326
19264|FORD CREDIT|0|29842|4869|0|24973|516326
19268|Ally Financial|10788|0|10788|0|0|516369
19271|LINE OF CREDIT - MERRILL LYNCH|44427|150736|195163|0|0|516377
19272|N/A|0|0|0|0|0|516385
19273|TOTAL LOANS PAYABLE|0|0|0|0|0|516388
19274|TEAMSTERS LOCAL UNION NO. 406|50000|0|0|0|50000|516391
19275|TD BANK|4379169|0|530810|0|3848359|516403
19276|GMAC|34941|0|20440|14501|0|516414
19277|GMAC|48874|0|12215|36659|0|516414
19278|Automobile Loan|6342|0|3243|0|3099|516457
19279|NONE|0|0|0|0|0|516471
19280|NOTE PAYABLE ALLY|0|26186|2739||23447|516482
19281|Auto loans payable|89808|108396|79179|0|119025|516490
19282|Illinois National Bank|712072||316835||395237|516525
19284|Loan Payable on Building|732695||33528||699167|516546
19285|n/a|0|0|0|0|0|516561
19287|OMNI BANK|0|313888|0|0|313888|516587
19288|ALLY BANK|37935|0|7848|0|30087|516589
19289|ALLY BANK|42654|0|8980|0|33674|516589
19290|ALLY BANK|43603|0|9021|0|34582|516589
19292|Ally Auto|0|10401|308||10093|516605
19293|Ford Motor Credit|4095|0|4095||0|516605
19294|GMAC - AUTO LOANS|15815||15815||0|516608
19296|NONE|0|0|0|0|0|516623
19297|Duplicator Sales & Service|3241|0|3241||0|516633
19298|N/A|0|0|0|0|0|516636
19299|NONE|0|0|0|0|0|516738
19307|N/P - New Buick (Monarch)|8609|0|4325|0|4284|516786
19308|N/P - 2010 Ford|20556|0|5201|0|15355|516786
19312|Ally|35834||7003||28831|516813
19313|Ford Motor Credit Co.||27236|3659||23577|516813
19314|Due to Public|1245136|194850|0|0|1439986|516823
19315|Auto Ford 8386|5237|0|5237|0|0|516823
19316|Auto Ford 8599|12571|0|6857|0|5714|516823
19317|Auto Ford 8486|6167|0|6167|0|0|516823
19318|Auto Ford 2852|6158|0|6158|0|0|516823
19319|Auto Ford 8381|6055|0|6055|0|0|516823
19321|GMAC|9640||9640||0|516832
19322|GMAC|7268||7268||0|516832
19323|FORD CREDIT|24998||9677||15321|516832
19324|ALLY||37800|8662||29138|516832
19325|Numerica Credit Union, Spokane WA|2571|0|2571|0|0|516847
19326|Numerica Credit Union, Spokane WA|9531|0|4528|0|5003|516847
19328|HOLCOMB BANK|0|7500|3500|0|4000|516862
19329|AUTO LOAN-M & T CREDIT|4632|0|4632|0|0|516871
19330|AUTO LOAN-CHASE|8864|0|4835|0|4029|516871
19331|AUTO LOAN-TD BANK|11015|0|5747|0|5268|516871
19332|AUTO LOAN-ALLY|14524|0|4458|0|10066|516871
19333|AUTO LOAN-ALLY|27825|0|7259|0|20566|516871
19334|NE TEAMSTERS FCU|18831|0|12268|0|6563|516884
19335|ALLY FINANCIAL|0|14593|2768|0|11825|516884
19336|FORD MOTOR CREDIT|43521|0|15692|0|27829|516888
19337|International Union,UAW|0|42600|16889||25711|516895
19341|Promissory Note Bank of Denver|0|0|0|0|0|516903
19364|-|||||0|516991
19342|Int. 5.75% matures 7/01/2025|281020|0|14515|0|266505|516903
19343|NONE|0|0|0|0|0|516904
19344|GMAC Financing (Ally)|6279|0|6279|0|0|516913
19345|N/A|0|0|0|0|0|516914
19347|NONE|0|0|0|0|0|516929
19348|Auto Loans|46254||46254||0|516931
19349|Canon Financial Services, Inc. |12923|0|3146|0|9777|516934
19350|Mailroom Consultants|20977|0|6594|0|14383|516934
19354|STATE OF MARYLAND|212500||||212500|516951
19355|INTERNATIONAL BROTHERHOOD OF TEAMSTERS|150000|0|0|0|150000|516954
19356|INTERNATIONAL BROTHERHOOD OF TEAMSTERS|50690|0|10032|0|40658|516954
19357|LINCOLN AUTOMOTIVE FINANCIAL SERVICES|18152|0|4697|0|13455|516954
19358|WEST AMERICA BANK|3681|0|3149|0|532|516964
19359|Key Bank|184359||25544||158815|516971
19360|UA Local 73|907403||18820||888583|516971
19361|FORD MOTOR CREDIT|18767||18767||0|516985
19363|IA Local 45|119189|0|3627|0|115562|516990
19365|MoneyOne FCU Loan|271096|0|79994|0|191102|516994
19366|Ford Motor Credit - Stage|29633|0|10775|0|18858|517004
19367|NA|0|0|0|0|0|517011
19371|INTERNATIONAL LONGSHOREMEN'S ASSOCIATION|32680|0|32680|0|0|517070
19372|THE BANK OF EDWARDSVILLE|12586|0|4933|0|7653|517079
19374|None|0|0|0|0|0|517125
19375|None|0|0|0|0|0|517127
19379|Ford Credit Company|0|16875|4025||12850|517150
19380|N/A|0|0|0|0|0|517177
19386|N/A|0|0|0|0|0|517213
19387|Comerica Bank|1254096|0|70447||1183649|517225
19388|SUNTRUST|928508|0|829252|0|99256|517227
19389|SUNTRUST- NJ AVE|347631|0|94871|0|252760|517227
19390|SUNTRUST - CENTRIX|750000|0|200000|0|550000|517227
19391|FIRST MIDWEST BANK|1370653|0|33187|0|1337466|517227
19393|N/A|0|0|0|0|0|517247
19398|NONE|0|0|0|0|0|517258
19399|UMPQUA BANK|40885|0|7988|0|32897|517260
19400|FORD MOTOR CREDIT-FLEX|1432||1432||0|517264
19401|FORD MOTOR CREDIT - RANGER|6314||6314||0|517264
19402|FORD MOTOR CREDIT-LINCOLN|15335||14155||1180|517264
19403|FORD MOTOR CREDIT - EXPLORER|27408||8098||19310|517264
19404|FORD MOTOR CREDIT - EXPLORER|0|15171|1503||13668|517264
19406|NONE|0|0|0|0|0|517299
19407|Ally|0|17137|5779||11358|517309
19408|Ally|0|16067|3046||13021|517309
19410|NONE|0|0|0|0|0|517315
19411|NONE|0|0|0|0|0|517317
19412|GMAC Financing|38928|0|9732||29196|517337
19413|GMAC Financing|28838|0|7650||21188|517337
19414|USW International|46000|0|0|46000|0|517340
19415|WELLS FARGO|72508|0|72508|0|0|517422
19416|CHASE|26915|0|3589||23326|517440
19420|ALLY BANK|13486|117411|45115||85782|517507
19423|NONE|0|0|0|0|0|517525
19424|NONE|0|0|0|0|0|517528
19425|NONE|0|0|0|0|0|517532
19426|NP TRUCK|13910|0|13910||0|517540
19427|NONE|0|0|0|0|0|517548
19429|COMMERCIAL BANK|25333|0|25333|0|0|517556
19432|NONE|0|0|0|0|0|517560
19433|NONE|0|0|0|0|0|517563
19434|CREDIT CARD PAYABLE|313|628|313||628|517568
19435|HMFCU-COPIER|0|16979|2395||14584|517568
19436|ALLY BANK|0|11205|1133|0|10072|517573
19437|GMAC AUTO LOAN|1876|0|1876|0|0|517573
19438|Auto Loan 2010 GMC Acadia|20491|0|9457||11034|517588
19439|Auto Loan 2012 Ford Fusion Grey |0|21071|3512||17559|517588
19440|Auto Loan 2012 Ford Fusion Bordeaux|0|20964|3494||17470|517588
19441|UNION YES FEDERAL CREDIT UNION|10747|0|10747|0|0|517590
19442|UNION YES FEDERAL CREDIT UNION|22706|0|4689|0|18017|517590
19443|VISA - CREDIT CARD|0|4200|0|0|4200|517590
19444|W. F. Mtg|567554|0|52748|0|514806|517605
19445|NONE|0|0|0|0|0|517619
19446|NONE|0|0|0|0|0|517620
19447|NONE|0|0|0|0|0|517657
19448|GMAC FINANCING|36787||4747|32040|0|517682
19449|Verizon Credit Inc.|10188|0|2943|0|7245|517690
19450|Wesbanco Bank|43605||4547||39058|517692
19451|Wesbanco Bank|49005||3983||45022|517692
19714|FORD CREDIT|25932||5545||20387|519387
19453|Albert Arno Inc.|0|78715|56225|0|22490|517708
19454|MORTGAGE|412053|0|9138|0|402915|517711
19455|VEHICLE LOANS|288843|113530|171294|0|231079|517711
19456|PNC CONSTRUCTION LOAN|1322434|0|163600||1158834|517717
19457|GMAC|2423||2423||0|517730
19458|GMAC|28405||7124||21281|517730
19459|N/A|0|0|0|0|0|517735
19462|AUTO LOANS - IKIBEW FEDERAL CREDIT UNION|12736|58747|17633|0|53850|517775
19463|JOHNSON BANK|1313107|0|952053|0|361054|517789
19464|FORD CREDIT(11 Automobiles)|0|337983|37944|0|300039|517789
19467|Hometown Bank|158812||64582||94230|517818
19468|SBA|81541||81541||0|517818
19469|National Postal Mail Handlers Union|0|140000|5256|0|134744|517821
19470|n/a|||||0|517823
19471|Amalgamated Bk of Chicago|1785295|0|87052|0|1698243|517827
19472|NONE|0|0|0|0|0|517854
19473|ALLY BANK|33508|0|7150|0|26358|517857
19474|AUTO LOAN-LYON FIN'L|1111|0|1111|0|0|517866
19475|AUTO LOAN-ALLY|0|21000|6416|0|14584|517866
19476|Old Second National Bank|62270|0|21454|0|40816|517874
19477|Ford Credit|0|31802|3471|0|28331|517874
19482|QUIRK CHRYSLER JEEP|33803||5770||28033|517913
19484|NONE|0|0|0|0|0|517923
19488|KEY BANK LOAN|40955|0|40955||0|517940
19489|ALLY GMAC|190988|0|42478||148510|517940
19491|None|0|0|0|0|0|518007
19493|NONE|0|0|0|0|0|518015
19494|Line of Credit|200000|50000|||250000|518030
19495|Mortgage|250000||72307||177693|518030
19496|UNION SAVINGS BANK|367414|0|29090|0|338324|518041
19497|UNITED FOOD AND COMMERCIAL WORKERS INT'L UNION|2415|0|2415|0|0|518041
19499|DELL|34629|0|11155|0|23474|518052
19500|AVAYA|11913|0|5126|0|6787|518052
19501|FIRST MIDWEST BANK|44849|0|7304|0|37545|518052
19502|Arvest Bank|133747|0|133747||0|518078
19503|Ford Credit|0|28186|20598||7588|518078
19504|None|0|0|0|0|0|518085
19505|Chrysler Credit|9526|0|9526|0|0|518091
19506|NONE|0|0|0|0|0|518109
21081|none|0|0|0|0|0|531977
19507|Auto Loan - Ally  Bank|20818|0|4373||16445|518120
19508|Auto Loan - Ally Bank|19563|0|4180||15383|518120
19509|Auto Loan - Ally Bank|0|24557|1832||22725|518120
19510|Auto Loan - Ally Bank|0|15908|1186||14722|518120
19511|Auto Loan - Ally Bank|0|33661|2511||31150|518120
19512|Auto Loan - Ally Bank|0|23895|1483||22412|518120
19513|none|0|0|0|0|0|518152
19514|GMAC Vehicle Loans|48194||32472||15722|518180
19515|WEBSTER BANK||76000|2259||73741|518193
19517|NONE|0|0|0|0|0|518210
19516|SUNTRUST BANK|275974|0|217444||58530|518208
19518|Local 4 Joint Apprentice Committee|141792|||20750|121042|518212
19519|Mortgage Payable Fidelity Bank|0|645000|11907||633093|518212
19522|MILESTONE BANK|0|100000|50000|0|50000|518246
19523|GMAC|6348|0|6054|0|294|518246
19524|GMAC|18686|0|7236|0|11450|518246
19526|none|0|0|0|0|0|518256
19531|NONE|0|0|0|0|0|518303
19532|FORD CREDIT|30216||7252||22964|518310
19533|Ford Motor Credit #5|4264||4264||0|518313
19534|Ford Motor Credit #6|16081||9089||6992|518313
19535|Ford Motor Credit #7|14040||7935||6105|518313
19536|Ford Motor Credit #8|17541||9568||7973|518313
19537|Ford Motor Credit #9|26311||8113||18198|518313
19538|NONE|0|0|0|0|0|518320
19539|First Hawaiian Bank (Building)|362558|0|7247||355311|518322
19540|Member Advance|330|0|0||330|518322
19541|HUNTINGTON BANK|39411|0|22182|0|17229|518334
19542|N/A|0|0|0|0|0|518357
19543|PNC Construction Loan|1308688|0|67984|0|1240704|518361
19544|PA ISRP Loan|537425|0|31236|0|506189|518361
19545|AMALGAMATED BANK|6931|0|6931|0|0|518364
19546|LADIES GARMENT WORKERS CENTER|100000|0|100000|0|0|518366
19547|FBN Bank|261431|0|13237||248194|518369
19548|Mechanics Savings Bank|93925|0|44803||49122|518373
19549|AUTO LOAN-TD AUTO FINANCE|2878|0|2878|0|0|518375
19550|AUTO LOAN-TD AUTO FINANCE|3458|0|3458|0|0|518375
19551|AUTO LOAN-US BANCORP|12555|0|6848|0|5707|518375
19552|AUTO LOAN-ALLY|13827|0|2911|0|10916|518375
19554|CHASE - MOTOR VEHICLE|39076|0|39076|0|0|518412
19555|Powernet Credit Un-Auto Loan|1970|0|1970|0|0|518452
19556|CHRYSLER FINANCIAL|4087|0|4087|0|0|518456
19557|HUNTINGTON NATIONAL BANK|0|15811|1648|0|14163|518456
19558|Vectra Bank-Bldg|158414||122569||35845|518460
19559|Note Payable-Copier|5255||3424||1831|518460
19560|M&T Bank Auto Loan|15620|0|3864|0|11756|518467
19561|Ford Credit|0|30897|10795||20102|518488
19562|0|0|0|0|0|0|518490
19563|0|0|0|0|0|0|518490
19564|0|0|0|0|0|0|518490
19565|0|0|0|0|0|0|518490
19566|0|0|0|0|0|0|518490
19567|0|0|0|0|0|0|518490
19568|0|0|0|0|0|0|518490
19569|0|0|0|0|0|0|518490
19570|0|0|0|0|0|0|518490
19571|0|0|0|0|0|0|518490
19573|FORD MOTOR CREDIT-CAR 1|0|7596|5000|0|2596|518504
19574|FORD MOTOR CREDIT-CAR 2|0|6635|6635|0|0|518504
19575|N/A|0|0|0|0|0|518506
19576|PNC BANK, PITTSBURGH, PA|239568|0|37030||202538|518513
19577|Ally Bank|0||3066||28453|518522
19578|REGIONS BANK LOC|9669|0|2636|0|7033|518549
19579|NATIONAL POSTAL MAILHANDLERS|410837|0||104226|306611|518553
19580|FRED KELLEY|11747|0|9358|0|2389|518559
19581|NONE|0|0|0|0|0|518560
19582|DRAW NOTE - W & H BANK|75000|0|60500|0|14500|518567
19583|FRED D. KELLEY|31732|0|5050|0|26682|518567
19584|FORD MOTOR CREDIT|2896|0|2896|0|0|518567
19585|REGIONS BANK|0|41000|1698||39302|518579
19586|None|0|0|0|0|0|518584
19587|None|||||0|518585
19588|NONE|0|0|0|0|0|518587
19589|GMAC Financing|15400||5500|9900|0|518596
19590|GMAC-5962|7635||4549||3086|518619
19591|GMAC-2399|7263||4328||2935|518619
19592|GMAC-0892|14854||5952||8902|518619
19593|FORD CREDIT|0|21089|2375||18714|518619
19594|BTA FEDERAL CREDIT UNION|5474|0|4452|0|1022|518627
19595|BTA FEDERAL CREDIT UNION|17173|0|5352|0|11821|518627
19596|ALLY BANK|9729|0|7783|0|1946|518627
19597|CHASE - BUICK LOAN|0|4674|1350|0|3324|518644
19598|FORD CREDIT - FUSION|1384|0|1384|0|0|518644
19599|MANATEE COMMUNITY FCU|10473|0|6558|0|3915|518655
19600|Old Second National Bank|2037253||451831||1585422|518666
19601|TD BANK, NA|34362|0|6539|0|27823|518669
19602|Ford Credit Services|133423|34000|49619||117804|518674
19603|MERRILL LYNCH|66264|39039|102240|0|3063|518677
19604|MERRILL LYNCH|1500000|0|0|0|1500000|518677
19605|NONE|0|0|0|0|0|518678
19606|NONE|0|0|0|0|0|518689
19607|FORD CREDIT|11229|0|11229|0|0|518706
19608|FORD CREDIT|0|17969|2326|0|15643|518706
19609|CITY OF CLEVELAND|76763|0|5379|0|71384|518706
19610|NONE|0|0|0|0|0|518714
19611|FORD CREDIT|2608|0|2608|0|0|518723
19612|NONE|0|0|0|0|0|518726
19614|NONE|0|0|0|0|0|518749
19613|UNITE HERE INT'L UNION|211304|0|75964|0|135340|518747
19615|Installment Notes|26866||18964||7902|518756
19616|BUSINESS LOAN CONDUCT NO 6 LLC|8000000|0|0|0|8000000|518761
19617|BUSINESS LOAN CONDUCT NO 6 LLC|10000000|0|0|0|10000000|518761
19618|FIRST BANK|321509|150000|103860|0|367649|518761
19619|JEFFERSON BANK|1993223|0|35559|0|1957664|518761
19620|US BANK|5981043|0|116414|0|5864629|518761
19621|MCKESSON FCU|11445|0|2941||8504|518768
19624|COPIER CAPITAL LEASE|31824|0|5640|0|26184|518826
19625|NONE|0|0|0|0|0|518855
19627|NONE|0|0|0|0|0|518858
19626|NONE|0|0|0|0|0|518857
19628|FORD MOTOR CREDIT|0|21500|412||21088|518864
19629|FORD MOTOR CREDIT|0|26200|2527||23673|518864
19630|GMAC FINANCE|3402|16045|4332||15115|518864
19631|SENECA FALLS SAVINGS BANK|0|16045|619||15426|518864
19632|BEACON FEDERAL|0|76000|16941||59059|518864
19633|None|0|0|0|0|0|518874
19634|ALLY - VEHICLE LOAN|20777||20777||0|518873
19635|IBT|110000|0|110000|0|0|518888
19636|FORD MOTOR COMPANY|5037|0|5037|0|0|518888
19637|GMAC|66334|0|37218|0|29116|518888
21083|NONE|0|0|0|0|0|532121
19638|DUPLICATOR SALES & SERVICES|7066|0|7066|0|0|518888
19639|Blue technologies|18564|0|4368|0|14196|518893
19640|AMALGAMATED BANK|30943||18898||12045|518895
19641|CHASE AUTO FINANCE|28663||15769||12894|518895
19642|GMAC|12568||4069|8499|0|518895
19643|GMAC|22159||8575||13584|518895
19644|PTDC 36 JT LABOR MGMT|132579|0|132579|0|0|518896
19645|Seneca Federal Savings and Loan|75244|0|20064|0|55180|518913
19646|NONE|0|0|0|0|0|518939
19647|EAGLE BANK AND TRUST|1694133|0|79718|0|1614415|518942
19648|US Bank|0|1500000|107553|0|1392447|518951
19649|None|0|0|0|0|0|518966
19650|Ally Financing (Auto)|45057|0|27161|0|17896|518968
19651|ALLY BANK|44092||8748||35344|518972
19652|National Postal Mail Handlers Union|334237|17191|73905||277523|518973
19654|CAPITAL LEASE OBLIGATION|1086|0|1086|0|0|518992
19655|None|0|0|0|0|0|519019
19657|Auto loan-Ford Motor Credit|22671|0|6484||16187|519026
19658|IBEW 146 CREDIT UNION|0|9776|1863||7913|519029
19659|GMAC/CHRYSLER FINANCIAL|18077|25088|20661|0|22504|519035
19660|FORD FINANCIAL|0|24540|701|0|23839|519035
19663|Citizens Bank|56547||46927||9620|519074
19665|None|0|0|0|0|0|519103
19666|GMAC|11854||3223||8631|519130
19667|GMAC|18205||8631||9574|519130
19668|LOCAL UNION NO. 380 CREDIT UNION|0|16113|1590||14523|519130
19669|LOCAL UNION NO. 380 CREDIT UNION|0|18401|1816||16585|519130
19670|ELECTRICAL HOME ASSOCIATION|500725|0|122400||378325|519130
19672|RBS CITIZENS, N.A.|0|20084|20084|0|0|519135
19676|First Tennessee Bank|50000|0|0|0|50000|519158
19679|BILL BROWN FORD INC|0|7408|7408|0|0|519170
19680|Toledo Teamsters Federal Credit Union|21677||3986||17691|519171
19681|Toledo Teamsters Federal Credit Union|17977||4383||13594|519171
19682|General Motors Acceptance|4664|0|4664|0|0|519183
19683|Peoples United Bank Credit Card|469|0|469|0|0|519183
19684|ALLY|11377|0|4015|0|7362|519189
19685|ALLY|13511|0|5067|0|8444|519189
19686|Ford Credit|14989||3428||11561|519191
19687|Auto loans payable-Ally|2498|18345|3862|0|16981|519201
19689|RWDSU NATIONAL|191232||11003||180229|519205
19692|CHRYSLER FINANCIAL|8085|0|6930|0|1155|519238
19693|International Brotherhood of Teamsters|280813|0|0|280813|0|519239
19695|AUTOMOBILE FINANCING|40145|0|31252||8893|519244
19696|BANK FINANCING|392032|426000|380562||437470|519244
19698|Merrill Lynch Margin Loan|87413||87413||0|519262
19699|NONE|0|0|0|0|0|519263
19700|N/A|0|0|0|0|0|519268
19701|BANCO POPULAR DE PR|1163018|0|56819|0|1106199|519272
19702|Auto loans payable|117913|53613|65073|0|106453|519297
19703|Office and Professional Employees Pension Plan|133360|0|26180|0|107180|519322
19705|None|0|0|0|0|0|519375
19706|None|0|0|0|0|0|519376
19707|REGIONS BANK|0|177200|||177200|519379
19708|None|0|0|0|0|0|519386
19709|LOCAL UNION 164 IBEW COPE FUND|175000||101122||73878|519387
19710|FORD CREDIT|6780||6780||0|519387
19711|FORD CREDIT|17265||5053||12212|519387
19712|FORD CREDIT|28869||4565||24304|519387
19713|FORD CREDIT|25132||5237||19895|519387
20393|SAN DIEGO COUNTY CREDIT UNION|9976|0|3338||6638|520817
19715|FORD CREDIT|24635||5267||19368|519387
19716|FORD CREDIT|24708||5263||19445|519387
19717|FORD CREDIT|25063||5241||19822|519387
19718|FORD CREDIT|24708||5263||19445|519387
19719|FORD CREDIT|25062||5241||19821|519387
19720|FORD CREDIT|25132||5237||19895|519387
19721|FORD CREDIT|28567||6468||22099|519387
19722|FORD CREDIT|11677||3542||8135|519387
19723|FORD CREDIT|29570||6751||22819|519387
19724|none|0|0|0|0|0|519390
19725|Ford Credit|8962|22450|12940||18472|519394
19726|ALLY|27079||27079||0|519397
19727|ALLY|18049||7219||10830|519397
19728|ALLY|24154||7247||16907|519397
19729|ALLY|29476||7526||21950|519397
19730|ALLY|30000||7500||22500|519397
19731|ALLY|29936||6441||23495|519397
19732|ALLY|30741||6614||24127|519397
19733|ALLY|27017||5589||21428|519397
19734|ALLY|0|32471|3110||29361|519397
19735|GMAC|19060|0|8797|0|10263|519402
19748|Ally Bank|0|11136|1902|0|9234|519420
19749|LONG-TERM PENSION-OPEIU|54218||54218||0|519422
19750|OPEIU INTERNATIONAL|36000||12000||24000|519422
19751|AUTO LOANS-ALLY|47222||7166|40056|0|519422
19752|AUTO LOANS-ALLY||118616|13335||105281|519422
19753|IB of Electrical Workers Local 8|50017|0|0|0|50017|519430
19754|UA Local 50 Plumbers & Steamfitters|50000|0|0|0|50000|519430
19755|IW of H&F and Asbestos Workers Local 45|20000|0|0|0|20000|519430
19756|NWO Laborers Local 500|1000|0|0|0|1000|519430
19757|Painters & Decorators Local 7|20000|0|0|0|20000|519430
19758|Sheet Metal Workers Local 33|50000|0|0|0|50000|519430
19759|FirstMerit Bank|1138|0|1138|0|0|519437
19760|NONE|0|0|0|0|0|519457
19761|None|0|0|0|0|0|519463
19762|Ford Motor Company|9190|0|5262|0|3928|519468
19763|Ford Motor Company|8750|0|1710|7040|0|519468
19764|Line of Credit - Bank of America|2207370|0|174699||2032671|519496
19766|n/a|0|0|0|0|0|519509
19767|no loans payable|0|0|0|0|0|519515
19768|N/A|0|0|0|0|0|519524
19769|NONE|0|0|0|0|0|519528
19770|Old Second National Bank|1546176||36790||1509386|519540
19771|GMAC|11179|0|4626|0|6553|519543
19772|JP MORGAN CHASE BANK|0|36104|5085|0|31019|519549
19773|CIT Lease Payable|2296|0|1649||647|519552
19774|NONE|0|0|0|0|0|519553
19775|WACHOVIA BANK - LOC|40000|150000|150000||40000|519555
19776|ZERO|0|0|0|0|0|519563
19777|CAPITAL LEASE OBLIGATION|4573||4573|0|0|519580
19778|ALLY CREDIT|59531||18414|0|41117|519586
19779|FORD MOTOR CREDIT|48950||13200|0|35750|519586
19780|UFCW OF AMERICA FCU|67350||14359|0|52991|519586
19781|GMAC Credit|5456|0|5456|0|0|519590
19782|N/A|0|0|0|0|0|519592
19783|FORD CREDIT|0|25000|913|0|24087|519594
19784|United Labor Bank|49519|0|27797|0|21722|519596
19785|N/A|0|0|0|0|0|519607
19787|Bank of America|185941||5915||180026|519623
19788|CREDIT UNION JEEP LIBERTY LOAN|15429|0|6021|0|9408|519627
19789|Teamsters 771 Fed Credit Union|10944|0|4130|0|6814|519636
19790|Teamsters 771 Fed Credit Union|11369|0|4289|0|7080|519636
19791|FORD CREDIT|25799|0|25799|0|0|519634
19793|Southside Bank|19683||3993||15690|519660
19794|ALLY FINANCIAL.|0|82349|2287||80062|519664
19796|Chase Auto Finance|0|27517|27517|0|0|519680
19797|BANK OF AMERICA|14567||14567||0|519688
19798|BANK OF AMERICA|43398||7671||35727|519688
19799|NONE|0|0|0|0|0|519690
19800|Mortgage at BMO Harris|249758|0|9337||240421|519697
19802|FORD CREDIT|0|31033|5550|0|25483|519703
19803|N/A|0|0|0|0|0|519705
19805|BANK OF AMERICA|514265|0|22017|0|492248|519710
19804|ALLY|21856|0|21856|0|0|519709
19806|Ervin Leasing Company|0|13840|2750||11090|519717
19807|GMAC|24149|0|15252|0|8897|519721
19808|GMAC|0|24672|2467|0|22205|519721
19810|Allegheny Valley Bank|0|168013|0|0|168013|519729
19811|Urban Redevelopment Authority of Pittsburgh|0|225000|0|0|225000|519729
19812|FORD MOTOR CREDIT|4833|0|4833|0|0|519734
19813|Ford Credit|18585||7435||11150|519737
19814|Ford Credit|28981||12174||16807|519737
19815|Ford Credit|0|20054|0||20054|519737
19817|Auto Loan - Canandaigua National Bank|0|23599|3421||20178|519748
19818|Ford Credit - Truck Loan|50645|0|8157|0|42488|519757
19819|Ford Credit - Truck Loan|51630|0|7703|0|43927|519757
19820|PNC Bank - Line of Credit|100000|0|0|0|100000|519757
19821|Ford Motor Company Credit|0|101896|11213|0|90683|519758
19822|CITIZENS BANK - AUTO LOAN|9111|0|9111|0|0|519760
19823|CITIZENS BANK - AUTO LOAN|0|58134|58134|0|0|519760
19824|CITIZENS BANK - AUTO LOAN|0|42492|42492|0|0|519760
19825|Ford Motor Credit|39062|0|12713||26349|519777
19826|CHASE|6500|8500|0|0|15000|519791
19827|None|0|0|0|0|0|519820
19828|NA|0|0|0|0|0|519824
19829|FORD MOTOR CREDIT|29537||7636||21901|519828
19830|FORD MOTOR CREDIT|29273||7567||21706|519828
19831|ALLY CREDIT|29743||8112||21631|519828
19832|ALLY CREDIT|29975||8175||21800|519828
19833|ALLY BANK||65178|41710||23468|519830
19834|MN BLDG TRADES FEDERAL CU|3623|0|3623|0|0|519837
19835|FORD MOTOR COMPANY|8000|0|8000|0|0|519837
19836|W KARR|0|875|875|0|0|519849
19841|UNION YES FCU|243329|138987|31976|0|350340|519860
19842|SO CA PIPE TRADES DC 16|193152|0|9538|0|183614|519860
19843|Ford Credit|0|25736|5511||20225|519868
19844|BMO Harris Bank|509870|0|17074|0|492796|519870
19845|Ally Bank|4727||4727||0|519873
19846|Ally Bank|25801||16125||9676|519873
19848|NONE|0|0|0|0|0|519878
19853|First Hawaiian Bank|90327||9831||80496|519894
19854|BAC 7, CO Promissory Note|0|0|0|0|0|519908
19855|US Bank, matures 12/19/2014, interest rate 5.79%|58214|0|18252|0|39962|519908
19860|Employee (Payroll Error)|3|0|0|3|0|519916
19869|NONE|0|0|0|0|0|519960
19874|AUTO - FORD|62871||20758||42113|519969
19875|AUTO - ALLY|45770||9915||35855|519969
19879|NONE|0|0|0|0|0|519987
19880|Ally Inc|11958|0|11958|0|0|519993
19881|Ally Inc|0|14740|1196|0|13544|519993
19882|North Country Federal Credit Union|5535|0|5535|0|0|519996
19887|Ally|0|50968|6796||44172|520002
19888|Ford Motor Credit|14374|0|6216||8158|520002
19889|Ford Motor Credit|28166|0|28166||0|520002
19893|GMAC AUTO NOTES|22560|0|7057|0|15503|520012
19897|None|0|0|0|0|0|520028
19901|Loans Payable-Autos|87695|39339|29683||97351|520042
19902|NONE|0|0|0|0|0|520045
19903|None|0|0|0|0|0|520051
19907|FORD MOTOR CREDIT (3)|37498|0|32952|4546|0|520060
19908|NONE|0|0|0|0|0|520063
19916|ALLY FINANCIAL AUTO LOANS|77873|0|27910||49963|520071
19918|Bldg Loan Wells Fargo Bank|2478842||2478842||0|520075
19919|American National Bank||2465000|220051||2244949|520075
19920|Discovery Federal Credit Union|0|20288|2233|0|18055|520076
19921|FORD MOTOR CREDIT|27290||4544||22746|520077
19922|FORD MOTOR CREDIT||18348|4205||14143|520077
19923|FORD MOTOR CREDIT||24962|3917||21045|520077
19924|AXIS||152447|7280||145167|520077
19928|United Labor Bank|338906|0|338906|0|0|520085
19931|Busey Bank|9000|0|9000||0|520090
19938|GMAC|5186|0|5186|0|0|520103
19939|Chrysler Financial|1292|0|1292|0|0|520103
19940|Chrysler Financial|5048|0|5048|0|0|520103
19941|Ford|18800|0|4743|0|14057|520103
19943|Ford Motor Credit|7315|0|7315|0|0|520109
19944|Ford Moter Credit|16762|0|10587|0|6175|520109
19954|Ford Credit-2010 F-150 Truck|31733|0|7379|0|24354|520129
19955|Ford Credit-2011 Explorer|29362|0|6594|0|22768|520129
19956|Ford Credit-2011 Expedition|40248|0|7391|0|32857|520129
19957|Equipment Leases|200754|0|49209|0|151545|520131
19959|LOCAL 262 HEALTH & WELFARE FUND|33723||10000||23723|520137
19973|SEIU LOCAL 2007|1504576|151494|0||1656070|520163
19974|GEORGE ELKINS MORTGAGE BANKING|3238561||102511||3136050|520163
19978|Ford Motor Credit|17872|0|4278||13594|520180
19986|N/A|0|0|0|0|0|520197
19998|ALLY BANK|25146|0|4672||20474|520233
19999|REGIONS BANK|17803|0|4450||13353|520233
20004|Viriva Credit Union|0|291902|0|0|291902|520240
20005|Sovereign Line of credit|3475101|0|116253|0|3358848|520240
20009|N/A|0|0|0|0|0|520252
20014|M&T Bank Line of Credit|49983|0|49983||0|520258
20015|M&T Bank Auto Loan #59958|12876|0|5704||7172|520258
20016|Ally (GMAC) Loan #45472|10233|0|4242||5991|520258
20017|Ally (GMAC) Loan #47918|10233|0|4242||5991|520258
20018|Ally (GMAC) Loan #86673|10173|0|4491||5682|520258
20019|Ally (GMAC) Loan #87951|10152|0|3868||6284|520258
20020|Ally (GMAC) Loan #24320|13043|0|5048||7995|520258
20021|Ally (GMAC) Loan #22165|13618|0|4961||8657|520258
20025|KEY BANK|0|20500|6692|0|13808|520266
20026|KEY BANK|0|23500|7716|0|15784|520266
20027|DELL FINANCIAL |0|9714|6624|0|3090|520266
20029|2009 CHRYSLER SEBRING|14579|0|14579|0|0|520270
20030|2010 MERCURY MAINER|21742|0|5672|0|16070|520270
20031|2009 JEEP LIBERTY|15037|0|15037|0|0|520270
20032|2009 DODGE CHARGER|11728|0|11728|0|0|520270
20033|2012 FORD EDGE|0|26813|1878|0|24935|520270
20034|2012 DODGE DURANGO|0|30915|1815|0|29100|520270
20035|2012 DODGE DURANGO|0|45626|1964|0|43662|520270
20040|LEAF FINANCIAL|0|5800|5483|0|317|520276
20044|Union Bank and Trust|445972||14779||431193|520279
20045|Union Bank and Trust|46121||16241||29880|520279
20050|Morgan Stanley|0|814388|0|0|814388|520289
20268|Bank of America|160000||160000||0|520589
20270|GMAC|49233|0|49233|0|0|520593
20277|AMALGAMATED BANK|258579||7689||250890|520600
20317|ALPA NATIONAL TO 1625 MASS AVE|167096|1599017|237954|1382027|146132|520666
20318|ALPA NATIONAL TO IPSC|993731|155808|7369|0|1142170|520666
20319|SUNTRUST COMMERCIAL LOAN|1446339|2500000|554711|313|3391315|520666
20320|HomeStreet Bank|161184|0|20514|1689|138880|520670
20332|AMALGAMATED BANK|83036|0|32143|0|50893|520693
20339|None|0|0|0|0|0|520709
20341|SERVICE EMPLOYEES INTERNATIONAL UNION|466592|0|100000|0|366592|520712
20343|None|||||0|520716
20349|Ally Bank-Vehicle|24773|0|5061||19712|520728
20352|NEIGHBORHOOD CREDIT UN|328325||38548||289777|520733
20353|46 ROCKLAND ST BUILDING CORP|80000|0|30000|0|50000|520734
20354|FORD MOTOR CREDIT|6034|0|6034|0|0|520734
20355|FORD MOTOR CREDIT|31170|0|10405|0|20765|520734
20356|FORD MOTOR CREDIT|34849|0|6337|0|28512|520734
20364|PLUMBERS & FITTERS LOCAL 675 FEDERAL CREDIT UNION|0|187184|15179||172005|520753
20388|Ally Bank|13030|0|4580|0|8450|520806
20906|N/A|0|0|0|0|0|522663
20394|CALIFORNIA BANK & TRUST|0|20240|915||19325|520817
20403|Ford Credit|9299|0|9299|0|0|520825
20404|Ford Credit|8218|0|8218|0|0|520825
20418|Jefferson Bank & Trust|19637||5572||14065|520846
20419|Jefferson Bank & Trust||66360|500||65860|520846
20454|0|0|0|0|0|0|520889
20455|Lincoln Automotive Financial Services|0|75113|0|0|75113|520890
20456|Ally|238049|0|63537|0|174512|520890
20457|Ford  Motor Credit Co.|45206|132360|17687|57561|102318|520890
20458|Bank Direct Capital Finance|0|44713|22784|0|21929|520890
20473|SC Federal Credit Union|23583|0|23583||0|520909
20474|SC Federal Credit Union|0|41800|2854|0|38946|520909
20475|SC Federal Credit Union|0|46000|2410|0|43590|520909
20514|FAI Master Card Credit Card|0|3438|1987||1451|520951
20524|HUNTINGTON BANK|19549||3838||15711|520960
20530|n/a|0|0|0|0|0|520967
20564|No loans payable|0|0|0|0|0|521018
20567|N/A|0|0|0|0|0|521022
20609|GMAC|11530|0|9060|0|2470|521077
20610|ALLY|20345||1696|18649|0|521096
20611|Local Union 653|100000||||100000|521122
20612|Local Union 2500|45000||||45000|521122
20613|Local Union 652|200000||||200000|521122
20614|Local Union 292|5000||||5000|521122
20648|NONE|0|0|0|0|0|521163
20654|OFFICE & PROFESSIONAL EMPLOYEES INT'L UNION|179166|0|45833|0|133333|521171
20684|PNC BANK - MORTGAGE|113405||36652||76753|521218
20687|UNITE HERE International Union|489500|0|12000|0|477500|521230
20688|Bank of America|21200|0|3257|3257|14686|521238
20689|Stantander Consumer|4612|4612|3992|3875|1357|521238
20690|Ford Credit|59093|58962|20077|13105|84873|521238
20691|Nissan|45383|18571|6119|13364|44471|521238
20692|Toyota|0|77937|11190|12258|54489|521238
20693|Ally Bank|0|126723|6633|7713|112377|521238
20694|Acura Financial Services|0|11728|7323|0|4405|521238
20702|BB&T BANK (AUTO LOAN)|13325|0|3034|0|10291|521303
20704|Sterling Bank|19140|0|3997||15143|521314
20705|Chse Bank|163674|0|6816|0|156858|521322
20706|Huntington Bank|1247352|0|205248|0|1042104|521327
20707|THOMAS BUILT-UP ROOFING|12351|0|12351||0|521341
20712|Plumbers 55 Federal Credit Union|10799|0|10799|0|0|521364
20713|Plumbers 55 Federal Credit Union|15301||10043|0|5258|521364
20714|Plumbers 55 Federal Credit Union|15858|0|10409|0|5449|521364
20716|Credit Card Debt|1764||1626||138|521370
20717|Mortgage Loan|487823|0|25767|0|462056|521374
20720|FORD MOTOR CREDIT CO.|18812|0|11287|0|7525|521394
20721|FORD CREDIT|5484|0|5484|0|0|521396
20722|FORD CREDIT|13276|0|6084|0|7192|521396
20724|M&T Bank|0|19525|867|0|18658|521408
20725|Lincoln Automotive Financial Services|26724|0|17474|0|9250|521408
20726|Ally|1833|0|1833|0|0|521408
20727|Drywall Tapers Joint Industry Board|0|75000|75000|0|0|521409
20729|Wells Fargo|99511|0|38539|0|60972|521415
20730|FORD MOTOR CREDIT CORP.|0|70000|70000|0|0|521417
20731|GMAC|10278|0|4568|0|5710|521419
20732|GMAC|10766|0|4785|0|5981|521419
20733|GMAC|10766|0|4785|0|5981|521419
20734|GMAC|11327|0|4855|0|6472|521419
20735|SECAP|18094|0|5813|0|12281|521419
20736|N/A|0|0|0|0|0|521423
20737|PSSDC PENSION FUND (WITHDRAWAL LIABILITY)|0|0|0|0|159745|521435
20738|UFCW INTERNATIONAL UNION|0|0|0|0|440935|521435
20739|NATIONAL LABOR RELATIONS BOARD SETTLEMENT|0|0|0|0|60000|521435
20740|ALLY BANK|30029|24766|16027||38768|521438
20741|none|0|0|0|0|0|521450
20742|ALLY - GENERAL MOTORS|14582||5147||9435|521454
20743|0|0|0|0|0|0|521456
20744|ALLY|12108|0|5189|0|6919|521469
20745|ALLY|15460|0|15460|0|0|521469
20746|ALLY|15966|0|15966|0|0|521469
20747|AFSCME LOCAL 189|135000||20000||115000|521488
20748|AFSCME LOCAL 328|150741||31112||119629|521488
20749|Auto loans payable|129060|121544|148584|0|102020|521489
20750|Line of credit|39446|0|39446|0|0|521489
20751|CAPITAL LEASE PAYABLE|1818||30||1788|521491
20752|IMCU 2005 BUICK PARK AVENUE|6775|0|3027||3748|521501
20753|IMCU BLDG LOAN|16790|0|2364||14426|521501
20754|IMCU 2010 LINCOLN MKZ|0|25463|2660||22803|521501
20755|VARIOUS BANK ACCOUNTS|7143733|5993045|5911963|0|7224815|521503
20756|TD FINANCE AND EQUIPMENT|37155|0|37155|0|0|521503
20757|TD FINANCE|466746|0|466746|0|0|521503
20758|FIRST NATIONS BANK|40952|50000|20000||70952|521504
20759|N/A|0|0|0|0|0|521517
20760|N/A|0|0|0|0|0|521517
20761|N/A|0|0|0|0|0|521517
20762|N/A|0|0|0|0|0|521517
20763|N/A|0|0|0|0|0|521517
20764|N/A|0|0|0|0|0|521517
20765|N/A|0|0|0|0|0|521517
20766|N/A|0|0|0|0|0|521517
20767|N/A|0|0|0|0|0|521517
20768|N/A|0|0|0|0|0|521517
20769|FORD CREDIT|29742|7255|36997|0|0|521519
20770|Bancorp South Auto Loan|40386|0|10027|0|30359|521526
20771|BANK OF AMERICA|59642|0|59642|0|0|521536
20772|N/A|0|0|0|0|0|521545
20773|FORD MOTOR CREDIT|166930|53299|55763|0|164466|521548
20774|WEBSTER BANK|0|50000|1442|0|48558|521568
20775|UFCW Strike Fund|155560|0|4501||151059|521597
20776|UNITE HERE International Union|250763|0|12000|0|238763|521617
20777|INTERNATIONAL BROTHERHOOD OF TEAMSTERS|42465|0|16177|26288|0|521632
20778|Choice One Bank|249715|0|34661|0|215054|521633
20780|FIRST BANK & TRUST|3083146|0|270199|0|2812947|521643
20781|FREMONT BANK|1361430|0|127676|0|1233754|521643
20782|HOME STAR BANK|10383|0|6756|0|3627|521645
20784|UAW Local 889|74628|0|20611|0|54017|521663
20785|Chase Bank|507703|0|507703|0|0|521673
20786|FORD CREDIT|0|7499|689||6810|521691
20787|none|0|0|0|0|0|521729
20788|NPWU PROTECH|6100|0|0|0|6100|521739
20789|N/A|0|0|0|0|0|521741
20790|N/A|0|0|0|0|0|521747
20791|NPWU PROTECH|4214|0|0|0|4214|521750
20792|TRUCK DRIVERS, CHAUFFEURS & WSHEMEN|1388694|237561|0|0|1626255|521750
20793|NPWU SEVERANCE FUND|40260|207065|0|0|247325|521750
20794|NPWU INSURANCE FUND|0|57950|0|0|57950|521750
20798|LOCAL 142 FEDERAL CREDIT UNION|0|30635|403|0|30232|521756
20799|LOAN - JOSEPH SENESE|1124|0|0|0|1124|521759
20800|NORTHBROOK LOAN|695760|95919|111504|0|680175|521759
20801|LOAN - LOCAL 707|512233|253159|0|26179|739213|521759
20802|First Citzen Bank|306066|0|31510|0|274556|521764
20803|N/A|0|0|0|0|0|521765
20805|NONE|0|0|0|0|0|521770
20806|Old National Bank - Mortgage|63100|0|24796|0|38304|521785
20808|Line of Credit - Associated Bank|23688|11895|3937|0|31646|521794
20809|METRO BANK|100000||100000||0|521804
20811|GMAC - BUICK LA CROSSE|16033||4632||11401|521810
20812|Bank of American loan payable|0|650000|3608||646392|521821
20813|FNB-OMAHA|32416|0|32416|0|0|521824
20816|SEIU International|0|1000000|1000000|0|0|521842
20817|APWU|0|60000|20000||40000|521843
20818|Bank of America|71831393|3467502|2165231|0|73133664|521871
20819|Atlanta Postal Credit Union|79886|75000|79886||75000|521877
20820|CAPITAL LEASE-IMAGISTICS|3994||3994||0|521880
20821|GMAC|3715|0|3715|0|0|521891
20824|ALLY FINANCIAL (FORMERLY GMAC)|5118|0|4387|0|731|521935
20825|NONE|0|0|0|0|0|521941
20826|FORD CREDIT|24741|0|17464|0|7277|521946
20827|ALLY BANK|0|48379|4032|0|44347|521946
20828|PNC BANK|1855242|0|360459|0|1494783|521946
20829|UNION|199768||40000||159768|521952
20830|UNION YES FCU|17085||3516||13569|521952
20831|SEIU INTERNATIONAL (LABOR ORGANIZATION)|275000|100000|0|0|375000|521968
20832|GENWORTH|1996332|0|98529||1897803|521986
20833|SSB LIEN|3512|0|0|0|3512|521986
20834|LOANS PAYABLE|400|0|0|0|400|521986
20835|N/A|0|0|0|0|0|521989
20836|GCM FEDERAL CREDIT UNION|1325|0|1325|0|0|522016
20837|Ford Motor Credit Company|157291|18250|47419|0|128122|522017
20838|NONE|0|0|0|0|0|522043
20839|XEROX CORP.|987|0|201|0|786|522057
20840|ALLY - 3 AUTO LOANS|62228|0|15965|0|46263|522061
20841|Loan  Payable|14770||14770||0|522064
20842|Mortgage Payable|525012||525012||0|522064
20843|Ford Credit|36318|0|18948|0|17370|522094
20844|N/A|0|0|0|0|0|522127
20845|None|0|0|0|0|0|522136
20846|ALLY|103041|45185|18899|28368|100959|522147
20848|N/A|0|0|0|0|0|522156
20849|Ford Motor Credit|5173|0|5173||0|522163
20850|NA|0|0|0|0|0|522173
20851|N/A|0|0|0|0|0|522183
20852|Credit Cards Payable|13470|14178|10000||17648|522189
20853|Line of Credit|20428||||20428|522189
20854|N/A|0|0|0|0|0|522198
20855|N/A|0|0|0|0|0|522198
20856|N/A|0|0|0|0|0|522198
20857|N/A|0|0|0|0|0|522198
20858|N/A|0|0|0|0|0|522198
20859|N/A|0|0|0|0|0|522198
20860|N/A|0|0|0|0|0|522198
20861|N/A|0|0|0|0|0|522198
20862|N/A|0|0|0|0|0|522198
20863|N/A|0|0|0|0|0|522198
20864|Ford Motor Credit|174799|68842|113833|0|129808|522210
20865|Bank of Utica|102249|53005|62890|0|92364|522210
20866|Ally|15226|84447|23766|0|75907|522210
20867|TWU INTERNATIONAL|20000|0|0|0|20000|522212
20869|Dell Business Credit|0|41115|9467||31648|522225
20870|Members|33580|0|0|0|33580|522228
20871|Musicians Services|27200|10000|0|0|37200|522228
20872|Building Corporation|326713|9686|5000|0|331399|522228
20873|Workers United|18000||5000|13000|0|522241
20874| None|0|0|0|0|0|522257
20875| Amalgamated - Sacramento |1102475||20017||1082458|522268
20876| Amalgamated - San Jose |552052||9955||542097|522268
20877| SEIU International|1246573||1246573||0|522268
20878|LOAN LEASE AUTOMOBILE|27906|0|8687|0|19217|522269
20879|ALLY BANK|35333|0|9538|0|25795|522271
20880|ALLY BANK|31066|0|8688|0|22378|522271
20881|SERVICE EMPLOYEES INTERNATIONAL UNION|2950000|0|175000|0|2775000|522271
20882|N/A|0|0|0|0|0|522298
20883|Labor organizations|2000000|2300000|0|0|4300000|522301
20884|NONE|0|0|0|0|0|522304
20885|0|0|0|0|0|0|522326
20886|N/A|0|0|0|0|0|522394
20887|WELLS FARGO BANK NA|17478714|0|3615000||13863714|522454
20888|Automobiles - Enterprise Fleet Mgt|0|93678|16969||76709|522460
20889|GMAC|10854||2839||8015|522492
20890|CITY NATIONAL BANK|0|2830555|129905|0|2700650|522537
20891|NONE|0|0|0|0|0|522549
20892|Ally Bank|2428|0|2428|0|0|522551
20893|Ally Bank|11364|0|6051|0|5313|522551
20894|Ford Motor Credit|8606|0|8606|0|0|522551
20895|Ford Motor Credit|15017|0|3304|0|11713|522551
20896|Ally Bank|18112|0|5829|0|12283|522551
20897|UFCW International|147000|0|60000|0|87000|522551
20898|Ford Motor Credit|0|17860|1546|0|16314|522551
20899|Ally Bank|0|20023|1045|0|18978|522551
20900|NONE|0|0|0|0|0|522560
20901|FORD MOTOR COMPANY|33719||14182||19537|522575
20902|PNC Bank|105800|0|50400|0|55400|522577
20903|NONE|0|0|0|0|0|522593
20904|NONE|0|0|0|0|0|522622
20907|NONE|0|0|0|0|0|522666
20908|ALLY FINANCING AUTOMOTIVE|26592|0|26592|0|0|522667
20909|ALLY|41840|55788|20250||77378|522684
20910|Ally|6632|0|5682|0|950|522702
20911|First National Community Bank|5774|0|5774|0|0|522702
20912|Ford Credit|7968|0|3825|0|4143|522702
20913|Ally|0|13639|3284|0|10355|522702
20915|NONE|0|0|0|0|0|522836
20916|NONE|0|0|0|0|0|522884
20917|NONE|0|0|0|0|0|522939
20918|Chase Bank|5966|0|5966|0|0|522947
20919|NONE|0|0|0|0|0|523111
20920|NONE|0|0|0|0|0|523169
20921|NONE|0|0|0|0|0|523173
20922|West Breck Corporation|480|0|480|0|0|523175
20923|NONE|0|0|0|0|0|523188
20924|NONE|0|0|0|0|0|523250
20925|Auto loans payable|84519|20138|26614|0|78043|523283
20926|NONE|0|0|0|0|0|523379
20927|NONE|0|0|0|0|0|523441
20928|NONE|0|0|0|0|0|523494
20929|DELAGE LANDEN|7615|0|1381|0|6234|523508
20930|DARRELL & ANNA FISHER|23902|0|9861|0|14041|523508
20931|NONE|0|0|0|0|0|523509
20932|Morgan Stanley|270782|100000|299953|0|70829|523516
20934|NONE|0|0|0|0|0|523596
20935|NONE|0|0|0|0|0|523604
20936|Bank of America LOC|200000|0|0|0|200000|523613
20937|NONE|0|0|0|0|0|523895
20938|USW DIST 7 STRIKE FUND|49996|0|0|0|49996|524017
20939|ALLY|14192|0|8000|0|6192|524021
20940|Ford Motor Credit|25979|0|8074|0|17905|524053
20941|Ally|0|32906|5068|0|27838|524053
20942|NONE|0|0|0|0|0|524265
20943|NONE|0|0|0|0|0|524331
20944|Vacation Fund|40063|52216|40063|0|52216|524361
20945|Line of credit|0|70000|0|0|70000|524374
20946|TOLEDO PORT AUTHORITY|0|459491|10805|0|448686|524398
20947|AMALGAMATED BANK|9012873||3157074||5855799|524413
20948|NONE|0|0|0|0|0|524417
20949|N/A|0|0|0|0|0|524494
20950|Louis Pernice|20000|20000|20000|0|20000|524665
20951|NONE|0|0|0|0|0|524787
20952|NONE|0|0|0|0|0|524846
20953|Vehicle loan|0|21063|1887||19176|524991
20954|NONE|0|0|0|0|0|524992
20955|NONE|0|0|0|0|0|525351
20956|Promissory Note, 7% due 4/5/2014|54000|0|12000|0|42000|525573
20957|SMALL BUS. ADMIN.|37424|0|37424|0|0|525604
20958|TOYOTA |5949|0|5949||0|525692
20959|Xerox Corporation|70371|0|42223|0|28148|525855
20960|NONE|0|0|0|0|0|526065
20962|KEYBANK NATIONAL ASSOC|29130||15550||13580|526584
20963|UA DISTRICT COUNCIL 16|0|300000|9125|0|290875|526710
20964|Ford Credit (Edge)|11961|0|11961|0|0|526715
20965|Ford Credit (Explorer 10-1)|33447|0|12506|0|20941|526715
20966|Ford Credit (Explorer 10-2)|34509|0|12507|0|22002|526715
20967|Ford Credit (F-150)|0|51006|12639|0|38367|526715
20968|N/A|0|0|0|0|0|526793
20969|Workers Local 34 Bldg Corp|30490||30490||0|526884
20970|Ally Bank|25619|0|4086|0|21533|526897
20971|Copier Loan|0|5954|1789||4165|526926
20972|NONE|0|0|0|0|0|526928
20975|REGIONS BANK |42000|15000|31000||26000|526992
20976|1st Community Credit Union|155226|0|2260|0|152966|527200
20979|John Nolen Dr. LLC|111591|0|15000|0|96591|527290
20982|NONE|0|0|0|0|0|527390
20983|None|0|0|0|0|0|527453
20985|none|||||0|527504
20986|NOT APPLICABLE|0|0|0|0|0|527523
20987|None|0|0|0|0|0|527545
20990|Commerce Bank|0|21083|620||20463|527993
20991|National Office (including interest)|220234||48000||172234|528003
20993|NONE|0|0|0|0|0|528149
20997|AUTO LOAN|16473||2700||13773|528386
20998|AUTO LOAC|16670||2732||13938|528386
20999|NONE|0|0|0|0|0|528477
21000|none|0|0|0|0|0|528585
21001|PNC Bank|283938||283938||0|528713
21002|TD Bank||285000|4744||280256|528713
21003|TD Bank||220000|||220000|528713
21004|None|0|0|0|0|0|528958
21005|LAKE TRUST CREDIT UNION|729001|0|22008||706993|528963
21008|P&S Local #83 Credit Union|0|30000|1113||28887|529070
21010|TWU OF AMERICA|0|20000|1437|0|18563|529131
21011|USW International Loan|16667|0|16667|0|0|529149
21012|BCB Mortgage|0|50000|0|0|50000|529149
21013|N/A|0|0|0|0|0|529170
21018|OPEIU International Union|0|24000|0|0|24000|529512
21023|0|0|0|0|0|0|529550
21024|0|0|0|0|0|0|529550
21025|0|0|0|0|0|0|529550
21026|0|0|0|0|0|0|529550
21027|0|0|0|0|0|0|529550
21028|0|0|0|0|0|0|529550
21029|0|0|0|0|0|0|529550
21030|0|0|0|0|0|0|529550
21031|0|0|0|0|0|0|529550
21032|0|0|0|0|0|0|529550
21033|None|0|0|0|0|0|529658
21036|VEHICLE LOANS|10011|49382|36524||22869|529773
21042|Sheet Metal Workers Local #80|1432921|0|9222||1423699|530002
21043|Sheet Metal Workers Local #80|639100|0|62179||576921|530002
21045|N/A|0|0|0|0|0|530020
21046|NONE|0|0|0|0|0|530032
21051|None|0|0|0|0|0|530214
21052|NONE|0|0|0|0|0|530218
21053|Ford Motor Credit Corp|19841||6423||13418|530224
21054|Ford Motor Credit Corp|10457||10457||0|530224
21055|Ford Motor Credit Corp|40329||9131||31198|530224
21056|NONE|0|0|0|0|0|530241
21065|None|0|0|0|0|0|530439
21068|UNION YES FEDERAL CREDIT UNION|343333|0|343333|0|0|531472
21071|NONE|0|0|0|0|0|531549
21087|Local #410|60000||||60000|532353
21088|Local #407|8000||||8000|532353
21089|ONLIC Notes Payable|2865770||118023||2747747|532353
21093|HERGET BANK|16560|36846|23879|0|29527|532422
21103|Health Alliance FCU|15311|0|5319|0|9992|532546
21105|Workers United|335000|0|0|0|335000|532612
21106|SEIU|150000|0|0|0|150000|532612
21110|NONE|0|0|0|0|0|532667
21111|M&T Bank|41973|0|41973|0|0|532668
21112|NONE|0|0|0|0|0|532758
21117|Employer Participant|0|4000|1000||3000|532901
21119|None|0|0|0|0|0|532930
21120|United Labor Bank|105250||105250||0|533048
21126|2011 Jeep|2427|0|2427|0|0|533419
21149|Capital lease|77088||||77088|533537
21150|AFSCME International|0|200000|||200000|533537
21151|Council 79 - Bldg Corp|107623|5506|||113129|533537
21152|Due to Council 79 - Bldg Corp|24140||||24140|533537
21153|Ricardo Silva and Associates|14269||||14269|533565
21154|Ricardo Silva and Associates|2293|15040|||15040|533565
21167|N/A|0|0|0|0|0|534013
21225|N/A|0|0|0|0|0|534851
21377|Ford Credit|1004|0|1004||0|535586
21473|None|0|0|0|0|0|536415
21509|LOCAL 124 WELFARE FUND|31374|147968|37628||141714|537092
21510|LOCAL 124 JOINT INDUSTRY FUND|0|1689|||1689|537092
21513|Ford Motor Credit|3753|66930|13808||56875|537211
21514|N/A|0|0|0|0|0|537237
21542|Citi Bank|704829||181044||523785|538274
21589|Building Loan United Labor Bank|434215|0|20890|0|413325|538596
21621|GMAC|50774|0|12694|0|38080|540309
21622|GMAC|42538|0|9816|0|32722|540309
21623|M&T BANK|0|71559|7951|0|63608|540309
21653|GMAC|41201|0|9694|0|31507|541685
21738|Culinary Union, Local 226|0|89880|4672||85208|543512
21739|Cape Bank|45789|50000|39865||55924|543512
21740|Cap Lease, servers|4299|0|3637||662|543512
21741|Ford Freestar van|388|0|388||0|543512
21742|Dodge Caravan|19851|0|19851||0|543512
21743|Chevy Aveo|11164|0|2511||8653|543512
21744|2012 Chryster Van||28809|3068||25741|543512
21745|2009 GMC Sierra truck||29888|3079||26809|543512
21762|NONE|0|0|0|0|0|543872
21821|NONE|0|0|0|0|0|544582
22076|SEIU|20129595|375000|0|0|20504595|547356
22077|Amalgamated National Health Fund|223787|0|223787|0|0|547356
22255|Ralph E. Mullins (Petty Cash)|4|0|4|0|0|548523
22411|BLE-T National Division|10000|||10000|0|549226
22706|Auto Loans|0|8953|4711|0|4242|552038
22788|Building Loans|116779|0|0|0|116779|556493
22822|NONE|0|0|0|0|0|557221
22834|AFSCME|200000|0|0|0|200000|557407
22868|Ford Motor Credit|8644||5828||2816|559539
22908|NONE|0|0|0|0|0|560722
23242|AUTO|0|0|0|0|11130|563479
23243|MORTGAGE AND AUTO PAYMENTS|88683||32288|10950|45445|563479
24139|OPEIU INTERNATIONAL|10000||10000||0|585007
24325|AFGE Council 57|0|5400|2700|0|2700|586366
24343|AMALGAMATED BANK|21172|0|21172|0|0|586457
24543|Bonney, Allenburg & O'Reilly|24654||6000||18654|590315
24547|Suntrust Bank - Line of Credit|0|88378645|87461995||916650|590755
24584|Obtained from Local 385 - Chase Auto Finance|0|10882|10882|0|0|591290
24596|Wachovia|588343|0|588343|0|0|591569
24597|Ally Bank|123163|47735|40598||130300|591570
24617|Ameriserv Financial Bank|258938|0|10294|0|248644|592336
24621|Fifth Third Bank|549234|0|18911|0|530323|592594
24646|NONE|0|0|0|0|0|593389
24672|IAFF|38888|0|13889|0|24999|595218
25036|0|0|0|0|0|0|599815
25178|NATIONAL POSTAL MAIL HANDLERS UNION|115571|0|0|4576|110995|604596
27147|JOINT COUNCIL NO. 41|2100||||0|616508
27212|Teamsters Canada Rail Conference|753918|0|20361|0|733557|620432
27213|Key Bank Loan|533332|0|80001|0|453331|620432
27295|Capital Lease - Office Equipment|5186||1030||4156|625277
27304|FORD MOTOR COMPANY|23358||18602||4756|625504
27684|MEMBERS FIRST CREDIT UNION|498|0|498|0|0|628893
27685|MEMBERS FIRST CREDIT UNION|555|0|555|0|0|628893
27686|MEMBERS FIRST CREDIT UNION|1007|0|1007|0|0|628893
27687|MEMBERS FIRST CREDIT UNION|8429|0|8429|0|0|628893
27688|MEMBERS FIRST CREDIT UNION|1168|0|1168|0|0|628893
27689|MEMBERS FIRST CREDIT UNION|12552|0|12552|0|0|628893
27690|MEMBERS FIRST CREDIT UNION|12552|0|12552|0|0|628893
27691|MEMBERS FIRST CREDIT UNION|15155|0|15155|0|0|628893
27692|MEMBERS FIRST CREDIT UNION|0|19239|2937|0|16302|628893
27693|MEMBERS FIRST CREDIT UNION |0|21000|8904|0|12096|628893
27694|MEMBERS FIRST CREDIT UNION|0|21000|1608|0|19392|628893
27695|MEMBERS FIRST CREDIT UNION|0|21000|1615|0|19385|628893
