OID|SOURCE|LOANS_OWED_START|LOANS_OBTAINED|CASH_REPAYMENT|NON_CASH_REPAYMENT|LOANS_OWED_END|RPT_ID
11224|COMMERCE BANK LINE OF CREDIT|850000|450000|0|0|1300000|403192
11371|UNCLAIMED VACATION FUND CHECKS|8446|47|0|0|8493|404014
11372|NET CONTRACTOR OVERPAYMENTS|0|391|0|0|391|404014
11373|GMC Credit|38375|0|38375|0|0|404015
11374|BANCO POPULAR DE PR|1164115|0|27015|0|1137100|404020
11375|COOP DE A&C BO QUEBRADA|64910|0|2257|0|62653|404020
11376|DUE TO GMAC CREDIT|19396|0|7140|0|12256|404024
11538|FORD CREDIT|11519|0|4079|7440|0|405551
11381|None|0|0|0|0|0|404062
11539|CHASE AUTO FINANCIAL|14942|0|2473|12469|0|405551
11540|RHINEBECK SAVINGS BANK|0|16811|0|0|16811|405551
11384|BK OF AMERICA CREDIT UNION|11214|4290|0|0|15504|404109
11385|CHILD AND ELDER CARE|34666|0|0|0|34666|404109
11386|BENEFITS ADMIN PROGRAM|4500|0|0|0|4500|404109
10767|NONE|0|0|0|0|0|392062
10787|NONE|0|0|0|0|0|392276
10788|SERVICE EMPLOYEES INTERNATIONAL UNION|152500|0|0|152500|0|392559
10802|Avaya Phone|24000|0|10365|0|13635|392748
10803|Copier|9552|0|7697|0|1855|392748
10814|PNC Bank - Line of Credit|50517|250|168|0|50599|393224
10815|N.E. District Council H&W Fund|43500|0|0|0|43500|393224
10816|UFCW International Union|0|119221|19000|0|100221|393224
10817|CENTRAL TRADES LABOR COUNCIL|262|0|0|0|262|393254
10894|CITIZENS BANK|4890|0|4890|0|0|396847
10895|CHRYSLER-2006 TOWN & COUNTRY|12091|0|4274|0|7817|396857
10896|CITIZENS - 2007 CHEVY IMPALA|12841|0|2655|0|10186|396857
10897|BK OF AMERICA-2005 CARAVAN|10076|0|3797|0|6279|396857
10898|FORD CREDIT - 2007 EXPLORER|24888|0|6637|0|18251|396857
10907|SUN TRUST BANK|70572|0|70572|0|0|396886
10908|FIRST CITIZENS BANK|45222|0|45222|0|0|396886
10909|ELECTRICAL FEDERAL CR UNION|125816|0|29438|0|96378|397967
10911|NONE|0|0|0|0|0|397988
10912|COMERICA LOCKWOOD|717236|0|717236|0|0|399114
10913|US Bank|13606|0|2941|0|10665|399130
10918|US BANK|25000|0|0|0|25000|399189
10919|US BANK|7667|4833|0|0|12500|399189
10935|HERGET BANK|123175|0|33391|0|89784|400066
10936|GMAC-2005 BUICK LESABRE|12620|0|3917|0|8703|400067
10937|IMCU - 2005 BUICK PARK AVE|0|14500|437|0|14063|400067
10938|INDIANA MEMBERS CU|24538|0|2006|0|22532|400067
10946|WACHOVIA BANK - BLDG|324739|0|324739|0|0|400359
10947|POWERNET BANK - AUTO|29927|0|6512|0|23415|400359
10949|VEHICLE LOANS|44056|0|18639|0|25417|400419
10953|LABOR MGMT COOP TRUST|7391|0|0|0|7391|400560
10958|UA Loan|42150|0|3600|0|38550|400848
10959|Building Mortgage|932851|0|50070|0|882781|400848
10974|NONE|0|0|0|0|0|400885
10987|Desert Community Bank-2009 Malibu|0|23096|13627|0|9469|401044
10988|Power Net Credit Union|57392|71237|20731|0|107898|401070
10989|Credential Leasing Corp|9102|0|3420|0|5682|401070
10990|BSFS Equipment Leasing|15544|0|6763|0|8781|401070
11019|FORD MOTOR CREDIT CORP.|34797|0|9143|0|25654|401182
11023|NONE|0|0|0|0|0|401190
11025|NONE|0|0|0|0|0|401365
11026|NO.CA. CARPENTERS REGION|2886629|0|45198|0|2841431|401418
11027|None|0|0|0|0|0|401427
11028|FORD CREDIT|0|131676|131676|0|0|401430
11031|Loan Payable Chrysler Financial|15853|0|15853|0|0|401454
11035|None|0|0|0|0|0|401580
11036|AVAYA FINANCIAL SERVICES|187|0|187|0|0|401618
11037|XEROX LEASE|189853|0|189853|0|0|401633
11038|WEST COAST BANK|495077|0|53279|0|441798|401647
11039|Reiable Financial Corp.|7544|0|7544|0|0|401657
11040|Ford Motor Credit Co.|8932|0|5167|0|3765|401657
11041|Reliable Financial Corp.|20303|0|7367|0|12936|401657
11042|NONE|0|0|0|0|0|401671
11043|SunTrust Loans|44041656|13965000|13878004|0|44128652|401678
11044|FIFTH THIRD BANK|92500|0|5500|0|87000|401679
11045|SERVICE EMPLOYEES' INTERNATIONAL UNION|7866|0|7866|0|0|401680
11046|NONE|0|0|0|0|0|401681
11047|None|0|0|0|0|0|401706
11049|None|0|0|0|0|0|401735
11050|HUNTINGTON NATIONAL BANK|11412|0|4041|0|7371|401737
11051|HUNTINGTON NATIONAL BANK|11622|0|4062|0|7560|401737
11052|KEY BANK|97894|0|28441|0|69453|401737
11058|Prod Svce & Sales Dist. Cncl.|1500|0|1500|0|0|401818
11061|NONE|0|0|0|0|0|402022
11062|MORTGAGE LOAN|57171|0|57171|0|0|402046
11063|PNC BANK, NA|244154|0|244154|0|0|402049
11064|None - Not Applicable|0|0|0|0|0|402051
11065|KEY BANK - 4901 MAYFLOWER|213185|0|213111|0|74|402053
11066|Pacific NWIW Federal Credit Union|14722|0|14722|0|0|402054
11067|POPULAR AUTO|11090|0|11090|0|0|402082
11068|COOP A/C CASA DEL TRABAJADOR|28955|8000|8658|0|28297|402082
11069|COOP A/C CASA DEL TRABAJADOR|0|5000|2407|0|2593|402082
11070|DE LAGE FINANCIAL|13179|0|5102|0|8077|402082
11071|VEGA COOP - MORTGAGE|610601|0|1330|0|609271|402082
11072|None|0|0|0|0|0|402244
11073|N/A|0|0|0|0|0|402245
11074|N/A|0|0|0|0|0|402252
11075|ALTON ROUTE CREDIT UNION|14086|0|5474|0|8612|402263
11076|ALTON ROUTE CREDIT UNION|16533|0|4099|0|12434|402263
11077|ALTON ROUTE CREDIT UNION|20078|0|4224|0|15854|402263
11078|NONE|0|0|0|0|0|402267
11079|NONE|0|0|0|0|0|402325
11080|XEROX CORP|2414|4078|1911|0|4581|402345
11081|BANTERRA BANK|0|18000|5019|0|12981|402345
11096|BANK OF AMERICA|10718|0|2723|0|7995|402383
11097|IBEW FCU|16846|0|4196|0|12650|402383
11100|TEXAS GULF BANK|0|115000|3456|0|111544|402414
11101|Automobile|38926|0|19558|0|19368|402434
11102|NONE|0|0|0|0|0|402581
11103|CHRYSLER FINANCIAL|0|36700|3012|0|33688|402592
11104|Colorado Springs National Bank|28891|0|28891|0|0|402599
11105|One Thirteen Credit Union|0|160000|26368|0|133632|402599
11106|PNC BANK LOAN|0|740000|3514|0|736486|402603
11107|GMAC|11455|0|11455|0|0|402625
11108|NONE|0|0|0|0|0|402627
11110|NONE|0|0|0|0|0|402663
11111|NONE|0|0|0|0|0|402665
11112|RBC Bank|23147|0|6388|0|16759|402672
11113|Ford Credit|21572|0|7435|0|14137|402672
11114|HUNTINGTON BANK|112280|0|19435|0|92845|402686
11115|FORD MOTOR CREDIT-FUSION|7798|0|6684|0|1114|402686
11116|NONE|0|0|0|0|0|402691
11117|Boilermaker Bank & Trust Co.|97200|0|20200|0|77000|402702
11118|NONE|0|0|0|0|0|402705
11119|Automobile Loan|3004|0|3004|0|0|402722
11120|Suntrust Bank|64894|0|15024|0|49870|402723
11122|Ikon|5696|0|4900|0|796|402727
11123|Great American Leasing|2996|0|2172|0|824|402727
11124|NO. CA CARPENTERS REGIONAL COUNCIL|1345540|1350000|12997|0|2682543|402731
11125|KEY CORPORATE CAPITAL, INC.|3720|0|1212|0|2508|402762
11126|NYC DISTRICT COUNCIL|10000|0|0|10000|0|402767
11127|IBEW LU 278 FCU B|3613|0|3613|0|0|402769
11128|IBEW LU 278 FCU  C|5946|0|5946|0|0|402769
11129|IBEW LU 278 FCU I|0|10611|4449|0|6162|402769
11130|IBEW LU 278 FCU J|0|4554|385|0|4169|402769
11131|IBEW LU 278 FCU H|0|3175|3175|0|0|402769
11132|Ford Motor Credit|61401|47198|67505|0|41094|402781
11133|NONE|0|0|0|0|0|402799
11134|Local #340 Impact Fund|2715|0|2715|0|0|402802
11135|CSEA, Retirees Council|58395|0|20077|0|38318|402807
11136|NONE|0|0|0|0|0|402812
11137|NONE|0|0|0|0|0|402840
11138|NONE|0|0|0|0|0|402844
11139|NOTE FROM NCCRC|2003048|0|38331|0|1964717|402862
11140|Daimler Chrysler Truck Financial|43618|0|11137|0|32481|402879
11141|S&T Bank Line of Credit|8134|7627|13042|0|2719|402880
11142|Wachovia Margin Account|73349|0|68326|0|5023|402880
11143|GMAC Financing|89001|0|20396|0|68605|402880
11144|NONE|0|0|0|0|0|402958
11146|CARPENTERS DISTRICT COUNCIL|589794|0|36295|0|553499|402967
11147|Xerox and other leases|9490|0|9490|0|0|402968
11148|Lessor-Pitney Bowes|31183|0|18543|0|12640|402968
11149|Lessor-Wells Fargo|339688|0|111355|0|228333|402968
11150|Lessor-Xerox|2384|0|1051|0|1333|402968
11151|Lessor-Xerox|49222|0|20826|0|28396|402968
11152|Lessor-Xerox|23520|0|9951|0|13569|402968
11153|Lessor-Xerox|5886|0|2490|0|3396|402968
11154|Lessor-Wells Fargo|272184|0|43433|228751|0|402968
11155|Lessor-Wells Fargo|77939|0|43383|0|34556|402968
11156|Lessor-Xerox|19895|0|5847|0|14048|402968
11157|Lessor-Xerox|28237|0|7180|0|21057|402968
11158|Lessor-Xerox|6333|0|3902|0|2431|402968
11159|Lessor-Pitney Bowes|2810|0|1566|0|1244|402968
11160|Lessor-Wells Fargo|20639|0|10400|0|10239|402968
11161|Lessor-Wells Fargo|0|619062|72815|0|546247|402968
11162|NOT APPLICABLE|0|0|0|0|0|402973
11163|None|0|0|0|0|0|403008
11165|NONE|0|0|0|0|0|403012
11167|GMAC|0|18142|907|0|17235|403023
11168|CREDIT CARDS|10179|5617|10179|0|5617|403026
11169|UA Local 355|14044|0|14044|0|0|403037
11170|BANK OF AMERICA|1114893|0|84015|0|1030878|403066
11171|MILESTONE ASSOC|59828|0|14408|0|45420|403066
11172|None|0|0|0|0|0|403067
11173|AFT LOAN (7/07)|32425|0|15564|0|16861|403071
11174|SHEET METAL CREDIT UNION|0|54833|54833|0|0|403073
11175|SHEET METAL CREDIT UNION|20158|0|20158|0|0|403073
11176|Vacation Loan Payable|123660|0|15505|0|108155|403084
11177|NONE|0|0|0|0|0|403089
11178|NONE|0|0|0|0|0|403090
11179|NONE|0|0|0|0|0|403091
11180|IUOE_Strike Fund|3419460|2681454|80785|6020129|0|403092
11181|GMAC|31471|0|0|31471|0|403094
11182|N. E. Regional Council of Carpenters|31807|0|31807|0|0|403098
11183|NONE|0|0|0|0|0|403099
11184|COMMUNITY BANK|109729|0|8370|0|101359|403100
11185|Ford Motor Credit|18425|0|18425|0|0|403104
11186|General Motors Acceptance Corp|0|43512|0|0|43512|403104
11187|NONE|0|0|0|0|0|403106
11188|CHRYSLER FINANCIAL|79484|17461|24605|0|72340|403107
11189|CITI FINANCIAL|0|31905|706|0|31199|403107
11190|NJ State Fraternal Order of Police|278400|2525|13000|0|267925|403110
11191|Vehicle Loan|13750|0|7305|0|6445|403124
11192|None|0|0|0|0|0|403127
11193|NONE|0|0|0|0|0|403134
11194|NONE|0|0|0|0|0|403136
11195|M&T BANK|0|26624|4868|0|21756|403137
11196|GMAC|0|32295|5844|0|26451|403137
11197|GMAC|0|26549|4786|0|21763|403137
11198|FORD MOTOR CREDIT|2767|0|2767|0|0|403137
11199|NONE|0|0|0|0|0|403139
11202|NONE|0|0|0|0|0|403145
11204|PowerNet Credit Union|13350|0|13350|0|0|403149
11205|Intertel|16099|0|8005|0|8094|403150
11206|NONE|0|0|0|0|0|403151
11209|NONE|0|0|0|0|0|403156
11211|Xerox Capital Services, LLC|11437|0|5057|0|6380|403159
11212|NONE|0|0|0|0|0|403161
11213|NONE|0|0|0|0|0|403163
11214|FIFTH THIRD BANK AUTO LOAN|29745|0|7171|0|22574|403164
11215|NONE|0|0|0|0|0|403167
11216|NONE|0|0|0|0|0|403168
11218|NONE|0|0|0|0|0|403174
11219|Brotherhood Bank|533426|0|21177|0|512249|403175
11220|None|0|0|0|0|0|403186
11221|NONE|0|0|0|0|0|403188
11222|UNITED LEASING ASSOCIATES|0|11523|777|0|10746|403189
11223|NONE|0|0|0|0|0|403191
11658|GMAC|26125|0|4765|0|21360|407793
11225|WILMNGTON TRUST COMPANY|587488|0|0|0|587488|403193
11226|FIRST BANK OF DELAWARE|5487112|0|87020|0|5400092|403193
11227|FIRST BANK OF DELAWARE|788107|11593|9384|0|790316|403193
11228|SECURITY INSTRUMENT CORP|8000|0|8000|0|0|403193
11229|SINGER EQUIPMENT COMPANY|43595|0|43595|0|0|403193
11230|CONSTRUCTION LOAN|775057|0|775057|0|0|403193
11231|PREFERRED ELECTRIC|0|57700|0|0|57700|403193
11232|ATLANTIC STEEL|0|30000|23295|0|6705|403193
11233|FIRST BANK OF DELAWARE|0|400000|55437|0|344563|403193
11234|FIRST BANK OF DELAWARE|0|424445|0|0|424445|403193
11235|NONE|0|0|0|0|0|403194
11236|NONE|0|0|0|0|0|403198
11237|NONE|0|0|0|0|0|403206
11241|XEROX CORPORATION|10299|0|1168|0|9131|403208
11662|GMAC|25743|0|1331|0|24412|408025
11243|L&N Federal Credit Union|0|49943|8766|0|41177|403214
11244|NONE|0|0|0|0|0|403218
11245|EDWARD JONES|0|150000|7644|0|142356|403227
11255|None|0|0|0|0|0|403244
11256|GMAC|4486|0|3147|0|1339|403249
11257|NONE|0|0|0|0|0|403255
11266|TRUCK NOTE-CHASE BANK|15994|0|3286|0|12708|403273
11268|None|0|0|0|0|0|403284
11269|None|0|0|0|0|0|403287
11270|BANK OF HAWAII MORTGAGE|0|1850000|0|0|1850000|403288
11271|Bank of Nashville|14005|0|9935|0|4070|403292
11272|Regions|29084|44000|0|0|73084|403292
11273|Regions|840104|0|27242|0|812862|403292
11274|Regions|243810|0|98608|0|145202|403292
11275|F&M Bank|230038|0|230038|0|0|403292
11276|F&M Bank|0|249866|0|0|249866|403292
11277|CONSTRUCTION LOAN PAYABLE|300000|0|300000|0|0|403297
11278|MORTGAGE NOTE PAYABLE|0|521043|14200|0|506843|403297
11279|Riverside Bank|16334|0|16334|0|0|403303
11280|IRONWORKERS DISTRICT COUNCIL 16|0|25000|2911|0|22089|403305
11281|United  Labor Bank|0|8548|859|0|7689|403307
11282|NONE|0|0|0|0|0|403308
11283|Bank of America Line of Credit|84000|0|59000|0|25000|403311
11284|Alliance Bank|0|15200|1962|0|13238|403311
11285|NONE|0|0|0|0|0|403312
11286|Automobile Loans|12665|0|10046|0|2619|403317
11287|NONE|0|0|0|0|0|403345
11288|Brien Motors|59571|0|12318|0|47253|403346
11289|NONE|0|0|0|0|0|403356
11290|CWA Loan I|620082|0|81715|0|538367|403357
11291|CWA Loan II|896558|0|47746|0|848812|403357
11292|Loy Zimmerman|0|1158|1158|0|0|403357
11293|NONE|0|0|0|0|0|403358
11297|UNITED LABOR BANK NOTE|184168|0|1391|0|182777|403385
11298|UNITED LABOR CREDIT CARD|8118|9932|9500|0|8550|403385
11299|MORTGAGE ON BUILDING|259213|0|9836|0|249377|403401
11300|M&T Bank|735705|0|243704|0|492001|403412
11301|Line of Credit|265000|1185000|1450000|0|0|403428
11302|Long Term Debt|97940|0|97940|0|0|403428
11303|NONE|0|0|0|0|0|403469
11304|U.S. EXPRESS LEASING|57657|0|6961|50696|0|403474
11305|FORD MOTOR CREDIT|12752|0|12752|0|0|403573
11306|NONE|0|0|0|0|0|403582
11307|Lori Hatfield - Expenses|2248|2997|3270|0|1975|403585
11308|None|0|0|0|0|0|403587
11309|Commerce Bank Line of Credit|32947|0|32947|0|0|403606
11310|None|0|0|0|0|0|403607
11311|AMALGAMATED BANK|6386868|2855446|0|0|9242314|403609
11313|THE BRYN MAWR TRUST CO|780000|0|260000|0|520000|403613
11314|HEALTH & WELFARE FUND|0|579090|0|0|579090|403613
11315|Powernet Credit Union|32068|0|11740|0|20328|403615
11316|Chrysler Credit|21349|0|7020|0|14329|403618
11317|GMAC Financing|23465|0|6795|0|16670|403618
11318|UNION SAVINGS BANK|11012|0|11012|0|0|403622
11319|None|0|0|0|0|0|403633
11322|FIRST TRADE UNION BANK|149289|0|14714|0|134575|403673
11323|CAPITAL LEASE PAYABLE|12525|0|3934|0|8591|403673
11324|NO CALIFORNIA CARPENTERS REGIONAL COUNCIL|280278|0|49295|0|230983|403679
11325|First National Bank|247199|0|10337|0|236862|403690
11326|INTERNATIONAL|3240000|0|1080000|0|2160000|403714
11327|GMAC FINANCIAL SERVICES|6246|0|6246|0|0|403717
11328|Sovereign Bank|14776|0|3448|0|11328|403721
11329|United Leasing|26265|0|4980|0|21285|403724
11330|NONE|0|0|0|0|0|403741
11331|UNION YES FED CR UN|245582|0|14203|0|231379|403742
11332|None|0|0|0|0|0|403750
11333|None|0|0|0|0|0|403768
11334|Credit Union - Payable|0|75000|0|0|75000|403777
11335|NONE|0|0|0|0|0|403786
11336|Farmers & Mechanics Bank, Galesburg, IL|7026|0|3949|0|3077|403788
11337|First Bank, Galesburg, IL|15656|0|3094|0|12562|403788
11338|Rochester Carpenters Local 85|297915|61000|0|0|358915|403808
11339|NONE|0|0|0|0|0|403813
11340|NONE|0|0|0|0|0|403822
11342|none|0|0|0|0|0|403836
11343|Due to International|25000|0|25000|0|0|403844
11344|AMALGAMATED BANK OF CHICAGO|2000000|8000000|1000000|0|9000000|403847
11345|AUTOMOBILE LOAN|17189|0|3575|0|13614|403864
11346|EQUIPMENT LOAN PAYABLE|0|59912|12000|0|47912|403865
11347|The Savannah Bank|359733|0|20690|0|339043|403867
11348|Wachovia|2512096|0|609035|0|1903061|403884
11349|First Trade Union Bank-Roof Loan|36060|0|7157|0|28903|403886
11351|Bank of America|0|500000|15200|0|484800|403907
11353|CHASE BANK|0|180000|1289|0|178711|403933
11354|NONE|0|0|0|0|0|403993
11355|GMAC CREDIT COPORATION|226275|53658|52021|0|227912|404000
11356|S&T BANK|0|360000|5556|0|354444|404000
11357|RICHARDS DRAPERY|0|22265|22265|0|0|404000
11358|ANGLE BROS. CONTRACTING|10000|0|10000|0|0|404000
11359|ADVANCE SIGN COMPANY|0|1650|1650|0|0|404000
11360|MARSHALL ELEVATOR|0|77400|26100|0|51300|404000
11361|SECURITY DEPOSIT|0|5700|300|0|5400|404000
11362|BUILDERS HARDWARE|0|2987|0|0|2987|404000
11363|DUE TO TRAINEE'S|0|13250|12500|0|750|404000
11364|FORD CREDIT|7528|0|3191|0|4337|404001
11365|VEHICLE LOAN|2868|0|2868|0|0|404006
11366|VEHICLE LOAN|0|28151|4524|0|23627|404006
11541|SARATOGA NATIONAL BANK|0|23684|0|0|23684|405551
11542|General Motors Acceptance Corp|4176|0|4176|0|0|405568
11369|Canon Financial|19251|0|3253|0|15998|404008
11370|CREDIT CARD BALANCES|12153|14160|12153|0|14160|404014
11387|NEGATIVE BAL. RECEIVABLE|0|9|0|0|9|404109
11388|Colonial Bank|407099|0|0|407099|0|404126
11389|FORD MOTOR CREDIT CO|0|23451|4300|0|19151|404145
11390|Fidelity Federal Bank- Mortgage|112505|0|13748|0|98757|404155
11391|Fidelity Federal Bank- Auto Loan|15137|18285|7629|0|25793|404155
11394|Ford Credit|331709|0|68268|0|263441|404163
11395|Colonial Bank|0|407099|407099|0|0|404163
11396|CHASE CAR LOAN|16768|0|2961|0|13807|404169
11397|FORD CAR LOAN|7585|0|2172|5413|0|404169
11398|J.P. MORGAN CAR LOAN|29209|0|4997|0|24212|404169
11399|GMAC|0|41861|0|0|41861|404169
11400|GMAC|0|24743|1666|0|23077|404169
11401|JP Morgan Chase|107237|0|80945|0|26292|404196
11402|FORD CREDIT UNION|15208|0|15208|0|0|404198
11404|CITY NATIONAL BANK - LOAN|0|125000|10419|0|114581|404231
11405|KEY BANK NATIONAL ASSOC|156390|0|8982|0|147408|404233
11407|BANK OF AMERICA|118000|0|8268|0|109732|404267
11408|GATEWAY METRO CREDIT UN|19375|0|8750|0|10625|404268
11409|National City Bank|331834|0|14812|0|317022|404269
11410|PEC COLONIAL BANK|350000|0|150000|0|200000|404270
11412|GMAC Financial|0|50663|2864|0|47799|404298
11413|FORD CREDIT|19061|0|5517|0|13544|404363
11414|Bank of America 1st Floor|286672|0|8008|0|278664|404498
11415|Bank of America 2nd Floor|1301956|0|36812|0|1265144|404498
11416|Bank of America Auto|112271|0|17416|0|94855|404498
11435|AMALGAMATED BANK|21550000|0|7800000|0|13750000|404635
11436|AMALGAMATED BANK|200000|0|200000|0|0|404635
11437|NONE|0|0|0|0|0|404704
11440|INTL UNION ALL NOV & PROD.|22500|0|0|0|22500|404726
11441|NONE|0|0|0|0|0|404729
11443|FIRSTBANK SOUTHWEST|49954|0|24243|0|25711|404903
11444|FIRSTBANK SOUTHWEST|14680|0|14680|0|0|404903
11445|FIRSTBANK SOUTHWEST|0|10500|2257|0|8243|404903
11515|TELEPHONE SYSTEM|11071|0|3293|0|7778|404958
11527|New England Regional Council|115475|0|11663|0|103812|405203
11528|FRONTIER COMMUNICATIONS|9712|0|9712|0|0|405235
11529|FIRST COLLINSVILLE BANK|7287|136800|32455|0|111632|405381
11530|CEFCU|0|28000|6830|0|21170|405442
11531|FORD MOTOR CREDIT|0|35145|1902|0|33243|405520
11532|FORD MOTOR CREDIT|0|23565|4721|0|18844|405520
11533|FORD MOTOR CREDIT|0|22565|4721|0|17844|405520
11543|General Motors Acceptance Corp|0|25440|597|0|24843|405568
11553|Donald & Emma Trent|3956|0|3956|0|0|405664
11557|NOTE PAYABLE AFL-CIO|19000|0|14854|0|4146|405692
11559|GMAC|20431|0|2893|0|17538|405695
11560|FORD MOTOR CORP.|135844|0|24541|0|111303|405718
11562|Minnequa Works Fed Credit Union|30074|0|11864|0|18210|405808
11563|Plumbers & Pipefitters Local 58|0|368027|135754|0|232273|405808
11564|NONE|0|0|0|0|0|405845
11565|GMAC - Car Loan|0|25584|4797|0|20787|405870
11567|GMAC AUTO LOAN 2005|0|5245|5245|0|0|405914
11568|GMAC AUTO LOAN 2007|0|6325|3394|0|2931|405914
11569|GMAC AUTO LOAN 2006|0|5323|5323|0|0|405914
11570|GMAC AUTO LOAN 2008|0|20000|4944|0|15056|405914
11571|GMAC AUTO LOAN 2006|0|6449|3223|0|3226|405914
11573|GMAC - AUTOMOBILE LOAN|17351|0|5501|0|11850|406158
11574|PROMERICA BANK|1136246|0|16484|0|1119762|406221
11575|Ford Credit|19789|0|2680|0|17109|406384
11576|Ford Credit|19872|0|2691|0|17181|406384
11578|WELLS FARGO|0|55000|55000|0|0|406601
11581|N/A|0|0|0|0|0|406607
11582|NONE|0|0|0|0|0|406612
11584|N/A|0|0|0|0|0|406621
11585|None|0|0|0|0|0|406627
11587|United Nurses Assoc/UHCP|8033|166038|146917|0|27154|406776
11589|Mortgage payable Key Bank - Auburn Building|1699204|0|211031|0|1488173|406827
11607|Cambridge Savings Bank|3976944|0|98578|0|3878366|407006
11608|Service Employees Int'l Union|2598925|0|799680|0|1799245|407006
11609|LIFE CREDIT UNION|7464|0|7464|0|0|407117
11610|SOUTHSIDE BANK|5964|0|5964|0|0|407121
11611|SOUTHSIDE BANK|11240|0|6191|0|5049|407121
11612|SOUTSIDE BANK|0|18996|1904|0|17092|407121
11613|NAT'L BASKETBALL PLAYERS ASSOC|670901|363570|295000|0|739471|407161
11615|CWA - NATIONAL OFFICE|3988552|0|33041|0|3955511|407224
11616|SBC CAPITAL SERVICE - 1|22371|5837|0|0|28208|407224
11617|SBC CAPITAL SERVICE - 2|14224|0|3664|0|10560|407224
11632|Wells Fargo Financial|3500|0|3500|0|0|407241
11633|Advanced Dues from National|400|272400|272800|0|0|407278
11637|NONE|0|0|0|0|0|407376
11639|Ford Credit Company|21464|0|11199|0|10265|407434
11641|CWA NATIONAL|184039|0|5644|0|178395|407466
11642|S. E. FINANCIAL FCU|0|80700|13132|0|67568|407671
11643|CWA MORTGAGE|153446|0|5295|0|148151|407673
11644|SUN NATIONAL BANK|0|27673|27673|0|0|407681
11651|FORD MOTOR CREDIT|38503|0|8266|0|30237|407684
11652|FORD MOTOR CREDIT|10940|0|7038|0|3902|407684
11653|FORD MOTOR CREDIT|10469|0|6735|0|3734|407684
11654|Chrysler Financial|25380|0|1080|24300|0|407686
11655|Armory Garage|12820|0|12820|0|0|407695
12042|Promissory Note, 7%, due 4/5/2014|0|9000|9000|0|0|414151
11659|GMAC|25328|0|3289|0|22039|407793
11660|CWA - National|55212|0|55212|0|0|407795
11661|MACATAWA BANK|187171|0|29940|0|157231|407873
12376|MARLIN LEASING|6012|0|6012|0|0|416814
12377|IKON FINANCIAL SERVICES|8351|0|2660|0|5691|416814
12378|MAILROOM CONSULTANTS|6932|17442|3228|0|21146|416814
11672|Mount Washington Bank|78413|0|19619|0|58794|408105
11673|CWA NATIONAL|0|850000|0|10649|839351|408456
11674|CWA NATIONAL|220563|0|204280|16283|0|408456
11675|CHRYSLER FINANCIAL|9117|0|9117|0|0|408456
11676|NONE|0|0|0|0|0|408498
11677|CWA INTERNATIONAL AFL-CIO|0|1206000|66758|0|1139242|408537
11678|Amcore Bank|0|650000|0|0|650000|408568
11681|NONE|0|0|0|0|0|408633
11682|COMM WORKERS OF AMERICA|988062|0|17048|0|971014|408635
11683|CWA - To Construct Union Hall|12550|0|4500|0|8050|408642
11684|CWA AFL-CIO, CLC National Union|978083|0|23379|0|954704|408658
11685|National CWA|270579|0|0|33337|237242|408705
11686|CITIZENS BANK|1243605|0|140167|0|1103438|408708
11687|MORTGAGE-CWA NATIONAL|370723|0|370723|0|0|408721
11699|GMAC|72904|0|4964|67940|0|408740
11700|CHASE AUTOMOTIVE FINANCE|8096|0|4412|3041|643|408740
11701|NISSAN MOTOR ACCEPTANCE|32434|0|0|13367|19067|408740
11703|C.W.A. AFL-CIO NAT'L UNION|203569|0|28231|0|175338|408751
11704|UNION YES FCU- LINE OF CR.|286023|0|43916|0|242107|408751
11705|UNION YES FCU- AUTO LOAN|13921|0|3742|0|10179|408751
11706|UNION YES FCU- AUTO LOAN|14286|0|3591|0|10695|408751
11707|UNION YES FCU- AUTO LOAN|14699|0|3926|0|10773|408751
11708|UNION YES FCU- AUTO LOAN|15226|0|3799|0|11427|408751
11709|UNION YES FCU- AUTO LOAN|15226|0|3799|0|11427|408751
11710|UNION YES FCU- AUTO LOAN|15099|0|8645|0|6454|408751
11711|UNION YES FCU- AUTO LOAN|13209|0|3392|0|9817|408751
11712|UNION YES FCU- AUTO LOAN|15947|0|3789|0|12158|408751
11713|UNION YES FCU- AUTO LOAN|52731|0|8120|0|44611|408751
11714|S. E. FINANCIAL FCU|10000|85389|54511|0|40878|408791
11715|UFT EDUCATIONAL FOUNDATION|0|861192|0|0|861192|408817
11716|EQUIPMENT LEASE - GMAC|709094|0|709094|0|0|408817
11717|REVOLVING CREDIT LOAN - AMALGAMATED BANK|10000000|26000000|31000000|0|5000000|408817
11718|260 PARK AVENUE REALTY CORP.|41233001|0|25891|0|41232961|408817
11719|49 EAST 21 COMPANY, INC.|8433027|0|0|2600|8433127|408817
11720|CWA INTERNATIONAL|41822|0|9509|0|32313|408830
11721|COMM WORKERS OF AMERICA|221375|0|5707|0|215668|408837
11722|CWA NATIONAL|206598|0|206598|0|0|408910
11723|CWA National office - ADVANCES|0|186421|186421|0|0|408931
11724|Note Payable- CWA International|5785|0|1996|0|3789|409241
11725|GMAC|16750|0|668|0|16082|409250
11726|NONE|0|0|0|0|0|409257
11728|NYC DISTRICT COUNCIL OF CARPENTERS|1048100|827499|1875599|0|0|409263
11729|Chase Bank Account #0083|502001|0|144000|0|358001|409268
11730|Chase Bank Account #0082|720850|0|720850|0|0|409268
11731|Chase Bank Account #0084|116667|0|116667|0|0|409268
11732|CWA International|94670|0|43505|0|51165|409443
11733|CWA International|36812|0|36812|0|0|409443
11739|Promisory Note, 5.79%, due 12/15/2015|110691|0|15105|0|95586|409627
11752|BANK OF ALBUQUERQUE|95423|0|95423|0|0|409918
11753|GMAC AUTO|885|0|885|0|0|409918
11754|FORD MOTOR CREDIT - TAURUS|7818|0|1862|0|5956|409918
11755|FORD MOTOR CREDIT - FOCUS|10155|0|2418|0|7737|409918
11756|BANK OF ALBUQUERQUE|0|301692|0|0|301692|409918
11757|ALBUQUERQUE TEACHERS FED|0|40212|0|0|40212|409918
11766|GMAC|8463|0|8463|0|0|409951
11767|GMAC|7067|0|7067|0|0|409951
11768|GMAC|8095|0|8095|0|0|409951
11769|SOVEREIGN BANK|1619000|0|1320000|0|299000|409992
11770|None|0|0|0|0|0|410028
11801|Fraternal Order IBEW Local 199|35600|0|3000|0|32600|410076
11803|Credit Line Payable|0|0|0|0|0|410111
11804|Capitalized equipment lease|2674|0|2674|0|0|410117
13525|OPEIU International Office|51000|0|9000|0|42000|429202
13526|CENTRAL PACIFIC BANK|95629|0|95629|0|0|429204
13527|N/A|0|0|0|0|0|429269
11810|Ford Credit|15350|0|9210|0|6140|410423
11811|Ford Credit|14641|0|14641|0|0|410423
11812|International Union, SPFPA|3232|3051|622|0|5661|410442
11813|FORD CREDIT|0|24086|6022|0|18064|410479
11815|SMITH BARNEY AGAINST CD'S|51147|0|22620|0|28527|410507
11816|HANCOCK BANK-VEHICLE|0|13677|1288|0|12389|410507
11817|Toledo PostEmployees Cr. Union|180530|0|27544|0|152986|410508
11818|None|0|0|0|0|0|410527
11821|Chrysler Financial|10417|0|10417|0|0|410657
11822|Fifth Third Bank|15884|0|15884|0|0|410657
11823|Unitehere Local 2850|0|31551|24000|0|7551|410684
11830|none|0|0|0|0|0|410922
11831|NONE|0|0|0|0|0|410978
11832|OPEIU International|15000|0|15000|0|0|411017
11833|WESTMARK CU - 07 FORD|9639|0|4299|0|5340|411018
11834|ID CENTRAL CU - 07 BUICK|14585|0|3739|0|10846|411018
11837|WESTERN SECURITY BANK|9387|0|3707|0|5680|411021
11838|DOLPHIN CAPITAL CORPORATION|2425|0|2425|0|0|411021
11839|WESTERN SECURITY BANK|12647|8000|4177|0|16470|411021
11840|WESTERN SECURITY BANK|14407|0|4956|0|9451|411021
11841|None|0|0|0|0|0|411100
11844|BANK ERRORS|3401|154|3401|0|154|411145
11845|OWED TO IMPREST|4270|8402|4270|0|8402|411145
11846|GMAC|38570|0|28453|0|10117|411149
11847|FORD CREDIT|49055|0|16620|0|32435|411149
11848|NONE|0|0|0|0|0|411153
11849|Ford Motor Credit Corp.|14454|0|5782|0|8672|411171
11850|GMAC|0|22840|3426|0|19414|411171
11851|GMAC|0|23924|3589|0|20335|411171
11852|GMAC|0|23924|3589|0|20335|411171
11853|GMAC|0|24272|3236|0|21036|411171
11854|SECAP|0|27141|1809|0|25332|411171
11879|JPMorgan Chase|123187|0|36123|0|87064|411287
11880|LABORERS LOCAL # 1290|4223|1983|0|0|6206|411320
11895|UFCW INTERNATIONAL UNION|0|130000|15000|0|115000|411349
11896|NOTES PAYABLE-AUTOS|108614|0|57608|0|51006|411349
11899|UNION BUILDING CORPORATION|150822|0|0|0|160315|411479
11900|Ford Motor Credit|51853|0|12899|0|38954|411506
11903|FIRST NATIONAL COMMUNITY BANK|0|20000|2339|0|17661|411628
11904|UNITED BANK, INC|51848|0|4953|0|46895|411640
11905|OCE FINANCIAL SERVICES, INC|0|4913|314|0|4599|411640
11906|AMALGAMATED BANK|22110|0|22110|0|0|411691
11907|AMERICAN NATIONAL BANK|452198|0|17217|0|434981|411750
11908|NONE|0|0|0|0|0|411945
11909|OPEIU International|343969|0|68158|0|275811|412027
11910|GMAC|22490|0|10261|0|12229|412049
11911|FORD|0|28000|2944|0|25056|412049
11912|NONE|0|0|0|0|0|412090
11916|Merrill Lynch - Margin Loan|126273|96521|172851|0|49943|412104
11917|GMAC #88351|0|44041|2119|0|41922|412104
11918|GMAC #89428|0|31311|1269|0|30042|412104
11919|GMAC #86548|0|32084|1363|0|30721|412104
11920|GMAC #86704|0|32461|1348|0|31113|412104
11921|GMAC #87027|0|38385|1847|0|36538|412104
11922|GMAC #89284|0|33364|1416|0|31948|412104
11923|GMAC #94842|0|37382|1515|0|35867|412104
11924|GMAC #94386|0|31205|1265|0|29940|412104
11925|Farmington Savings Bank|117642|34330|6842|0|145130|412104
11926|Metropolitan Credit Union|5167|0|5167|0|0|412104
11927|NONE|0|0|0|0|0|412116
11928|NONE|0|0|0|0|0|412268
11932|Colliers Dickinson|4450|0|4450|0|0|412306
11934|N/A|0|0|0|0|0|412530
11935|Promessory note, Bank of Denver|0|0|0|0|0|412701
11936|7%, matures 7/01/2025|315274|0|9187|0|306087|412701
11937|n/a|0|0|0|0|0|412702
11938|WELLS FARGO|150106|0|150106|0|0|412721
11943|GENERAL MOTORS ACCEPTANCE|23339|0|8283|0|15056|412846
11945|Wells Fargo Leasing|1616|0|1616|0|0|412848
11946|PNC Bank Line of Credit|0|1461000|0|0|1461000|412848
11947|CREDIT CARD|3039|3980|3039|0|3980|412914
11948|UNION BANK OF ELGIN|105235|0|105235|0|0|412942
11949|GMAC|15874|0|15874|0|0|412942
11950|Bank of Springfield|0|1423560|0|0|1423560|412949
11951|NONE|0|0|0|0|0|412974
11952|GENERAL MOTORS ACCEPTANCE|22214|0|2277|19937|0|412991
11953|FORD MOTOR CREDIT|9691|0|6414|0|3277|412991
11954|TEAMSTERS CREDIT UNION|0|15000|1032|0|13968|412991
11955|GMAC|0|0|4615|0|23074|412991
11956|GMAC|0|0|4619|0|23095|412991
11957|Compass Bank|56127|0|13055|0|43072|412999
11959|GMAC|27318|0|21100|0|6218|413070
11960|FIRST FINANCIAL BANK|14069|0|14069|0|0|413070
11961|GREAT AMERICAN LEASING CO|4092|0|1823|0|2269|413079
11962|None|0|0|0|0|0|413084
11966|NONE|0|0|0|0|0|413248
11967|Truck|25963|0|5217|0|20746|413385
11968|GMAC|2956|0|2956|0|0|413449
11969|US BANK - CAPITAL LEASE|9393|0|3935|0|5458|413499
11970|NONE|0|0|0|0|0|413529
11971|AUTO LOAN-BUS. VEHICLE FIN|6644|0|6644|0|0|413561
11972|AUTO LOAN-BUS. VEHICLE FIN|14583|0|5000|0|9583|413561
11973|AUTO LOAN-BUS. VEHICLE FIN|13237|0|3453|0|9784|413561
11974|AUTO LOAN-BUS. VEHICLE FIN|13834|0|3459|0|10375|413561
11975|AUTO LOAN- LYON FIN'L|33101|0|6848|0|26253|413561
11976|NOTE PAYABLE-FORD CREDIT|11107|0|2948|0|8159|413577
11977|AUTOMOBILES|0|0|5642|0|18616|413584
11978|FIRST NATIONAL BANK - VEHICLE|2402|0|2402|0|0|413618
11979|FIRST NATIONAL BANK - VEHICLE|2390|0|2390|0|0|413618
11980|BANK OF BUTTE - COPIER|4965|0|4965|0|0|413618
11981|NONE|0|0|0|0|0|413632
11986|COMERICA BANK|2862619|0|226790|0|2635829|413696
11987|COMERICA BANK|643524|0|643524|0|0|413696
11988|COMERICA BANK|781427|0|781427|0|0|413696
11989|CHASE AUTO FINANCE|5400|0|5400|0|0|413697
11992|National City Bank|247354|0|9899|0|237455|413729
11995|Ford Credit|17000|0|17000|0|0|413735
11996|GMAC|0|43984|7330|0|36654|413741
11997|NONE|0|0|0|0|0|413766
11998|FORD MOTOR CREDIT|170483|0|78653|0|91830|413781
12000|AUTO LOAN-LYON FIN'L|4238|0|4238|0|0|413914
12001|AUTO LOAN-LYON FIN'L|0|20000|5556|0|14444|413914
12006|NONE|0|0|0|0|0|413924
12007|United Transportation Union Int.|0|48308|5418|0|42890|413933
12008|FORD MOTOR CREDIT|8640|0|2886|0|5754|413958
12009|FORD MOTOR CREDIT|10701|0|3167|0|7534|413958
12010|FORD MOTOR CREDIT|9012|0|2747|0|6265|413958
12011|FORD MOTOR CREDIT|21569|0|7267|0|14302|413958
12012|GMAC FINANCE|18717|0|5104|0|13613|413958
12013|N/A|0|0|0|0|0|413964
12014|IBT|110000|0|0|0|110000|413966
12015|FORD MOTOR COMPANY|46482|0|15187|0|31295|413966
12016|GMAC|0|45827|1273|0|44554|413966
12017|Mortgage on 81 East Little Canada Rd|187188|0|187188|0|0|413972
12018|HERE I.U. LOAN|43511|0|5600|0|37911|413977
12019|F&M Bank|44078|0|15557|0|28521|414019
12020|F&M Bank|200000|0|8359|0|191641|414019
12021|AUTO LOAN GMAC|12543|0|3020|0|9523|414021
12022|AUTO LOAN GMAC|12881|0|3101|0|9780|414021
12025|GMAC AUTO LOAN|9293|0|2142|0|7151|414038
12026|GMAC AUTO LOAN|7444|0|7444|0|0|414038
12027|LOAN FOR BUILDING|280000|0|0|0|280000|414082
12028|Snider Leasing Corp.|207406|0|55068|0|152338|414117
12029|UFCW International|8408|0|8408|0|0|414117
12030|Business Vehicle Finance|12166|0|4708|0|7458|414117
12031|SUSQUEHANNA BANK|18859|0|4771|0|14088|414135
12032|NONE|0|0|0|0|0|414136
12033|Key Bank|263668|0|25877|0|237791|414144
12034|UA Local 73|958206|0|16041|0|942165|414144
12041|Promissory Note, 7% due 4/5/2014|0|85000|7000|0|78000|414151
12043|Illinois National Bank|0|502371|0|0|502371|414153
12044|Office & Professional Employees International Unio|21000|24000|10750|19250|15000|414154
12045|LOANS PAYABLE - NATIONAL CITY|294384|0|294384|0|0|414190
12046|LOANS PAYABLE - FIRST COMMONWEALTH|0|360693|0|0|360693|414190
12047|SOVEREIGN BANK|941|0|941|0|0|414263
12048|SOVEREIGN BANK|798|0|798|0|0|414263
12049|CHRYSLER FINANCIAL|12970|0|5027|0|7943|414263
12050|MEMBERS FIRST FEDERAL CREDIT UNION|16593|0|4980|0|11613|414263
12051|MEMBERS FIRST FEDERAL CREDIT UNION|18448|0|5536|0|12912|414263
12052|MEMBERS FIRST FEDERAL CREDIT UNION|17128|0|4985|0|12143|414263
12053|MEMBERS FIRST FEDERAL CREDIT UNION|15472|0|6145|0|9327|414263
12054|MEMBERS FIRST FEDERAL CREDIT UNION|23161|0|4617|0|18544|414263
12055|MEMBERS FIRST FEDERAL CREDIT UNION|0|19038|4882|0|14156|414263
12056|MEMBERS FIRST FEDERAL CREDIT UNION|0|28000|2068|0|25932|414263
12057|MEMBERS FIRST FEDERAL CREDIT UNION|0|28000|2068|0|25932|414263
12058|N/A|0|0|0|0|0|414275
12059|OLD SECOND NATIONAL BANK|1725617|0|1725617|0|0|414301
12060|OLD SECOND NATIONAL BANK|0|1660914|24025|0|1636889|414301
12065|Auto Loans|39858|0|25539|0|14319|414326
12066|Regions Bank|24000|0|5759|0|18241|414333
12069|Desert Energy Fed Credit Union|3930|0|3930|0|0|414340
12070|Ford Motor Credit|7082|0|3996|0|3086|414352
12071|Citizen's Bank|76388|0|9830|0|66558|414354
12074|NONE|0|0|0|0|0|414358
12075|QUEEN CITY FED'L SAVINGS|209028|0|8246|0|200782|414360
12084|Ford Credit|0|0|16146|0|0|414396
12085|NONE|0|0|0|0|0|414680
12086|DEPOSITS PAYABLE|400|0|400|0|0|414705
12087|DEPOSITS PAYABLE|0|400|0|0|400|414705
12088|GMAC-8991|10339|0|4982|0|5357|414746
12089|GMAC-9954|7850|0|5949|0|1901|414746
12090|GMAC-6067|8362|0|6337|0|2025|414746
12091|GMAC-5871|18820|0|5142|0|13678|414746
12092|GMAC-2954|19333|0|3864|0|15469|414746
12093|GMAC-2399|19509|0|4200|0|15309|414746
12094|GMAC-5962|20511|0|4174|0|16337|414746
12099|LINE OF CREDIT|9639|0|9639|0|0|414752
12100|LOCAL 513|0|30000|2265|0|28225|414886
12101|NONE|0|0|0|0|0|414906
12103|NONE|0|0|0|0|0|414939
12104|City National Bank|300000|0|300000|0|0|414944
12105|ILA LOAN|166782|0|49263|0|117519|414950
12107|TD BANK NORTH, N.A|25620|0|6327|0|19293|414955
12108|FORD MOTOR CREDIT|46340|0|9797|14535|22008|414955
12111|AUTO LOAN-M & T CREDIT|21309|0|5559|0|15750|414970
12112|AUTO LOAN-CHASE|23368|0|4835|0|18533|414970
12113|AUTO LOAN-CHASE|27777|0|5268|0|22509|414970
12114|AUTO LOAN-GMAC|0|24843|1403|0|23440|414970
12115|Bank of America|114987|0|3702|0|111285|414981
12116|NONE|0|0|0|0|0|414988
12119|PLUMBERS & FITTERS FCU|15866|0|15866|0|0|415058
12120|N/A|0|0|0|0|0|415066
12121|First Hawaiian Bank|116965|0|8347|0|108618|415098
12122|MINOLTA KONICA COPIER|4201|0|2999|0|1202|415164
12123|OPEIU (PARENT)|16667|0|16667|0|0|415167
12124|UNION YES CREDIT UNION|0|0|13133|0|0|415167
12125|(SEE EXPLANATION ON PG 31.)|0|0|0|0|0|415167
12127|AUTOMOBILE FINANCING|1605|0|1605|0|0|415177
12128|AUTOMOBILE FINANCING|63131|92919|36277|0|119773|415177
12129|USW International Union|231000|0|0|65000|166000|415236
12133|COMMERCE BANK|15625|0|6459|0|9166|415269
12134|TEAMSTERS CREDIT UNION|6814|3400|2326|0|7888|415279
12135|Fod Credit|7082|0|4629|0|2453|415281
12136|BOONE COUNTY NATIONAL BANK|23594|0|1079|22515|0|415315
12137|CHASE AUTO FINANCE|18794|0|14320|0|4474|415316
12138|GMAC|0|56374|1724|0|54650|415316
12139|FORD MOTOR CREDIT|0|25556|1420|0|24136|415316
12140|Mortgage payable|188053|0|188053|0|0|415317
12141|NEIGHBORHOOD CREDIT UNION|427105|0|34064|0|393041|415321
12147|CWA INTERNATIONAL|121822|0|6357|0|115465|415352
12148|GLENS FALLS NATIONAL BANK|159850|0|11285|0|148565|415358
12155|AUTOMOBILE LOAN|15298|0|2940|0|12358|415385
12159|Ford Motor Credit|16719|0|7986|0|8733|415417
12160|Ford Motor Credit|0|26844|5220|0|21624|415417
12161|Ford Motor Credit|0|32919|3657|0|29262|415417
12162|Ford Credit#1|13482|0|7704|0|5778|415452
12163|Ford Credit# 2|21758|0|12433|0|9325|415452
12164|Ford Credit #3|16401|0|9372|0|7029|415452
12165|Ford Credit #4|18786|0|10083|0|8703|415452
12166|Ford Credit #5|0|30703|6823|0|23880|415452
12167|GMAC Credit|17520|0|6477|0|11043|415453
12168|FIRSTMERIT BANK|19295|0|5588|0|13707|415460
12172|GMAC|824|0|824|0|0|415476
12173|GMAC|13751|0|4719|0|9032|415497
12174|Citizens Bank|40000|0|36666|0|3334|415501
12175|GMAC|1950|0|1950|0|0|415501
12176|Bank of America|2923|0|2923|0|0|415501
12177|GMAC|6178|0|5723|0|455|415501
12178|GMAC|21618|0|5945|0|15673|415501
12179|GMAC|24750|0|6806|0|17944|415501
12180|GMAC|8349|0|5694|0|2655|415501
12181|Bank of America|24064|0|7014|0|17050|415501
12182|Bank of America|24018|0|7001|0|17017|415501
12183|Bank of America|18338|0|5775|0|12563|415501
12184|GMAC|0|30001|3500|0|26501|415501
12185|Telephone Sysytem|8652|0|0|4360|4292|415529
12186|Canon Financial Services|1607|0|0|1607|0|415529
12187|Canon Copiers|36854|0|0|36854|0|415529
12188|GE Capital|104016|0|0|41140|62876|415529
12189|NONE|0|0|0|0|0|415538
12190|THE CIT GROUP|6079|0|1408|0|4671|415550
12191|Fod Motor Company|82972|0|21415|0|61557|415554
12192|GMAC|0|31665|4750|0|26915|415586
12193|GMAC|0|34735|5210|0|29525|415586
12194|AFSCME LOCAL 88|47222|0|16666|0|30556|415596
12195|AFSCME LOCAL 189|196667|0|20000|0|176667|415596
12196|AFSCME LOCAL 328|246667|0|31111|0|215556|415596
12197|LINE OF CREDIT|28316|0|28316|0|0|415596
12198|Fod Motor Company|17902|0|17902|0|0|415597
12199|1ST SECURITY BANK OF WA|187084|0|6220|0|180864|415598
12200|PIERCE TRANSIT PAYABLE-NET|4738|5888|0|0|10626|415598
12201|CREDIT CARDS-NET CHANGE|1431|51|0|0|1482|415598
12202|NONE|0|0|0|0|0|415605
12203|GENERAL MOTORS ACCEPATANCE|0|25734|1287|0|24447|415614
12204|GENERAL MOTORS ACCEPTANCE|0|76501|5100|0|71401|415614
12207|none|0|0|0|0|0|415621
12208|FORD MOTOR CREDIT|9306|0|9306|0|0|415623
12209|FORD MOTOR CREDIT|12788|0|10230|0|2558|415623
12210|FORD MOTOR CREDIT|12209|0|9768|0|2441|415623
12211|FORD MOTOR CREDIT|24293|0|7760|0|16533|415623
12212|GMAC|0|45779|5243|0|40536|415623
12213|FORD MOTOR CREDIT|0|30723|0|0|30723|415623
12214|NOTE PAYABLE - CREDIT UNION|4889|0|4889|0|0|415639
12215|NOTE PAYABLE - CREDIT UNION|1853|0|1853|0|0|415639
12216|BB&T|11844|0|4915|0|6929|415642
12217|NONE|0|0|0|0|0|415645
12218|Sovereign Bank|22884|0|22884|0|0|415669
12219|CENTRAL BANK|19855|0|10596|0|9259|415674
12220|CENTRAL BANK|11532|0|4291|0|7241|415674
12221|UMPQUA BANK|58923|0|5486|0|53437|415685
12222|UA LOCAL UNION 447|9000|0|0|0|9000|415685
12223|NONE|0|0|0|0|0|415693
12227|CHRYSLER FINANCIAL|2180|0|1796|384|0|415698
12231|MARK BALTZ|0|1100|1100|0|0|415708
12233|National City Bank|11505|0|4149|0|7356|415716
12251|FORD CREDIT|9374|0|5767|0|3607|415748
12252|FORD CREDIT|9374|0|5767|0|3607|415748
12253|FORD CREDIT|8794|0|5410|0|3384|415748
12254|FORD CREDIT|6175|0|5689|0|486|415748
12255|FORD CREDIT|13056|0|4312|0|8744|415748
12256|FORD CREDIT|13364|0|4414|0|8950|415748
12257|FORD CREDIT|13776|0|13776|0|0|415748
12265|GMAC|18572|0|4953|0|13619|415750
12266|TD Bank|18350|0|18350|0|0|415756
12267|FORD MOTOR CREDIT|19849|0|19849|0|0|415758
12268|GMAC CREDIT|18611|0|18611|0|0|415758
12269|NONE|0|0|0|0|0|415760
12271|Nat'l Right to Work Legal Defense Foundation, Inc.|0|25000|39000|0|36000|415787
12272|TEXAS STATE BANK|13488|0|5061|0|8427|415792
12273|UNITEHERE INTL. LOAN|216800|0|97500|0|119300|415794
12274|KONICA-CAPITAL LEASE OBLIG.|195692|0|83868|0|111824|415794
12275|AUTOMOBILE LOAN|29833|0|7587|0|22246|415804
12276|AUTOMOBILE LOAN|30832|0|7834|0|22998|415804
12278|BANK OF EDWARDSVILLE|55000|0|55000|0|0|415816
12286|M&T BANK|466667|0|100000|0|366667|415854
12289|MORGAN STANLEY SMITHBARNEY MARGIN LOAN|0|16751|16751|0|0|415957
12293|GMAC|0|25724|1286|0|24438|416011
12294|BANK OF EDWARDSVILLE|4073|0|4073|0|0|416028
12298|First State Bank|0|108589|46531|0|62058|416039
12307|Union Building Corp|22991|0|22991|0|0|416144
12308|Verizon Credit Payable|0|13468|0|0|13468|416145
12309|SMITH BARNEY CREDIT LINE|1058053|17125|0|0|1075178|416172
12310|INTERNATIONAL BROTHERHOOD OF TEAMSTERS|116464|0|25467|0|90997|416197
12314|NONE|0|0|0|0|0|416321
12316|IBEW Local Union #295|1600|0|1600|0|0|416330
12318|GMAC|14872|0|6082|0|8790|416341
12319|GMAC|11352|0|3832|0|7520|416341
12320|GMAC|27541|0|7307|0|20234|416341
12321|SEAFARERS INT'L UNION OF N.A. AGLIWD|613216|190000|233216|0|570000|416345
12322|Seafarers Int'l Union of N.A. AGLIWD|1265639|0|10994|0|1254645|416347
12323|Ford Credit|0|21748|2417|0|19331|416350
12324|None|0|0|0|0|0|416354
12325|First City- Vehicle Loans|136456|0|136456|0|0|416416
12326|Ford Credit- Vehicle Loans|128777|265361|122920|0|271218|416416
12327|Banco Popular- Mortgage|448412|0|19776|0|428636|416416
12328|GMAC|25650|0|6996|0|18654|416422
12329|GMAC|11123|0|7400|0|3723|416422
12330|CREDIT CARD DEBT|6075|40542|43495|0|3122|416424
12331|LINE OF CREDIT|19133|0|19133|0|0|416424
12332|GMAC FINANCING|0|33000|4400|0|28600|416426
12333|FORD MOTOR COMPANY|12743|0|8529|0|4214|416432
12334|ACCO PRINCETON FCU|2634|0|2634|0|0|416462
12335|ACCO PRINCETON FCU|0|24007|2422|0|21585|416462
12336|ACCO PRINCETON FCU|0|21995|2222|0|19773|416462
12337|GMAC|7334|0|7334|0|0|416515
12338|COAMERICA|1122863|0|43149|0|1079714|416515
12339|Hometown Bank|197266|0|12028|0|185238|416521
12340|SBA|0|104300|1284|0|103016|416521
12341|DCS TRUCK FINANCE|5845|0|4642|0|1203|416524
12342|DCS TRUCK FINANCE|8127|0|4785|0|3342|416524
12343|DCS TRUCK FINANCE|14178|0|7154|0|7024|416524
12344|DCS TRUCK FINANCE|11397|0|5739|0|5658|416524
12345|DCS TRUCK FINANCE|24742|0|6599|0|18143|416524
12346|LYON FINANCIAL SERVICES|14626|0|3007|0|11619|416524
12347|CITIZENS BANK|355655|0|14886|0|340769|416524
12348|Gulf Credit Union|2522|0|2522|0|0|416529
12349|Metro Bank|0|100000|0|0|100000|416541
12350|Ford Motor Credit|413|0|413|0|0|416546
12351|The Bank of Edwardsville|8292|0|8292|0|0|416546
12352|The Bank of Edwardsville|8857|0|8857|0|0|416546
12353|MidwestOne Bank|8000|0|8000|0|0|416550
12354|Auto loans payable|90147|0|29734|0|60413|416551
12355|DELAGE LANDEN|8602|0|2200|0|6402|416557
12356|DARRELL & ANNA FISHER|69308|0|27699|0|41609|416557
12357|NONE|0|0|0|0|0|416599
12358|NONE|0|0|0|0|0|416626
12359|GMAC|22072|0|4396|0|17676|416738
12360|AMALGAMATED BANK|179464|0|32142|0|147322|416763
12361|None|0|0|0|0|0|416784
12362|FORD CREDIT|0|22538|2629|0|19909|416788
12363|FORD CREDIT|0|27877|3252|0|24625|416788
12364|FORD CREDIT|0|15467|1416|0|14051|416788
12365|HUNTINGTON BANK|98716|0|19367|0|79349|416790
12366|VALLEY COMMERCIAL CAPITAL|0|9197|2754|0|6443|416792
12367|NONE|0|0|0|0|0|416796
12833|Teamsters 771 Federal Credit Union|0|22637|2656|0|19981|418266
12375|NONE|0|0|0|0|0|416813
12384|NONE|0|0|0|0|0|416821
12389|OHO TEAMSTERS CREDIT UNION|71966|0|71966|0|0|416829
12390|OHIO TEAMSTERS CREDIT UNION|0|39870|1364|0|38506|416829
12391|OHIO TEAMSTERS CREDIT UNION|0|37609|1287|0|36322|416829
12392|OHIO TEAMSTERS CREDIT UNION|0|37233|1274|0|35959|416829
12393|Local #410|30000|0|0|0|30000|416833
12405|First National Community Bank|8096|0|8096|0|0|416902
12406|First National Community Bank|17212|0|17212|0|0|416902
12407|NONE|0|0|0|0|0|416909
12420|GMAC|31857|0|8890|0|22967|416938
12421|GMAC|8262|0|8262|0|0|416938
12422|Chrysler Financial|22402|0|6610|0|15792|416938
12423|GMAC|5975|0|1975|4000|0|416938
12424|Chrysler Financial|10318|0|8171|0|2147|416938
12425|Chrysler Financial|19686|0|7737|0|11949|416938
12426|GMAC|15320|0|5856|0|9464|416938
12427|Chrysler Financial|24830|0|6098|0|18732|416938
12428|GMAC|24043|0|7706|0|16337|416938
12429|GMAC|15456|0|5883|0|9573|416938
12446|AMLMATED BANK|3645077|4827725|42767|0|8430035|416955
12447|NONE|0|0|0|0|0|416956
12448|Arvest Bank|264753|0|40223|0|224530|416958
12449|U.S. BANK|0|45000|9921|0|35079|416961
12450|Truck Loan|30812|0|6964|0|23848|416967
12451|Truck Loan|20479|0|6436|0|14043|416967
12452|Truck Loan|20854|0|338|0|0|416967
12453|Truck Loan|0|0|4819|0|27315|416967
12481|CHRYSLER FINANCIAL|10292|0|1918|0|8374|417018
12482|CAPITAL LEASE OBLIGATION|3609|0|734|0|2875|417033
12485|Ford Motor Credit|232199|0|67430|0|164771|417097
12486|NONE|0|0|0|0|0|417101
12487|NONE|0|0|0|0|0|417124
12488|Columbia Bank & Trust|341228|5108|346336|0|0|417131
12489|Constuction Costs Payable|200209|0|200209|0|0|417131
12490|Union Bank & Trust|0|480000|8511|0|471489|417131
12491|NONE|0|0|0|0|0|417165
12492|HUNTINGTON BANK|20767|0|3664|0|17103|417166
12493|NONE|0|0|0|0|0|417171
12494|NONE|0|0|0|0|0|417176
12495|COMMUNITY BANK 4.60% 36 MONTHS DUE 12/15/12|0|76717|0|0|76717|417186
12496|FLEET BANK|84110|7000|4639|0|86471|417204
12497|N.E. Teamsters F.C.U.|0|24000|2746|0|21254|417226
12501|Auto loans|161362|78364|109721|0|130005|417294
12502|Line of credit|30000|0|30000|0|0|417294
12503|NONE|0|0|0|0|0|417308
12504|FORD MOTOR CREDIT CORP|55929|0|21649|0|34280|417314
12505|NONE|0|0|0|0|0|417315
12506|Bank of America|0|200000|3269|0|196731|417329
12507|IB of Electrical Workers Local 8|0|50017|0|0|50017|417341
12508|UA Local 50 Plumbers and Steamfitters|0|50000|0|0|50000|417341
12509|IA of H & F and Asbestos Workers Local 45|0|20000|0|0|20000|417341
12510|NWO Laborers Local 500|0|20000|0|0|20000|417341
12511|Painters & Decorators Local 7|0|20000|0|0|20000|417341
12512|Sheet Metal Workers Local 33|0|50000|0|0|50000|417341
12513|NONE|0|0|0|0|0|417360
12514|FORD MOTOR CREDIT|24352|0|8172|0|16180|417369
12515|FORD MOTOR CREDIT|24352|0|8172|0|16180|417369
12516|GMAC BANK|23321|0|4950|0|18371|417369
12517|ADVANTA BANK CORP|8783|0|3886|0|4897|417374
12518|NONE|0|0|0|0|0|417396
12519|N/A|0|0|0|0|0|417399
12520|PTDC 36 JT LABOR MGMT|259880|0|56547|0|203333|417402
12521|BANK OF AMERICA|20172|0|4309|0|15863|417412
12522|BANK OF AMERICA|24009|0|5734|0|18275|417412
12523|TEAMSTERS LOCAL 67|2886|0|2886|0|0|417412
12524|FORD MOTOR CORP.|48310|0|37650|0|10660|417445
12525|FORD MOTOR CREDIT COMPANY|71129|0|63347|2965|4817|417473
12526|GMAC Credit|0|43135|7189|0|35946|417542
12527|JL Motors of New York, Inc|10151|0|10151|0|0|417557
12528|NONE|0|0|0|0|0|417565
12529|BROTHERHOOD BANK & TRUST|0|15000|630|0|14370|417572
12541|BEACON FEDERAL CREDIT UNION|9223|0|9223|0|0|417577
12542|NONE|0|0|0|0|0|417596
12543|Space Coast Credit Union|24593|0|7087|0|17506|417598
12544|HOME STAR BANK|28297|0|5563|0|22734|417599
12545|FIRST TRUST BANK OF ILLINOIS|4110|0|4110|0|0|417599
12550|CAPITAL LEASE - PHONE EQUIP|9718|0|4625|0|5093|417610
12551|NONE|0|0|0|0|0|417625
12552|none|0|0|0|0|0|417626
12553|GMAC FINANCIAL SERVICES|101655|79774|38760|47488|95181|417628
12557|Ford Credit|0|12000|12000|0|0|417665
12558|GMAC|20834|0|3731|0|17103|417667
12559|CHRYSLER FINANCIAL|15836|0|9502|0|6334|417667
12560|GMAC|34078|0|8938|0|25140|417667
12609|FORD MOTOR CREDIT|0|61418|1706|0|59712|417686
12622|NONE|0|0|0|0|0|417690
12647|FORD CREDIT|0|30511|4238|0|26273|417702
12648|FORD CREDIT|0|30914|6870|0|24044|417702
12649|FORD CREDIT|0|30914|6870|0|24044|417702
12650|FORD CREDIT|0|31369|6971|0|24398|417702
12651|FORD CREDIT|0|30914|6870|0|24044|417702
12652|FORD CREDIT|0|30511|4238|0|26273|417702
12653|FORD CREDIT|0|30914|6870|0|24044|417702
12654|FORD CREDIT|0|30511|4238|0|26273|417702
12655|GMAC CREDIT|0|32256|585|0|31671|417702
12656|GMAC CREDIT|0|29168|2939|0|26229|417702
12657|GMAC CREDIT|0|27886|2810|0|25076|417702
12658|GMAC CREDIT|0|27683|2789|0|24894|417702
12671|NONE|0|0|0|0|0|417726
12672|M & T BANK|22500|0|15000|0|7500|417774
12673|NONE|0|0|0|0|0|417803
12674|FORD MOTOR CREDIT|7987|32915|5093|3615|32194|417804
12675|GMAC CREDIT|0|33285|1760|0|31525|417804
12712|GMAC AUTO NOTES|28556|0|12847|0|15709|417811
12737|Wells Fargo|19128|0|19128|0|0|417819
12738|First City Bank|15400|0|15400|0|0|417819
12739|Bank of Pensacola|14677|0|6591|0|8086|417825
12740|Local 366 JATC|60000|100671|0|0|160671|417825
12741|DUE TO BACONEF PROPERTIES|226000|0|0|0|226000|417837
12742|N/A|0|0|0|0|0|417841
12743|AUTO LOAN-GMAC|21784|0|21784|0|0|417843
12744|AUTO LOANS-FORD CREDIT|11772|0|11772|0|0|417843
12745|AUTO LOANS-GMAC|16753|0|16753|0|0|417843
12746|AUTO LOANS-GMAC|12045|0|12045|0|0|417843
12747|AUTO LOANS-GMAC|0|35540|35540|0|0|417843
12748|AUTO LOANS-GMAC|0|25400|25400|0|0|417843
12749|AUTOMOBILE LOANS|14887|20022|14887|0|20022|417844
12750|DRYWALL TAPING INDUSTRY BOARD|0|50000|50000|0|0|417862
12751|WACHOVIA DEALER SERVICES|0|25372|19245|0|6127|417863
12752|CHASE MANHATTAN FINANCE|23147|0|23147|0|0|417872
12753|REGIONS BANK|91588|0|91588|0|0|417872
12754|KEY BANK LOAN|150000|0|34183|0|115817|417879
12755|CAPITAL LEASE OBLIGATION|34090|0|8034|0|26056|417881
12756|Capital Lease - Color Copier|11702|0|2828|0|8874|417891
12757|Note Payable 09 Chevy Trk|0|28860|481|0|28379|417892
12758|DETROIT EDISON CREDIT UNION|787900|0|19549|0|768351|417897
12760|NONE|0|0|0|0|0|417913
12761|Ford Motor Credit|13186|0|5104|0|8082|417922
12762|US Bancorp|1436|0|1436|0|0|417922
12763|UFCW INT"L UNION|588710|0|240000|0|348710|417927
12764|UNITED ILLUMINATING|0|10901|3731|0|7170|417949
12765|NOT APPLICABLE THIS PERIOD|0|0|0|0|0|417950
12766|NETFCU|10841|0|3580|0|7261|417955
12767|NETFCU|10341|0|2627|0|7714|417955
12768|GMAC Finance|40762|0|15779|0|24983|417955
12769|NETFCU|13531|0|4867|0|8664|417955
12770|NETFCU|24344|0|3467|0|20877|417955
12771|NETFCU|27324|0|3891|0|23433|417955
12772|Ford Motor Credit - Grice|4007|0|4007|0|0|417974
12773|Ford Motor Credit - Sugerik|13999|0|5272|0|8727|417974
12774|Ford Motor Credit - Thrash|18548|0|18548|0|0|417974
12775|Ford Motor Credit - Carmack|9393|0|10856|0|0|417974
12776|Ford Motor Credit - Moore|0|28000|3376|0|24624|417974
12777|NONE|0|0|0|0|0|417976
12778|CITY OF CLEVELAND|91718|0|5019|0|86699|417986
12779|N/P-'07 FORD TRUCK|19257|0|5574|0|13683|417991
12780|N/P-'05 CHEVY TRUCK|8244|0|8244|0|0|417991
12781|N/P-'05 CHEVY TRUCK|7206|0|7206|0|0|417991
12782|N/P-,07 CHEVY TAHOE|18080|0|18080|0|0|417991
12783|N/P-'06 TRAILBLASER|14967|0|14967|0|0|417991
12784|N/P-'09 CHRYLSER SEABRING|0|29679|5893|0|23786|417991
12785|N/P-'09 CHEVY TRUCK|0|26407|3764|0|22643|417991
12786|N/P-JEEP LIBERTY|0|24137|262|0|23875|417991
12787|N/P-DODGE CHARGER|0|22220|3199|0|19021|417991
12788|CHRYSLER FINANCIAL|19418|0|5787|0|13631|417992
12789|CIT FINANCIAL|4235|0|2452|0|1783|417992
12790|ENTERPRISE BANK|804098|0|500949|0|303149|417995
12791|LOCAL #532 BUILDING CORPORATION|24976|0|0|0|24976|418012
12792|DC TRUCK FINANCIAL|24693|0|15934|0|8759|418013
12793|AMALGAMATED BANK NOTE|166125|0|166125|0|0|418018
12794|United Labor Bank|0|700000|20243|0|679757|418019
12795|AUTOMOBILE LOAN|16505|0|9903|0|6602|418029
12796|LOAN FROM DISTRICT COUNCIL|23110|0|23110|0|0|418029
12797|FORD MOTOR CREDIT CO.|0|39727|39727|0|0|418038
12798|FORD MOTOR CREDIT CO.|0|29819|29819|0|0|418038
12799|FORD MOTOR CREDIT CO.|0|34108|34108|0|0|418038
12800|FORD MOTOR CREDIT CO.|6234|0|5006|0|1228|418038
12801|CITIZENS BANK|0|16640|1999|0|14641|418038
12802|CITIZENS BANK|0|28764|2246|0|26518|418038
12803|CITIZENS BANK|0|33571|2622|0|30949|418038
12804|CITIZENS BANK|35697|0|35697|0|0|418038
12805|CITIZENS BANK|0|38293|2990|0|35303|418038
12806|MERRILL LYNCH|95924|102542|0|0|198466|418039
12807|MERRILL LYNCH|491000|0|241000|0|250000|418039
12808|MORTAGE PAYABLE|434709|0|12285|0|422424|418043
12809|I.A.F.F.|58384|0|20004|0|38380|418049
12810|GMAC|10497|0|10497|0|0|418051
12811|GMAC|0|70375|11729|0|58646|418051
12812|FORD CREDIT   (EDGE)|33992|0|7554|0|26438|418052
12813|FORDCREDIT(EXPLORER)|29335|0|7030|0|22305|418052
12814|IAMAW GRAND LODGE|7850|0|5850|0|2000|418064
12815|AMALGAMATED BANK|284550|0|8038|0|276512|418066
12816|NONE|0|0|0|0|0|418082
12817|Chrysler Credit|25320|0|4687|0|20633|418093
12818|NONE|0|0|0|0|0|418223
12821|DAIMLER CHRYSLER|13746|0|11899|1847|0|418227
12823|SEIU INTERNATIONAL - CAPITAL|501500|0|200000|140000|161500|418258
12824|DELL|91674|0|27296|0|64378|418258
12825|AVAYA|67205|0|21215|0|45990|418258
12826|AMALGAMATED BANK OF CHICAGO|0|50000|5367|0|44633|418258
12827|FIRST MIDWEST BANK|0|60000|484|0|59516|418258
12829|GMAC|0|90703|5331|0|85372|418262
12830|Chrysler Financial|0|34801|3729|0|31072|418262
12832|Teamsters 771 Federal Credit Union|0|21789|2556|0|19233|418266
13142|UNITE HERE INT'L UNION|417721|0|65402|0|352319|419966
12834|NONE|0|0|0|0|0|418270
12835|NONE|0|0|0|0|0|418271
12836|CIT Lease Payable|5402|0|796|0|4606|418272
12837|NONE|0|0|0|0|0|418282
12838|Blanski Energy Management|0|14414|5100|0|9314|418305
12839|Loan from IBT|220095|0|220095|0|0|418318
12840|AUTO LOAN-NATIONAL CITY BK|7409|0|7409|0|0|418321
12841|N/A|0|0|0|0|0|418338
12842|National office|113609|35000|27500|0|121109|418340
12848|GMAC|11990|0|11990|0|0|418352
12849|GMAC|15677|0|15677|0|0|418352
12853|BEACON FEDERAL CREDIT UNION|18498|0|18498|0|0|418361
12861|Huntington National Bank|2416498|0|783304|0|1633194|418373
12877|Notes Payable-Autos|56053|20000|30827|0|45226|418400
12878|NONE|0|0|0|0|0|418401
12879|Ford Motor Credit|12328|0|12328|0|0|418403
12880|GMAC Credit|0|36533|5620|0|30913|418403
12881|FORD MOTOR CREDIT|12643|0|7940|0|4703|418413
12882|CIU HWH FUND|0|6200|0|0|6200|418413
12883|Southwest National Bank|9664|0|9664|0|0|418420
12884|CHRYSLER FINANCIAL|15282|0|4845|0|10437|418422
12885|LEASE CONSULTANTS CORP|2379|0|921|0|1458|418430
12886|NONE|0|0|0|0|0|418431
12887|NONE|0|0|0|0|0|418433
12889|GMAC|34620|0|15525|0|19095|418455
12890|CENTRAL BANK - LOC|10001|15000|24999|0|2|418461
12891|CENTRAL BANK - 1ST DEED OF TRUST|131854|0|13895|0|117959|418461
12892|BLE-T National Division|10000|0|0|0|10000|418485
12893|LABOR CREDIT UNION - VEHICLE|9468|0|9468|0|0|418491
12894|FORD MOTOR CREDIT|15363|0|9633|0|5730|418509
12895|FORD MOTOR CREDIT|11585|0|3160|0|8425|418509
12896|WOOD AND HUSTON- LOC|0|70000|0|0|70000|418509
12897|NOTES OTHERS- EMPLOYEES|0|3028|0|0|3028|418509
12898|CIU HWH FUND|0|14700|0|0|14700|418509
12899|MIDTOWN MEDICAL CLINIC|0|5000|0|0|5000|418509
12900|NONE|0|0|0|0|0|418534
12901|FORD MOTOR CREDIT|5745|0|5745|0|0|418541
12902|FORD MOTOR CREDIT|19450|0|6000|0|13450|418541
12903|GMAC|30469|0|5457|0|25012|418541
12904|GMAC|0|31984|2665|0|29319|418541
12905|HIBERNIA NATIONAL BANK|1676|0|1676|0|0|418543
12906|HIBERNIA NATIONAL BANK|2341|0|2032|0|309|418543
12907|FORD CREDIT|13096|0|4504|0|8592|418564
12908|Jefferson Bank & Trust|34609|0|4626|0|29983|418573
12909|Jefferson Bank & Trust|37602|0|16625|0|20977|418573
12910|Local Union Loans|905000|0|200000|5000|700000|418630
12911|LOCAL 92 CREDIT UNION|37218|0|12056|0|25162|418632
12912|NONE|0|0|0|0|0|418635
12913|None|0|0|0|0|0|418636
12914|GMAC|18001|0|18001|0|0|418640
12915|GMAC|0|127464|29003|0|98461|418640
12916|MARGIN ACCOUNT PAYABLE|0|80328|0|0|80328|418640
12917|Roofers Building Association|0|4298|0|0|4298|418650
12918|NONE|0|0|0|0|0|418662
12919|UNION YES FCU|0|20500|0|0|20500|418671
12920|First Federal Savings & Loan|0|175000|0|0|175000|418678
12921|CAPITAL LEASE OBLIGATION|13359|0|2800|0|10559|418682
12922|Key  Bank|2343840|0|35351|0|2308489|418716
12923|NONE|0|0|0|0|0|418785
12925|CAPITAL LEASE PAYABLE|3871|0|2849|0|1022|418789
12928|XEROX CORP.|0|6|0|0|1399|418800
12929|PETE CRISS (OFFICER)|0|6|0|0|6|418800
12930|(OVERWHITHHELD ON TAXES)|0|0|0|0|0|418800
12931|INSTALLMENT NOTES|0|75858|12643|0|63215|418804
12934|GMAC Auto Loan|19862|0|7050|0|12812|418818
12937|GMAC|0|25945|3459|0|22486|418849
12939|North Fork Bank (Capital One)|2382|0|2382|0|0|418860
12940|General Motors Acceptance Corp|0|0|16082|0|0|418860
12941|NONE|0|0|0|0|0|418863
12942|Frost Bank - Construction Loan|0|249128|0|0|249128|418869
12954|LYON FINANCIAL SERVICES|0|19999|2907|0|17092|418911
12955|FORD MOTOR CREDIT|12326|0|5660|0|6666|418925
12956|FIFTH THIRD BANK|18459|0|19716|0|0|418942
12957|Twu International|20000|0|0|0|20000|418945
12958|Op. Eng. #3 FCU Loan #142|11357|0|4529|0|6828|418949
12959|Op. Eng. #3 FCU Loan #143|10435|0|4159|0|6276|418949
12960|Op. Eng. #3 FCU Loan #144|10435|0|4159|0|6276|418949
12961|Op. Eng. #3 FCU Loan #145|14473|0|4712|0|9761|418949
12962|Canon Capital Lease Payable|14381|0|2110|0|12271|418949
12963|Heritage Bank Mortgage Payments|0|0|14126|0|0|418949
12964|None|0|0|0|0|0|418951
12966|Workers United Loan Payable|0|475000|190000|0|285000|418960
12967|SEIU Loan Payable|0|150000|0|0|150000|418960
12968|Note Payable-Copier|13276|0|2132|0|11144|418963
12969|Mortgage Loan|0|748|0|0|748|418963
12970|MN PIPE TRADES ASSOCIATION|11242|0|11242|0|0|418966
12972|MN BUILDING TRADES FCU|17320|0|4585|0|12735|418971
12973|FORD MOTOR CORP.|18219|0|9075|0|9144|418976
12974|RWDSU|0|210845|0|0|210845|418980
12975|FORD CREDIT|12061|0|6892|0|5169|418981
12976|NONE|0|0|0|0|0|418991
12977|SAN DIEGO COUNTY CREDIT UNION|9789|0|4056|0|5733|418993
12982|Note Payable-GMAC|1848|0|1848|0|0|418999
12984|N/A|0|0|0|0|0|419001
12988|Mortgage on Office Building|371931|0|5964|0|365967|419013
12990|None|0|0|0|0|0|419017
12991|Int'l Brotherhood of Teamsters|43724|0|38566|5158|0|419018
12992|Capital Lease Obligation|28749|0|6515|0|22234|419022
12995|Members|4428|0|488|0|3940|419031
12996|MAH Building Corp|166363|74623|16273|0|224713|419031
12997|Musicians Services|200|5000|0|0|5200|419031
13001|Capitalized lease payable|5829|0|5829|0|0|419038
13002|United Labor Bank equity line|399882|0|0|0|399882|419038
13003|Vehicle loans|15984|0|15984|0|0|419039
13004|Courtesy Chevrolet|9162|0|2673|6489|0|419044
13005|GMAC Financial Services|0|22731|1245|0|21486|419044
13006|Regions Bank|0|8888|224|0|8664|419063
13007|Culinary Workers Local 226|0|6500000|0|0|6500000|419110
13008|AFSCME|0|500000|0|0|500000|419110
13009|VEHICLE LOANS|0|55088|1377|0|53711|419114
13010|GMAC FINANCING|0|71200|5935|0|65265|419145
13011|GMAC|0|74227|1810|0|72417|419170
13012|GMAC|160699|0|6773|153926|0|419183
13013|CHASE|17427|0|5489|0|11938|419189
13014|COMMERCE BANK|200000|1506273|0|0|1706273|419189
13015|COMMERCE BANK|182005|512|182517|0|0|419189
13016|IFF|0|910000|0|0|910000|419189
13017|FIRST STATE BANK|0|91261|53211|0|38050|419189
13018|LOCAL 101 APPRENTICESHIP FUND|50000|0|0|0|50000|419189
13019|GMAC|0|51250|3898|0|47352|419189
13020|STEELCASE FINANCIAL|0|43955|11020|0|32935|419189
13021|Ntl CityPNC 8.75%due8/24/2013|0|14000|1389|0|13301|419200
13023|Wachovia Bank|704937|0|42594|0|662343|419235
13024|GMAC|21062|0|7434|0|13628|419241
13025|GMAC|20748|0|7323|0|13425|419241
13026|BANK OF AMERICA|49047|0|16542|0|32505|419242
13027|BANK OF AMERICA|8976|0|6072|0|2904|419242
13028|BANK OF AMERICA|82253|0|6871|0|75382|419242
13029|American Nurses Association|155000|0|155000|0|0|419248
13030|Wachovia Loan|20125|0|20125|0|0|419248
13031|GMAC|17877|0|5042|0|12835|419263
13032|Ford Credit|18986|0|6056|0|12930|419265
13033|GMAC|22490|0|7293|0|15197|419265
13035|BENEFICIAL SAVINGS BANK-GRAND MARQUIS|3395|0|3395|0|0|419298
13036|FORD MOTOR CREDIT-EXPLORER|18832|0|15819|0|3013|419298
13037|BENEFICIAL SAVINGS BANK-LINCOLN|16801|0|16801|0|0|419298
13038|FORD MOTOR CREDIT-FLEX|0|25782|7162|0|18620|419298
13039|FORD MOTOR CREDIT-RANGER|0|18943|0|0|18943|419298
13040|FORD MOTOR CREDIT-TAURUS|0|28697|1595|0|27102|419298
13041|BENEFICIAL SAVINGS BANK-ESCAPE|18262|0|6386|0|11876|419298
13042|BRIDGEWATER CREDIT UNION|16492|0|6264|0|10228|419304
13043|BRIDGEWATER CREDIT UNION|14804|0|5623|0|9181|419304
13044|BRIDGEWATER CREDIT UNION|18370|0|5824|0|12546|419304
13045|BRIDGEWATER CREDIT UNION|20090|0|6369|0|13721|419304
13046|BRIDGEWATER CREDIT UNION|18635|0|5908|0|12727|419304
13047|GRANDBRIDGE|900000|0|115979|0|784021|419305
13048|GMAC CREDIT|9312|36000|10856|0|34456|419309
13049|CHRYSLER CREDIT|13812|0|10872|0|2940|419309
13050|TD EQUIPMENT FINANCE|10693|0|6636|0|4057|419309
13051|FORD MOTOR CREDIT|9009|0|6773|0|2236|419309
13052|COMMERACE WEST BANK|168338|0|51283|0|117055|419326
13053|Ford Credit|26030|0|5253|0|20777|419350
13054|CHASE AUTO FINANCE|13601|0|6313|0|7288|419362
13055|GMAC|22016|0|4782|0|17234|419362
13056|GMAC|40392|0|7234|0|33158|419362
13057|INTERNATIONAL BROTHERHOOD|150000|0|0|0|150000|419363
13058|INTERNATIONAL BROTHERHOOD|78905|0|9101|0|69804|419363
13059|JP MORGAN CHASE BANK, N.A.|0|0|0|0|25126|419363
13060|NONE|0|0|0|0|0|419365
13061|GMAC|0|67877|3430|0|64447|419378
13062|GMAC|0|73296|0|0|73296|419378
13063|InterTel Telephone Leases|14781|0|4800|9981|0|419380
13065|CHRYSLER FINANCIAL|0|27722|5775|0|21947|419410
13066|Ford Credit Corp|80569|103236|28005|20902|134898|419419
13067|United Union of Roofers Trusteeship|49041|0|24000|0|25041|419419
13068|GMAC|54600|0|12600|0|42000|419419
13069|NONE|0|0|0|0|0|419420
13070|SEIU INTERNATIONAL|218616|0|187380|0|31236|419427
13071|Chrysler Financial|2184|0|2184|0|0|419450
13072|Ford Motor Co. Credit|163|0|163|0|0|419450
13073|GMAC|0|23129|2699|0|20430|419450
13074|NONE|0|0|0|0|0|419461
13076|N/A|0|0|0|0|0|419513
13077|Suntrust Bank|382594|0|58699|0|323895|419514
13078|NONE|0|0|0|0|0|419528
13079|TWU OF AMERICA|38567|30000|45858|0|22709|419548
13080|FIRST TENNESSEE BANK|0|50000|0|0|50000|419558
13081|MAN|616930|235006|0|57287|794649|419570
13082|MAN|60919|256034|246784|547|69622|419570
13083|MAN|4710|0|4710|0|0|419570
13086|NONE|0|0|0|0|0|419615
13087|Powernet Credit Loan-Auto Loan|8752|0|3012|0|5740|419620
13088|Powernet Credit Union-Auto Loan|14804|0|4020|0|10784|419620
13089|None|0|0|0|0|0|419622
13091|AFSCME INTERNATIONAL|66000|0|66000|0|0|419648
13092|Line of Credit - Credit Union|24349|0|24349|0|0|419651
13094|Amalgamated Bank of Chicago|1400000|1500000|1000000|0|1900000|419658
13095|UNITE HERE  Assistance Fd-NY|2500000|0|0|0|2500000|419658
13096|FORD MOTOR COMPANY|95679|0|35310|0|60369|419663
13097|NONE|0|0|0|0|0|419664
13098|POPULAR AUTO|1492|0|1492|0|0|419670
13099|NONE|0|0|0|0|0|419672
13101|EAGLE BANK AND TRUST|2331291|0|488848|0|1842443|419682
13103|SUNTRUST|3093870|0|671591|0|2422279|419697
13104|SUNTRUST|604589|0|81282|0|523307|419697
13105|FIRST MIDWEST BANK|1486550|0|54427|0|1432123|419697
13106|UCNB|9724|0|9724|0|0|419711
13107|LONG-TERM PENSION PAYBLE|236591|0|59148|0|177443|419711
13108|OPEIU-INT'L-UCNB PAYOFF|36000|0|0|36000|0|419711
13109|GMAC AUTO LOANS|95502|26000|15566|12420|93516|419711
13111|NONE|0|0|0|0|0|419729
13112|Ford Credit|10925|0|3866|0|7059|419733
13114|NONE|0|0|0|0|0|419773
13115|NONE|0|0|0|0|0|419784
13116|Beacon Federal|12295|0|12740|0|0|419808
13117|GMAC Notes|46610|0|46610|0|0|419824
13118|NONE|0|0|0|0|0|419826
13119|NE TEAMSTERS FCU|8323|30822|8323|0|30822|419834
13120|SOVEREIGN BANK|16939|0|16939|0|0|419834
13121|NONE|0|0|0|0|0|419863
13124|NONE|0|0|0|0|0|419880
13126|NONE|0|0|0|0|0|419887
13128|OLD SECOND NATIONAL BANK|3407610|0|504298|0|2903312|419904
13136|M&T Bank|98567|0|17711|0|80856|419936
13140|Paid off IRS|9011|0|9011|0|0|419960
13141|American Express|3866|0|3866|0|0|419960
13390|Ford Credit|62306|48080|15891|0|94495|420852
13144|ALLIANZ ANNUITY LOAN|12584|0|12584|0|0|419998
13145|IATSE INTERNATIONAL|0|15000|0|0|15000|419998
13146|National Postal Mailhandlers Union|107767|0|107767|0|0|420015
13147|O.P.C.M.I.A. INT'L UNION|100000|0|0|0|100000|420025
13148|NONE|0|0|0|0|0|420027
13149|NONE|0|0|0|0|0|420028
13150|NONE|0|0|0|0|0|420029
13151|GMAC|15743|0|15743|0|0|420031
13152|GMAC|14406|0|14406|0|0|420031
13153|GMAC|13960|0|13960|0|0|420031
13154|GMAC|14139|0|14139|0|0|420031
13155|GMAC|14071|0|14071|0|0|420031
13156|JOHNSON BANK|430705|2700000|3130705|0|0|420031
13157|JOHNSON BANK|0|2650000|128134|0|2521866|420031
13158|PATRIOT SUSQUEHANNA BANK|34386|0|13143|0|21243|420034
13159|UNION YES FCU AUTO LOAN|143110|0|65938|0|77172|420041
13160|N/A|0|0|0|0|0|420045
13161|FORD MOTOR CREDIT|0|122719|3409|0|119310|420052
13163|FORD CREDIT|16016|0|4469|0|11547|420069
13164|CaitalOne|13337|0|6736|0|6601|420077
13165|Bank of America|77972|0|5548|0|72424|420088
13166|WELLS FARGO BANK NA|243533|0|51681|0|191852|420089
13168|Auto loans|233871|78630|240306|0|72195|420092
13169|FORD CREDIT|28523|0|17114|0|11409|420096
13170|NONE|0|0|0|0|0|420097
13171|GMAC|28603|0|10424|0|18179|420109
13172|Home Street Bank|399367|0|8216|0|391151|420127
13174|Labor organizations|0|2000000|0|0|2000000|420142
13175|N/A|0|0|0|0|0|420155
13177|COPIER LEASE|5709|0|1813|0|3896|420183
13178|CHOICE ONE FCU|9665|0|9665|0|0|420184
13179|GMAC|0|17479|410|0|17069|420184
13180|FIRST NATIONAL COMM BANK|0|21859|1699|0|20160|420184
13181|GMAC & CHRYSLER FINANCIAL|91361|0|25778|0|65583|420188
13182|IUPAT AFL-CIO|365936|0|7285|0|358651|420194
13183|IBEW LOCAL 20 CREDIT UNION|1536|0|1536|0|0|420194
13184|IUPAT LOCAL|0|330000|0|0|330000|420194
13185|Chase Auto Finance|0|71882|71882|0|0|420198
13186|GMAC|36334|0|8617|0|27717|420200
13187|GMAC|17214|0|4082|0|13132|420200
13188|GMAC|20151|0|3510|0|16641|420200
13189|GMAC|0|21922|2341|0|19581|420200
13190|VALLEY NATIONAL BANK|14942|0|5397|0|9545|420200
13194|SUN TRUST BANK|865475|0|186201|0|679274|420203
13195|NONE|0|0|0|0|0|420205
13196|FORD MOTOR CREDIT|17145|0|5398|0|11747|420229
13197|GMAC|0|9125|3610|0|5515|420232
13198|Ford Motor Corp|7968|0|7968|0|0|420232
13199|Smith Barney/Citigroup|741685|5949|747634|0|0|420232
13200|UNION SAVINGS BANK|403538|0|11146|0|392392|420274
13201|UNITED FOOD AND COMMERCIAL|110415|0|36000|0|74415|420274
13202|ORGANIZING ADVANCE IBT|25000|0|0|25000|0|420282
13203|WACHOVIA BANK LINE OF CREDIT|0|60000|0|0|60000|420282
13204|WESBANCO BANK|0|52350|335|0|52015|420311
13205|GMAC PAYMENT PROCESSING CENTER|0|38979|1994|0|36985|420318
13206|GMAC PAYMENT PROCESSING CENTER|0|36099|3610|0|32489|420318
13207|UFCW Strike Fund|38186|127930|2941|0|163175|420352
13208|Crawford County Bank|79499|0|79499|0|0|420352
13209|UFCW Strike Fund|49766|0|49766|0|0|420352
13211|AMALGAMATED BANK OF NY|71533|0|42311|0|29222|420360
13212|CHASE BANK|0|23858|5964|0|17894|420360
13213|GMAC auto loan|700|0|700|0|0|420365
13214|Ford Credit - 2004 Ford|1545|0|1545|0|0|420367
13215|Ford Credit - 2005 Mercury|3135|0|3135|0|0|420367
13216|Chrysler Credit - 2005 Ford|8570|0|4490|0|4080|420367
13217|Inland Empire Trades Credit Union|15658|0|4332|0|11326|420370
13218|Inland Empire Trades Credit Union|22354|0|4085|0|18269|420370
13219|WELLS FARGO|10017|764|10781|0|0|420400
13220|MEMBER LOAN|0|2828|2828|0|0|420400
13221|CHASE BANK|21550|0|4834|0|16716|420405
13222|FORD MOTOR CREDIT CORP|19702|0|16309|0|3393|420415
13223|Ford Motor Credit - Vehicle|13954|0|6091|0|7863|420419
13224|Ford Motor Credit - Vehicle|24782|0|6609|0|18173|420419
13225|Old National Bank - Mortgage|80484|0|4624|0|75860|420419
13226|FORD CREDIT|0|14655|3547|0|11108|420426
13227|AUTOMOBILE FINANCING|7636|0|7636|0|0|420427
13228|AUTOMOBILE FINANCING|7523|0|7523|0|0|420427
13229|AUTOMOBILE FINANCING|7533|0|7533|0|0|420427
13230|Fifth Third Bank|905286|0|33719|0|871567|420428
13231|NONE|0|0|0|0|0|420442
13232|IA Local 45|128259|0|2627|0|125632|420445
13233|AUTOMOBILE LOAN|0|12606|238|0|12368|420488
13234|BANCO POPULAR|1297556|0|39471|0|1258085|420492
13235|UNION|319768|0|40000|0|279768|420499
13236|AVAYA FINANCIAL SERVICES|230580|0|129788|0|100792|420522
13237|HERE IU Loan|36972|0|36972|0|0|420526
13238|Cap Lease (phone system)|24845|0|10556|0|14289|420526
13239|Cap Lease (Security System)|6720|0|2477|0|4243|420526
13240|Cap Lease (Servers)|12391|0|2296|0|10095|420526
13241|Note Payable (Mercury Van)|15139|0|3893|0|11246|420526
13242|Note Payable (Ford Explr.)|17120|0|5165|0|11955|420526
13243|Note Payable (Freestar Van)|0|12107|3324|0|8783|420526
13244|Cape Bank (Equity Cr. Line)|0|109138|19200|0|89938|420526
13368|Bank of America Credit Card|4898|0|891|0|4007|420783
13249|First National Bank of Santa Fe|200000|0|88000|0|112000|420536
13250|GMAC|30092|0|8597|0|21495|420538
13251|FORD MOTOR COMPANY|25477|0|5515|0|19962|420538
13252|FORD MOTOR COMPANY|22483|0|4261|0|18222|420538
13254|FORD MOTOR CREDIT CORP|20010|0|8788|0|11222|420555
13255|FORD MOTOR CREDIT CORP|14600|0|6412|0|8188|420555
13256|FORD MOTOR CREDIT CORP|0|32066|461|0|31605|420555
13257|AFL - CIO Federal Credit Union|50672|0|50672|0|0|420556
13258|Credit Cards/Other (Net)|5099|5343|0|0|10442|420562
13259|M & I MARSHALL & ILSLEY BANK|545851|0|22547|0|523304|420565
13260|GCM FEDERAL CREDIT UNION|11982|0|3586|0|8396|420575
13261|N/A|0|0|0|0|0|420576
13262|N/A|0|0|0|0|0|420576
13263|N/A|0|0|0|0|0|420576
13264|N/A|0|0|0|0|0|420576
13265|N/A|0|0|0|0|0|420576
13266|N/A|0|0|0|0|0|420576
13267|N/A|0|0|0|0|0|420576
13268|N/A|0|0|0|0|0|420576
13269|N/A|0|0|0|0|0|420576
13270|N/A|0|0|0|0|0|420576
13271|N/A|0|0|0|0|0|420576
13272|CITIZENS BANK - AUTO LOAN|20975|0|8951|0|12024|420577
13273|NA/|0|0|0|0|0|420579
13276|NONE|0|0|0|0|0|420588
13277|Smith Barney|347|0|347|0|0|420591
13278|AFSA Scholarship Fund|280000|920000|85803|0|1114197|420591
13279|Chittenden Bank|0|42685|42685|0|0|420599
13280|Chrysler Financial|0|31861|31861|0|0|420599
13281|Chrysler Financial|0|26605|5912|0|20693|420599
13282|Chase Auto Finance|0|31813|7069|0|24744|420599
13283|Chase Auto Finance|0|32097|7133|0|24964|420599
13284|Chase Auto Finance|0|32097|7133|0|24964|420599
13285|Chase Auto Finance|0|32394|7199|0|25195|420599
13286|GMAC|0|59006|4667|0|54339|420599
13287|GMAC|0|36719|2740|0|33979|420599
13288|GMAC|0|38204|3119|0|35085|420623
13289|SAV'H BANK LINE OF CREDIT|104229|0|84305|0|19924|420629
13290|Ford Motor Company|0|26975|749|0|26226|420633
13291|Ford Credit|4073|0|4073|0|0|420633
13292|HP Computers|3725|0|3725|0|0|420633
13293|EMPLOYEE (PAYROLL ERROR)|3|0|0|0|3|420636
13294|None|0|0|0|0|0|420656
13295|FORD MOTOR CREDIT|0|24343|3909|0|20434|420658
13296|FORD MOTOR CREDIT|0|24718|4001|0|20717|420658
13297|FORD MOTOR CREDIT|0|24312|3903|0|20409|420658
13303|VARIOUS BANKS|8056708|0|239258|0|7817450|420685
13304|TD FINANCE AND EQUIPMENT|0|65500|2941|0|62559|420685
13305|SMW 19 VIRIVA CREDIT UNION|0|173457|81155|0|92302|420687
13306|CIT TECHNOLOGY FINANCIAL SERVICES|7934|0|2987|0|4947|420691
13307|CHASE BANK|0|126040|1829|0|124211|420698
13308|LINE OF CREDIT|0|1500000|0|0|1500000|420700
13309|NYS FED CREDIT UNION|7000|6000|13000|0|0|420704
13310|Amalgamated - Line of Credit|720000|0|180000|0|540000|420713
13311|Amalgamated - Bank Loan|3458197|0|1096865|0|2361332|420713
13312|Auto Loan - Ford Motor Credit|83543|0|61391|0|22152|420713
13313|Equipment Leases|130883|0|70848|0|60035|420713
13314|Ironstone Bank|389974|0|26302|0|363672|420715
13323|AMALGAMATED BANK|94510|0|22335|0|72175|420723
13324|BUSINESS VEHICLE FINANCE|17410|0|5767|0|11643|420723
13325|BUSINESS VEHICLE FINANCE|17140|0|5814|0|11326|420723
13326|BUSINESS VEHICLE FINANCE|17585|0|0|17585|0|420723
13327|BUSINESS VEHICLE FINANCE|18700|0|6174|0|12526|420723
13328|BUSINESS VEHICLE FINANCE|18491|0|6105|0|12386|420723
13329|CHASE AUTO FINANCE|67710|0|11769|0|55941|420723
13330|FORD CREDIT|19290|0|9165|0|10125|420723
13331|FORD CREDIT|8966|0|4872|0|4094|420723
13332|FORD CREDIT|3789|0|3789|0|0|420723
13333|FORD CREDIT|3928|0|3155|0|773|420723
13334|GMAC|0|26282|1760|0|24522|420723
13335|GMAC|0|48671|0|0|48671|420723
13336|Ford Motor Credit|7581|0|7581|0|0|420726
13337|Ford Motor Credit|6866|0|4472|0|2394|420726
13338|Ford Motor Credit|9486|0|9486|0|0|420726
13339|Ford Credit Credit|6958|0|4109|0|2849|420726
13340|Ford Motor Credit|8128|0|8128|0|0|420726
13341|Ford Motor Credit|7201|0|7201|0|0|420726
13342|Ford Motor Credit|7201|0|2928|0|4273|420726
13343|Ford Motor Credit|7201|0|2928|0|4273|420726
13344|Ford Motor Credit|8488|0|2976|0|5512|420726
13345|Lyon Financial|51903|0|12218|0|39685|420726
13346|Ford Motor Credit|0|20737|0|0|20737|420726
13347|GMAC|0|19074|0|0|19074|420726
13348|UFCW International|327000|0|60000|0|267000|420726
13349|FORD MOTOR CREDIT|26087|0|6957|0|19130|420739
13354|CAR LOAN|18092|0|3857|0|14235|420750
13355|BANK OF AMERICA|573656|0|18484|0|555172|420759
13357|UMB Bank, N.A.|93162|0|93162|0|0|420763
13358|GENWORTH|2260427|0|83076|0|2177351|420766
13359|SSB LIEN|1065713|70000|237749|0|897964|420766
13360|LOANS PAYABLE|400|0|0|0|400|420766
13361|GMAC for 2009 Chevy Suburban|0|50315|2097|0|48218|420770
13365|Bank Of America|87717660|0|6986952|0|80730708|420778
13366|Amalgamated Bank of New York|15000000|9000000|19000000|0|5000000|420778
13367|Ford Motor Credit Corp|12436|0|12436|0|0|420782
13369|Ford Motor Credit LN #4203|13121|0|4762|0|8359|420783
13370|Ford Motor Credit LN #2390|12928|0|4701|0|8227|420783
13371|GMAC LN #9133|17714|0|2974|0|14740|420783
13372|Automobile Loan|27711|0|27711|0|0|420791
13373|CAPITAL LEASE - IMAGISTICS|15523|0|3596|0|11927|420795
13374|Bank of America LOC|40000|120000|0|0|160000|420796
13377|NATIONAL BANK OF ARIZONA|188861|0|188861|0|0|420810
13378|UFCW INTERNATIONAL UNION|340000|0|180000|0|160000|420810
13380|GMAC|4775|0|0|4775|0|420813
13382|WACHOVIA BANK NA|19278714|0|600000|0|18678714|420824
13383|SEIU International|35000|0|0|0|35000|420831
13384|AUTO LOAN CHRYSLER 300C|15681|0|5799|0|9882|420834
13385|AUTO LOAN DODGE RAM|12012|0|4442|0|7570|420834
13386|Bank of America|53863|0|53863|0|0|420836
13387|Auto loans payable|109478|0|53658|0|55820|420851
13388|Signature Bank|47450|0|43008|0|4442|420852
13389|Santander Consumer|15114|0|3297|0|11817|420852
13391|NIssan|49356|0|7221|0|42135|420852
13392|Bank of America|0|37914|5136|0|32778|420852
13393|FORD CREDIT|48716|46387|32617|18676|43810|420855
13394|NONE|0|0|0|0|0|420857
13395|UNITE HERE International Union|281763|0|7000|0|274763|420868
13396|SEIU International Union|240000|0|40000|0|200000|420869
13397|GMAC|18282|0|4754|0|13528|420869
13398|NONE $5000 OR MORE|0|0|0|0|0|420871
13399|Ford Motor Credit|177055|83379|114133|0|146301|420877
13400|GMAC|26046|0|9836|0|16210|420877
13401|Bank of Utica|101224|51264|48975|0|103513|420877
13402|Bank of Utica|51556|0|51556|0|0|420877
13403|UFCW International Union|200000|0|183333|0|16667|420877
13404|UNITE HERE Affiliates Assistance|1264084|0|0|0|1264084|420885
13405|FORD CREDIT|75312|0|48989|6535|19788|420886
13411|BANK OF AMERICA|74925|75|0|75000|0|420900
13412|BANK OF AMERICA|99931|69|0|0|100000|420900
13413|LOAN FROM OFFICERS|14900|0|14900|0|0|420900
13414|NATIONAL POSTAL MAIL HANDLERS UNION|0|274613|0|0|274613|420900
13421|AMALGAMATED - SACRAMENTO|1155734|0|16502|0|1139232|420918
13422|AMALGAMATED - SAN JOSE|578540|0|8206|0|570334|420918
13423|Washington Mutual|155866|0|155866|0|0|421119
13424|1st Community Credit Union|0|160000|642|0|159358|421119
13425|Chase Bank|1697242|0|377812|0|1319430|421329
13426|FORD MOTOR CREDIT|101430|22148|37802|0|85776|421423
13427|General Motors Acceptance Corp.|0|32940|3294|0|29646|421430
13428|SEIU|0|1000000|0|0|1000000|421455
13429|CHASE|40594|0|4569|0|36025|421504
13430|EDWARD JONES|0|32143|0|0|32143|421570
13431|FORD MOTOR CREDIT - AUTO|14084|0|5633|0|8451|421606
13432|Enterprise fleet services|32640|0|32640|0|0|421747
13433|Republic Bank|3000000|0|2000000|0|0|421974
13434|None|0|0|0|0|0|422001
13435|SATURN OF OAKLAND|63727|21818|23504|0|62041|422025
13436|IAM & AW|0|102417|0|0|102417|422090
13437|M & I BANK|0|270000|2819|0|267181|422310
13438|LINE OF CREDIT|14000|15000|14000|0|15000|422384
13439|United Labor Credit Union|0|60000|14163|0|45837|422466
13442|CLOTHING WORKERS CENTER|4200000|0|0|0|4200000|422469
13443|UNITE HERE INTERNATIONAL|2750000|0|2750000|0|0|422469
13445|P-9 Pension Plan and Trust|33884|0|0|0|33884|422814
13446|NONE|0|0|0|0|0|422898
13447|NONE|0|0|0|0|0|422900
13450|Construction Loan|172035|0|3687|0|168348|423183
13451|Vehicle Loans|298938|241342|248950|0|310851|423183
13452|Mortgage Loan|381453|0|8174|0|373279|423183
13453|RBC Wealth Management|184694|0|135877|0|48817|423201
13454|Chrysler Financial, Inc.|17008|0|5750|0|11258|423206
13455|Credit Line|13986|0|13986|0|0|423609
13457|Quad City Bank & Trust|31475|0|9459|0|22016|424368
13459|NONE|0|0|0|0|0|424672
13460|TEAMSTERS CREDIT UNION|63357|0|36247|0|27110|424676
13461|TEAMSTERS CREDIT UNION|21070|0|21070|0|0|424676
13462|FORD MOTOR CREDIT|23905|0|8965|0|14940|424676
13463|FORD MOTOR CREDIT|23680|0|8880|0|14800|424676
13464|NONE|0|0|0|0|0|425099
13467|Ford Motor Credit Corp.|15796|0|6318|0|9478|425171
13468|GMAC|79516|0|17572|0|61944|425171
13469|NONE|0|0|0|0|0|425232
13470|LOAN PAYABLE - SEIU INTL|3850000|0|240000|0|3610000|425245
13471|LOAN PAYABLE - GMAC|33639|0|33639|0|0|425245
13472|Hometown National Bank|195600|0|74260|0|121340|425587
13473|Hometown National Bank|0|10100|1044|0|9056|425587
13474|Ford Credit|12919|0|5357|0|7562|425702
13475|Bank Of America|8883|0|5411|0|3472|425702
13476|Ford Credit|11955|0|4265|0|7690|425702
13477|Chase Automotive Finance|13588|0|4040|0|9548|425702
13478|Ford Credit|20121|0|4595|0|15526|425702
13479|NONE|0|0|0|0|0|425923
13480|Wells Fargo-Vehicle Notes|17137|0|7191|9946|0|425968
13481|GMAC-Vehicle Notes|0|96387|9639|0|86748|425968
13482|United Labor Bank|325947|0|325947|0|0|426080
13483|BLE&T|8100|0|0|0|8100|426140
13484|Atlanta Postal FCU|0|10161|2800|0|7361|426158
13485|HERE INTERNATIONAL|494381|0|6000|0|488381|426263
13486|JOHN NOLEN DR. LLC|0|153040|10840|0|142200|426370
13487|Edward D Jones|37391|0|0|1226|36165|426437
13488|Members of UWUALU|5550|0|0|5550|0|426554
13489|Auto Loan GMAC (4)|41924|0|41924|0|0|426554
13490|Auto Loan GMAC|19150|0|19150|0|0|426554
13491|Auto Loan GMAC (5)|0|167669|23050|0|144619|426554
13492|Auto Loan GMAC|0|22974|314|0|22660|426554
13493|COPPERMARK BANK|9268|0|9268|0|0|426641
13494|NONE|0|0|0|0|0|426644
13495|Ford Motor Credit Company|8169|56640|14779|0|50030|426646
13496|New England Teamsters Federal Credit Union|0|6000|719|0|5281|426646
13497|FNB-OMAHA|60044|0|8697|0|51347|426672
13500|District 57 Lodge|0|15000|10000|0|5000|427652
13501|UNITED LABOR BANK|379445|0|29513|0|349932|427654
13502|NATIONAL POSTAL MAIL HANDLERS|95841|26355|0|34812|87384|427656
13503|USWW DIST 7 STRIKE FUND|49996|0|0|0|49996|428089
13504|M&T AUTO 45954|9659|0|9659|0|0|428440
13505|M&T LINE OF CREDIT|42655|53501|47891|0|48265|428440
13506|M&T AUTO 59958|0|27183|3922|0|23261|428440
13507|GMAC AUTO 45472|0|20393|2402|0|17991|428440
13508|GMAC AUTO 47918|0|20393|2402|0|17991|428440
13509|GMAC AUTO 86673|0|20392|2401|0|17991|428440
13510|GMAC AUTO 87951|0|20229|2382|0|17847|428440
13511|GMAC AUTO 24320|0|25287|2107|0|23180|428440
13512|GMAC AUTO 22165|0|24759|1238|0|23521|428440
13513|Fideicomiso|103223|0|55000|0|48223|428441
13514|Unite Here International|286763|0|30000|0|256763|428494
13517|CREDIT CARD PAYABLE|151|70|151|0|70|428500
13518|ARC|8907|0|0|8907|0|428501
13519|CCI|730|0|0|730|0|428501
13523|CHSE BANK|356969|0|85879|0|271090|428878
13524|FIRST BANK|281851|0|38701|0|243150|428883
13532|Chase Auto Finance|3519|0|3519|0|0|430439
13533|GMAC|0|20076|669|0|19407|430439
13534|GMAC|0|25334|1689|0|23645|430439
13540|First Union Securities|562555|0|113968|0|448587|430722
13541|Teamsters Canada Rail Conference|734196|7681|0|0|741877|430722
13542|Key Bank Loan|773333|0|80000|0|693333|430722
13543|BUSINESS VEHICLE FINANCE|18314|0|5722|0|12592|430725
13545|SMALL BUSINESS ADMIN.|49355|0|3819|0|45536|430734
13546|NONE|0|0|0|0|0|430739
13547|International Brotherhood of Teamsters|100000|0|100000|0|0|430747
13548|NONE|0|0|0|0|0|430748
13554|UBS ACCT #5f 82727LB|1300000|0|0|0|1300000|430939
13563|First Bank & Trust|4271803|0|87470|0|4184333|431042
13564|Vehicle Loans|21284|0|13443|0|7841|431042
13565|U.F.C.W. International Union|71098|0|44000|0|27098|431042
13566|Retail, Wholesale|44000|0|0|0|44000|431051
13567|U.F.C.W. Int'l. Union|56044|0|36000|0|20044|431051
13568|First Commercial Bank|92110|0|2383|0|89727|431051
13569|G.M.A.C.|29367|0|3730|0|25637|431051
13570|Certificates payable|3350|0|0|0|3350|431057
13571|Auto loan|0|0|3786|0|35148|431057
13572|Ford Motor Credit|7462|0|7462|0|0|431157
13578|XEROX CORP|37235|0|2334|0|34901|431428
13579|Bancorp South|0|64761|4428|0|60333|431506
13580|CENTURY BANK OF THE OZARKS|26318|0|7009|0|19309|431538
13582|BUSINESS PARTNERS LLC|2502120|0|156729|0|2345391|431545
13587|BTA FEDERAL CREDIT UNION|8101|0|817|7284|0|431612
13588|BTA FEDERAL CREDIT UNION|11866|0|5076|0|6790|431612
13589|BTA FEDERAL CREDIT UNION|15816|0|6263|0|9553|431612
13590|BTA FEDERAL CREDIT UNION|21434|0|5815|0|15619|431612
13591|BTA FEDERAL CREDIT UNION|17292|0|3698|0|13594|431612
13592|GENERAL MTRS ACCEPT. CORP|0|31778|6485|0|25293|431612
13603|INTERNATIONAL LOAN|623343|0|3652|0|619691|432080
13604|INTERNATIONAL PER CAPITA|573159|0|0|0|573159|432080
13605|Ford Motor Credit|2312|0|2312|0|0|432093
13606|Ford Motor Credit|23871|0|6255|0|17616|432093
13616|Colonial Bank|26590|0|6796|0|19794|432172
13618|FORD CREDIT|29346|0|11823|0|17523|432381
13623|PARKWAY LOAN|600000|0|48000|0|552000|432555
13624|LOAN - JOSEPH SENESE|211521|96896|13000|257300|38117|432555
13626|None|0|0|0|0|0|432769
13630|GMAC|12335|24578|15066|0|21847|432933
13631|Chrysler Financial|16025|0|6631|0|9394|432933
13640|FORD MOTOR CREDIT|4960|0|4960|0|0|433234
13641|GMAC|31258|0|6392|0|24866|433234
13642|FORD MOTOR CREDIT|0|28500|3540|0|24960|433234
13645|Auto loans|166929|0|57084|0|109845|433295
13648|International Association of Firefighters|162896|0|42504|0|120392|433400
13651|N/A|0|0|0|0|0|433467
13665|Installment notes payable|5157|0|4302|855|0|433892
13666|Auto Loans|19304|21199|8124|0|32379|433914
13675|Chrysler Financial|6021|0|6021|0|0|433940
13696|East Side Neighborhood Develop.|0|21994|10997|0|10997|434101
13713|VACATION FUND|33073|42653|33073|0|42653|435403
13714|PENSION PLAN|276|0|276|0|0|435403
14085|N/A|0|0|0|0|0|437609
14086|NA|0|0|0|0|0|437609
14087|NA|0|0|0|0|0|437609
14088|N/A|0|0|0|0|0|437609
14089|N/A|0|0|0|0|0|437609
14090|N/A|0|0|0|0|0|437609
14091|N/A|0|0|0|0|0|437609
14092|N/A|0|0|0|0|0|437609
14093|N/A|0|0|0|0|0|437609
14094|N/A|0|0|0|0|0|437609
14095|N/A|0|0|0|0|0|437609
14099|NONE|0|0|0|0|0|437825
14107|0|0|0|0|0|0|438304
14120|Credit Cards|9800|34532|25520|0|18812|438522
14121|Line of Credit|0|137|0|0|137|438522
14141|M & I Bank |5975|541646|2755||544866|438752
14142|LOCAL 124 WELFARE FUND|0|10870|0|0|10870|438786
14155|N/A|0|0|0|0|0|439140
14165|SMALL BUSINESS ADMINISTRATION|0|110600|7528|0|100440|439251
14183|Plumbers 55 Federal Credit Union|7210|0|7210|0|0|439439
14184|Plumbers 55 Federal Credit Union|16933|0|8995|0|7938|439439
14185|Plumbers 55 Federal Credit Union|15505|0|11208|0|4297|439439
14186|Plumbers 55 Federal Credit Union|0|19889|1568|0|18321|439439
14196|LOAN INTERNATIONAL|2000|0|2000|0|0|439693
14204|FIRST CITIZENS BANK|0|45951|45951|0|0|439885
14217|None|0|0|0|0|0|440165
14278|N/P - 2007 Ford (Monarch)|10749|0|5149|0|5600|440600
14279|N/P - Buicks (Monarch)|8000|0|6573|0|1427|440600
14280|N/P - New Buick (Monarch)|19657|0|3391|0|16266|440600
14298|Smith Barney Line of Credit|105000|0|0||105000|441220
14301|Pinnacle National Bank|61070||46132||14938|441415
14304|none|0|0|0|0|0|441535
14337|Michael Bergman|15531|0|6099|0|9432|443073
14338|Apple Enterprise Services|0|11445|1303|0|10142|443073
14376|David L Boyd||5000|3066|0|1934|443832
14377|Juliet W Fuller||8110|4500||3610|443832
14383|NPWU PROTECH|6100||||6100|444023
14401|Line of Credit - Smith Barney|57214|0|57214|0|0|444363
14418|NPWU PROTECH|4214|0|0|0|4214|444546
14419|NATIONAL PRODUCTION WOKERS UNION|15000|14500|0|0|29500|444546
14420|Truck Drivers & Chauffeurs|791261|197101|0|0|988362|444546
14520|TOYOTA FINANCE|21706|0|4901|0|16805|446295
14583|Ford Auto Loan|6929|0|5191|0|1738|446828
14584|Ford Auto Loan|6994|0|5239|0|1755|446828
14585|Ford  Credit  Auto Loan|7280|0|5454|0|1826|446828
14586|Ford  Credit  Auto Loan|7097|0|4684|0|2413|446828
14587|Ford  Credit  Auto Loan|7034|0|5269|0|1765|446828
14588|Ford  Credit  Auto Loan 8386|23797|0|6131|0|17666|446828
14589|Ford  Credit  Auto Loan 8599|33142|0|6857|0|26285|446828
14590|Ford  Credit  Auto Loan 8486|28026|0|7221|0|20805|446828
14591|Ford  Credit  Auto Loan 2852|27919|0|7193|0|20726|446828
14592|Ford  Credit  Auto Loan 8381|27516|0|7089|0|20427|446828
14593|Federation of Public Employees, AFL-CIO|682815|262931|0|0|945746|446828
14683|WEST AMERICA BANK|11833|0|2324|0|9509|448135
14887|NONE|0|0|0|0|0|449149
14913|United Labor Bank|2368127|0|2368127|0|0|449246
14914|George Elkin|0|3500000|76548|0|3423452|449246
14915|Loan 2007|0|881033|429669|0|451364|449246
14916|SEIU Local 1877|156786|890683|862375|0|185094|449250
15004|LOAN PAYABLE - ROOF|73333|0|16000|0|57333|449876
15005|CAPITAL LEASE - TELEPHONE|3583|0|2446|0|1137|449876
15597|n/a|0|0|0|0|0|456526
15642|N/A|0|0|0|0|0|458855
15652|NEFCU|17626|102865|25918||94573|459589
15687|FRASER SYSTEMS|0|40017|7674|0|32343|461324
15718|TRI-STATE BANK|99909||13309||86600|462901
15719|AFSCME INTERNATIONAL|3639||3639||0|462901
15720|TRI-STATE BANK CREDIT LOAN||69044|69044|0|0|462901
16177|N/A|0|0|0|0|0|468587
16219|SERVICE EMPLOYEES INTERNATIONAL UNION|152500|0|152000|500|0|469395
16574|XEROX COPIER LOANS|65140|0|65140|0|0|477377
21142|Council 79 - Bldg Corp|92661||1671||90990|533505
21143|Due to Council 79 - Bldg Corp|18261|1369|||19630|533505
21501|Building Loan, United Labor Bank|487614|0|16348|0|471266|536853
22795|Amalgamated Bank|1360000|0|960000|0|400000|556520
22796|Building Loans|121817|0|0|0|121817|556520
24355|AUTO LOAN|0|100000|26135|0|73865|586471
