OID|SOURCE|LOANS_OWED_START|LOANS_OBTAINED|CASH_REPAYMENT|NON_CASH_REPAYMENT|LOANS_OWED_END|RPT_ID
29568|FORD MOTOR CREDIT|0|40992|10440|0|30552|656409
29374|NONE|0|0|0|0|0|654522
27894|Ally|36910|0|619|0|36291|634338
27895|M&T Bank|3243|0|354|0|2889|634338
28205|PNC|126098|0|11815|0|114283|638438
29375|N/A|0|0|0|0|0|654535
28918|Union Bank - VISA Charge Card|0|4696|0|0|4696|642967
29273|EASTERN BANK MORTGAGE|298434|0|10433||288001|649164
29276|SunTrust Line of Credit|2503819|0|2503819|0|0|649202
29286|Certificate payable|3350|0|0|0|3350|649227
29311|OPEIU International Union |13750|0|13750|0|0|649842
29312|NONE|0|0|0|0|0|649854
29313|DC 33 LEGAL SERVICES PLAN|122544|0|0|0|122544|649863
29317|NONE|0|0|0|0|0|649952
29319|COMERICA BANK|830998|0|116200|0|714798|650286
29320|KEY BANK LINE OF CREDIT|0|1500000|1500000||0|650322
29321|LOAN FROM NYSNA INVESTMENT ACCOUNT|0|1000000|1000000||0|650322
29322|NONE|0|0|0|0|0|650450
29323|OHWBST|100000|100000|100000||100000|650474
29324|FORD MOTOR CORP|66985|103503|27890|50173|92425|650536
29325|ALLY FINANCIAL||28128|5671||22457|650536
29326|NONE|0|0|0|0|0|650548
29331|Wayne Motors Inc.|0|41148|1143|0|40005|650562
29333|Transport Workers Union AFL/CIO|20000||10000|10000|0|650632
29334|M&T Bank|544729|200000|94205||650524|650643
29341|None|0|0|0|0|0|652593
29346|BUSEY BANK|52901|0|14407|0|38494|653255
29347|FORD MOTOR CREDIT|55195|0|17956|0|37239|653255
29348|MORTON COMM BANK|20434|0|5028|0|15406|653255
29349|Vehicle Loan|24513||5747||18766|653354
29350|Mortgage Loan|607859|0|607859||0|653358
29351|Mortgage Loan|0|613400|7504||605896|653358
29352|NOEFCU|226814|0|15712|0|211102|653386
29353|FORD CREDIT|7350||7350||0|653406
29354|FORD CREDIT|8535||1859||6676|653406
29355|ALLY|0|12057|1619||10438|653406
29361|N/A|0|0|0|0|0|653860
29362|none|0|0|0|0|0|653870
29363|BANK OF O'FALLON MORTGAGE LOAN|78867|0|28312|0|50555|653945
29364|NONE|0|0|0|0|0|653969
29365|NONE|0|0|0|0|0|654054
29366|NONE|0|0|0|0|0|654092
29367|First State Bank|10707|0|5102|0|5605|654096
29368|NONE|0|0|0|0|0|654113
29369|N/A|0|0|0|0|0|654146
29370|NONE|0|0|0|0|0|654244
29371|NONE|0|0|0|0|0|654272
29372|Great American Capital lease on projector 60 mo|37912|0|10118||27794|654373
29373|NONE|0|0|0|0|0|654377
29378|John Seid|1086||1084||2|654571
29379|Rita Russell||1494|||1494|654571
29380|2015 CHEVY TRAVERSE AUTO LOAN|29733||5589||24144|654615
29381|JOINT APPRENTICE FUND|13200|0|13200|0|0|654622
29382|AUTO LOANS|77299|206753|94906||189146|654691
29383|Pacific Maritime Association|62891||10571||52320|654693
29384|NONE|0|0|0|0|0|654740
29385|Ally Bank - Auto Loan|21157|0|21157|0|0|654755
29386|COOP. CASA DEL TRABAJADOR|23651|0|23651|0|0|654818
29387|VEGACOOP MORTGAGE|519681|0|52620|467061|0|654818
29388|NONE|0|0|0|0|0|654849
29389|MORTGAGE PAYABLE|152612|0|18940|0|133672|654875
29390|NOTE PAYABLE - M&M AUTO|15094||15094||0|654967
29391|NONE|0|0|0|0|0|654989
29392|NONE|0|0|0|0|0|654990
29393|FINANCIAL INSTITUTION|0|60576|848||59728|655044
29394|NONE|0|0|0|0|0|655052
29395|NONE|0|0|0|0|0|655069
29397|NONE|0|0|0|0|0|655109
29398|FORD MOTOR CREDIT CORP|18191|0|5900|0|12291|655195
29399|FORD MOTOR CREDIT CORP|18155|0|5888|0|12267|655195
29400|FORD MOTOR CREDIT CORP|18329|0|5945|0|12384|655195
29401|FORD MOTOR CREDIT CORP|17776|0|5925|0|11851|655195
29402|FORD MOTOR CREDIT CORP|17776|0|5925|0|11851|655195
29403|XEROX CORPORATION|2885||591|2294|0|655246
29404|XEROX CORPORATION||7043|489||6554|655246
29405|Long-term Debt|285658|0|88971|0|196687|655249
29406|NONE|0|0|0|0|0|655260
29408|Ford Motor Credit|5218||5218||0|655266
29409|Ford Motor Credit||36689|20639||16050|655266
29410|FIRST COLLINSVILLE BANK|60127|0|13867|0|46260|655268
29411|FIRST COLLINSVILLE BANK|94037|0|22625|0|71412|655268
29412|FIRST COLLINSVILLE BANK|23993|0|18282|0|5711|655268
29413|FIRST COLLINSVILLE BANK|0|90204|7199|0|83005|655268
29414|NONE|0|0|0|0|0|655271
29416|Chrysler Capital|0|16146|9559|0|6587|655337
29417|NONE|0|0|0|0|0|655345
29418|none|0|0|0|0|0|655385
29419|CHASE|18916|0|5832||13084|655388
29420|N/A|0|0|0|0|0|655398
29421|NONE|0|0|0|0|0|655418
29422|First Niagra|13413||3743||9670|655428
29427|NONE|0|0|0|0|0|655493
29428|NONE|0|0|0|0|0|655494
29429|NONE|0|0|0|0|0|655504
29435|NONE|0|0|0|0|0|655538
29436|NONE|0|0|0|0|0|655596
29437|NONE|0|0|0|0|0|655622
29438|PACIFIC NW IRONWKRS CU|9129|0|3240|0|5889|655636
29439|Ford Motor Credit|7080||1923||5157|655647
29440|Ford Motor Credit|15886||15886||0|655647
29441|Ford Motor Credit|13631||13631||0|655647
29442|Ford Motor Credit|13597||13597||0|655647
29443|Due to Affliates|600000||600000||0|655647
29444|Ford Motor Credit|0|38992|559||38433|655647
29445|Ford Motor Credit|0|31800|455||31345|655647
29446|Ford Motor Credit|0|33008|0||33008|655647
29447|Ford Motor Credit|0|38593|552||38041|655647
29448|Ford Motor Credit|0|33008|0||33008|655647
29449|Ford Motor Credit|0|38887|557||38330|655647
29450|Ford Motor Credit|0|31355|448||30907|655647
29451|NONE|0|0|0|0|0|655663
29452|NONE|0|0|0|0|0|655665
29453|Diamond Credit Union|22833|0|4469|0|18364|655675
29456|N/A|0|0|0|0|0|655694
29457|UNION BANK & TRUST CO|0|2000000|18716|0|1981284|655699
29458|NONE|0|0|0|0|0|655708
29459|Chrysler|8736|623|4376||4983|655719
29460|S&T Bank|1000|1|1001||0|655719
29461|ALLY BANK (AUTO)|15731|0|15731|0|0|655731
29462|N/A|0|0|0|0|0|655750
29463|NONE|0|0|0|0|0|655753
29464|United Association|250000|0|55000||195000|655779
29465|Ford Credit|29930||6858||23072|655780
29466|NONE|0|0|0|0|0|655787
29467|Regions|839336||56326||783010|655821
29468|Regions|2186113||67259||2118854|655821
29469|Regions|377896||242908||134988|655821
29473|N/A|0|0|0|0|0|655852
29474|UNITED BUSINESS BANK LOAN|4237651||873876||3363775|655859
29475|UBS FINANCIAL SERVICES|4875553||0||4875553|655859
29476|Horizon Bank|0|3232125|0|0|3232125|655899
29477|Eversource|20814|0|7346|0|13468|655907
29478|New England Regional Council of Carpenters|0|250000|15528|0|234472|655907
29480|Lessor-Presidio|34020|0|34020|0|0|655936
29481|Lessor-Pitney Bowes|44050|0|18408|0|25642|655936
29482|Lessor-Delange|107998|0|46175|0|61823|655936
29483|Lessor-Xerox|187408|0|38032|0|149376|655936
29484|Lessor-Presidio|50178|0|21418|0|28760|655936
29485|Lessor-Carousel|0|48758|7534|0|41224|655936
29486|Lessor-Presidio|0|126311|26978||99333|655936
29487|NONE|0|0|0|0|0|655941
29488|Bank or Labor|0|35250|5464|0|29786|655952
29489|WESTERN OPE PENSION PLAN|50904|0|775|0|50129|655953
29490|NONE|0|0|0|0|0|655961
29492|NONE|0|0|0|0|0|655975
29493|LAWLESS, INC.|20914|0|3668||17246|655990
29494|NONE|0|0|0|0|0|655993
29495|BANK OF LABOR|713104||60032||653072|655997
29496|AUTOMOBILE LOAN|0|7295|202|0|7093|656002
29497|Ford Motor Credit|5600||5600||0|656023
29498|Ford Motor Credit|6278||6278||0|656023
29499|Ford Motor Credit||28922|1641||27281|656023
29500|NBT BANK|0|110877|0|0|110877|656024
29501|NONE|0|0|0|0|0|656026
29503|HORIZON BANK|614034|0|210825|0|403209|656039
29504|CHASE AUTO FINANCE|28530|0|12962|0|15568|656043
29505|NONE|0|0|0|0|0|656044
29506|BOA Investment Fund III, LLC|10612500|0|0|10612500|0|656047
29507|BOA Investment Fund III, LLC|4387500|0|0|4387500|0|656047
29508|Enterprise-Capital Lease on Vehicles|1529515|659537|592456|0|1596596|656047
29509|POWERNET CREDIT UNION|186119||9625||176494|656059
29511|NONE|0|0|0|0|0|656100
29512|NONE|0|0|0|0|0|656110
29513|NONE|0|0|0|0|0|656114
29514|NONE|0|0|0|0|0|656116
29515|Illinois Bank & Trust Auto Loans|22232|30000|19536|0|32696|656121
29516|Ford Credit|16865|0|6150|0|10715|656123
29517|Bank of Labor|513550|0|20333|0|493217|656123
29518|AUTOMOBILE LOAN||20994|2472||18522|656125
29520|ALLY - 2016 GMC YUKON|52994|0|52994|0|0|656137
29521|ALLY - 2017 GMC ACADIA|0|29597|3450|0|26147|656137
29522|Ally Financial|15838|0|15838|0|0|656139
29523|FORD CREDIT|35327|0|5930||29397|656142
29524|NONE|0|0|0|0|0|656145
29525|CLEARVIEW FCU|63453|0|33683|0|29770|656158
29526|NONE|0|0|0|0|0|656165
29527|NONE|0|0|0|0|0|656202
29528|Notes Payable - Taurus|0|74123|30824|0|43299|656205
29529|NONE|0|0|0|0|0|656207
29530|Not Applicable|0|0|0|0|0|656219
29531|First NBC|700000||700000||0|656247
29532|WESBANCO COMMERCIAL LOAN|229618|222368|9892|0|442094|656250
29533|PowerNet Credit Union|60904|12391|15636|0|57659|656251
29534|NONE|0|0|0|0|0|656253
29535|PNC Bank Term Loan $500K|249746|0|99897|0|149849|656258
29536|Ford Credit Auto Loan|0|48354|0|0|48354|656258
29537|Automobile Loan|31581|0|6398|0|25183|656267
29538|NONE|0|0|0|0|0|656279
29539|SAGCD|24000||||24000|656290
29540|INTERNATIONAL|24000||||24000|656290
29541|DUE TO OFFICERS|0|20614|16786||3828|656290
29542|DUE TO LOCAL 1922|80938||500||80438|656290
29543|Bank of America|1104396||80738||1023658|656313
29544|Ally Financial Auto|7128||7128||0|656313
29545|Ford Credit|10873||10873||0|656313
29546|UFCW International Union|91370||90000||1370|656313
29547|NONE|0|0|0|0|0|656318
29548|Bank of America|279131||135403||143728|656325
29549|Alaria Capital Group|15271||5090||10181|656325
29550|Konica|63318||15507||47811|656325
29551|NONE|0|0|0|0|0|656334
29552|COMMERCE BANK|1286349||56818||1229531|656335
29553|ALLY BANK|46001|0|46001|0|0|656344
29554|NONE|0|0|0|0|0|656345
29555|CREDIT CARD BALANCES|6715|10044|6715||10044|656365
29556|UNCLAIMED VACATION FUND CHECKS|8051||239||7812|656365
29557|STEELCASE FINANCIAL SERVICE|0|28256|7057||21199|656373
29558|NONE|0|0|0|0|0|656381
29559|IBEW LOCAL NO. 313|146036|0|0|0|146036|656396
29560|IBEW LOCAL NO. 313|121114|0|0|0|121114|656396
29561|IBEW LOCAL NO. 313|112787|0|0|0|112787|656396
29562|FORD MOTOR CREDIT|32777|0|0|32777|0|656409
29563|FORD MOTOR CREDIT|20913|0|0|20913|0|656409
29564|FORD MOTOR CREDIT|35171|0|0|35171|0|656409
29565|FORD MOTOR CREDIT|0|45356|7778|0|37578|656409
29566|FORD MOTOR CREDIT|0|45459|0|0|45459|656409
29567|FORD MOTOR CREDIT|0|44462|7600|0|36862|656409
29888|ALLIANCE BANK-2709 BLOOMFIELD |193812|0|6507|0|187305|662646
29569|T.D. BANK|270000|0|175621|0|94379|656409
29570|FIRST BANK OF DELAWARE|4785505||625139||4160366|656439
29571|0|0|0|0|0|0|656440
29572|None|0|0|0|0|0|656444
29573|none|0|0|0|0|0|656470
29577|PROMISSORY NOTE|177280|0|34879|0|142401|656486
29578|Grand Bank |0|100000|100000|0|0|656493
29580|BB&T COMMERCIAL LOAN|471525|0|471525|0|0|656503
29581|PNC - TRANS FROM 372|0|114283|114283|0|0|656503
29582|ALLY BANK|0|49500|2470|0|47030|656525
29583|BB&T BANK & TRUST L/T|52311|0|52311|0|0|656530
29584|NONE|0|0|0|0|0|656532
29585|NONE|0|0|0|0|0|656538
29586|FIRST SOUTHERN BANK|584978||41410||543568|656545
29587|XEROX|618||618||0|656545
29588|FORD MOTOR CREDIT||38508|539||37969|656545
29589|Pitney Bowes Equipment Lease|15195|0|13980|0|1215|656549
29590|NONE|0|0|0|0|0|656553
29591|NONE|0|0|0|0|0|656554
29592|Chrysler Capital|90148|45235|24978||110405|656555
29593|SUN TRUST BANK|0|27500|4642|0|22858|656560
29594|AMALGAMATED BANK|2544841|0|0|0|2544841|656568
29595|CISCO SYSTEM CAPITAL CORP.|278639|0|92880|0|185759|656568
29596|CREDIT CARDS|14763|26729|14763||26729|656572
29597| NO. CA CARPENTERS REGIONAL COUNCIL |1642288|0|54905||1587383|656597
29598|IBEW International Office Loan|41500|0|41500|0|0|656598
29599|ANB Bank|11435|0|11435|0|0|656598
29600|Western States OPEIU Pension Fund|0|102608|0|0|102608|656598
29601|NONE|0|0|0|0|0|656602
29614|Bank of Labor|288482|50000|45298|0|293184|656610
29615|Community Bank|17720|0|16446|0|1274|656615
29617|First NBC Bank|205055||205055||0|656633
29618|ALLY FINANCIAL--TRUCK NOTE|30851|0|4373|0|26478|656634
29619|AFT TEXAS|0|250000|65739||184261|656636
29620|CONSTRUCTION CRAFTS|0|380000|34837||345163|656636
29621|NONE|0|0|0|0|0|656643
29622|Bryn Mawr Trust Bank|95354|18300|18829|0|94825|656645
29623|PNC Bank|0|37000|5000|0|32000|656645
29624|Massachusetts Nurses Association|0|300000|35109|0|264891|656645
29625|NONE|0|0|0|0|0|656646
29630|JP MORGAN|2549600|32803013|32871473|0|2481140|656651
29631|Bank of Labor|527885||389424||138461|656652
29632|AUTOMOBILE LOANS|19784|48119|22229|5193|40481|656653
29633|ALLY AUTO- BANK|30749|0|2490|0|28259|656654
29634|FORD CREDIT- AUTO FINANCER|29594|0|3911|0|25683|656654
29635|FORD CREDIT- AUTO FINANCER|29411|0|3857|0|25554|656654
29636|ALLY AUTO- BANK|23936|0|3067|0|20869|656654
29637|ALLY AUTO- BANK|23432|0|3008|0|20424|656654
29638|ALLY AUTO- BANK|39243|0|3182|0|36061|656654
29639|None|0|0|0|0|0|656658
29644|GMAC CREDIT CORPORATION|151011|0|151011|0|0|656680
29645|CHRYSLER CREDIT|15686|0|15686|0|0|656680
29646|BRENTWOOD BANK|1612281|0|149057|0|1463224|656680
29647|Ally Bank - Auto Loan|32196|0|5638||26558|656684
29648|NA|0|0|0|0|0|656688
29649|NONE|0|0|0|0|0|656693
29650|First Tennessee Bank|149994|0|58778|0|91216|656694
29651|Ford Motor Credit|72998|35281|24636|0|83643|656694
29652|JP Morgan Chase|105090||96546||8544|656710
29653|n/a|0|0|0|0|0|656716
29654|KONICA MINOLTA|6077|0|6077|0|0|656719
29655|Ford Motor Credit|30570|0|3902|26668|0|656736
29656|Ford Motor Credit|28635|0|2817|25818|0|656736
29660|NO. CA CARPENTERS REGIONAL COUNCIL|2036581|0|172956|0|1863625|656755
29661|Citibank|51545000|0|3833150||47711850|656764
29673|Capital Lease Obligation|2434||1236||1198|656789
29675|TD Bank|129272|0|61910|0|67362|656803
29676|Ford Financial|52506||11888||40618|656808
29677|Chrysler Financial|40504||11857||28647|656808
29678|Ally Financial|62906||12061||50845|656808
29679|Diversified Members CU LOC|0|750000|||750000|656808
29680|Ford Motor Credit|11157|0|11157|0|0|656809
29681|Ford Motor Credit|0|25818|2817|0|23001|656809
29682|Ford Motor Credit|0|26668|2813|0|23855|656809
29683|Ally Bank|20937|0|20937|0|0|656815
29684|Ally Bank|0|23109|1305|0|21804|656815
29685|NONE|0|0|0|0|0|656820
29687|N/P-POWERNET (AUTO)|0|18063|0|0|18063|656823
29692|BANK OF HAWAII|850000||||850000|656859
29693|BANK OF AMERICA CREDIT CARDS-NET|7099|1552|||8651|656893
29694|LEASE BUYOUT PAYABLE|3360|0|3360||0|656893
29695|REC FUND PAYABLE|1300|0|1300||0|656893
29696|Automobile Loans|11746|68403|12698|0|67451|656895
29697|Line of Credit Suntrust Bank|0|88245287|88245287||0|656973
29698|N/A|0|0|0|0|0|657025
29699|CHASE BANK|829490|0|829490|0|0|657118
29700|PITNEY BOWES|894|0|894|0|0|657118
29701|SSMRC|0|550000|0|0|550000|657118
29702|Note Payable - vehicle|27801|0|5420|0|22381|657149
29703|Notes Payable - vehicles|0|175749|13082|0|162667|657149
29705|Loan From National|25000|0|2675|0|22325|657316
29706|TRAVELERS CASUALTY|259250|0|208900|50350|0|657318
29708|FORD CREDIT|42762|0|24273|0|18489|657337
29709|155 WEST 46 OWNER LLC|4010843|0|75193||3935650|657342
29711|N/A - None|0|0|0|0|0|657497
29712|COMMONWEALTH BANK||1500000|||1500000|657526
29713|Citizens One - Auto Loan|22030||5997||16033|657546
29714|AMALGAMATED BANK|0|709182|0|0|709182|657548
29718|Bridge Loan|0|600000|0|0|600000|657586
29719|Auto Loans|16055||10140|845|5070|657596
29720|RWDSU|58821||15585||43236|657596
29721|ALLY|11359|0|5245|0|6114|657610
29722|UNION YES FEDERAL CREDIT UNION|0|13446|3635|0|9811|657610
29723|UNION YES FEDERAL CREDIT UNION|0|13329|3621|0|9708|657610
29724|UNION YES FEDERAL CREDIT UNION|0|13206|3581|0|9625|657610
29725|OPEIU INTERNATIONAL|0|50000|4167|0|45833|657610
29726|none|0|0|0|0|0|657793
29727|Mortgage|33628|0|8790|0|24838|657880
29728|Automobile|7452|0|7452|0|0|657880
29729|FORD CREDIT|14192|0|14192|0|0|658102
29732|N/A|0|0|0|0|0|658221
29733|Ford Credit|3665|0|3665|0|0|658286
29734|Ford Credit|10450|0|6040|0|4410|658286
29735|CWA NATIONAL|187692|||3226|184466|658307
29737|CWA WASHINGTON, DC|269933|0|12423|0|257510|658453
29738|Amalgamated Bank of Chicago|1100000|0|1100000|0|0|658491
29739|PEOPLES NATIONAL BANK|13487|0|6113|0|7374|658534
29740|Citezens One|20309||6322||13987|658546
29741|OP&CMIA Lu 40 App. Fd.|0|105700|0|0|105700|658605
29742|DUE TO WASHINGTON NATIONAL STRIKE FUND|1176979|0|1172087|0|4892|658643
29745|UnionTrack|140000|0|39200|100800|0|658678
29746|Advanced Dues from National|0|251000|251000||0|658716
29747|SOUTHSIDE BANK|28548|0|7664|0|20884|658756
29748|SOUTHSIDE BANK|21702|0|5690|0|16012|658756
29749|DELL BUSINESS CREDIT|2161|320|1200|0|1281|658756
29750|Pinnacle Partners|1697120|0|160671||1536449|658779
29751|0|||||0|658788
29752|SOUTHSIDE BANK|0|15788|4677|0|11111|658807
29753|SOUTHSIDE BANK|0|10066|2982|0|7084|658807
29754|SOUTHSIDE BANK|0|16043|4753|0|11290|658807
29755|Regions|61616||8500||53116|658839
29756|Regions|38990|8254|||47244|658839
29757|MORTGAGE PAYABLE|56513|0|3889|0|52624|658881
29758|CWA NATIONAL|123984|0|1647|0|122337|658906
29759|CWA AFL-CIO, CLC National Union|557669|0|57053|0|500616|658907
29760|FORD CREDIT|0|16500|8500|0|8000|658910
29761|NONE|0|0|0|0|0|658919
29762|CWA NATIONAL|666133|0|0|33282|632851|658936
29763|N/A|0|0|0|0|0|658952
29764|East Boston Savings Bank|41197|0|21091|0|20106|658958
29765|CWA - National|244735|0|3147|0|241588|658979
29766|ATLANTIC COAST BANK|193135|0|69509|0|123626|658994
29770|AUTOMOBILE INSTALLMENT LOAN|3267|0|3267||0|659060
29771|260 PARK AVENUE REALTY CORP|41240487|0|46658|11310|41234230|659098
29772|49 EAST 21 COMPANY, INC.|8433327|0|0|2800|8433327|659098
29773|National Basketball Players Association|0|554613|50000|504613|0|659105
29774|Marlin Leasing Corp|14877|0|14877||0|659126
29775|US Ameri Bank |0|16215|0||16215|659126
29776|US Ameri Bank |0|18318|0||18318|659126
29777|First NBC|21008|0|21008||0|659126
29778|First NBC|23731|0|23731||0|659126
29779|NONE|0|0|0|0|0|659135
29780|FORD MOTOR CREDIT|11263|0|11263|0|0|659142
29781|FORD MOTOR CREDIT|28687|0|8827|0|19860|659142
29782|ALLY|0|38582|5252|0|33331|659142
29783|COMMERCE BANK|0|33338|493|0|32845|659142
29784|US Bank NA|12069|0|12069|0|0|659147
29785|Certificates payable|0|3350|0|0|3350|659147
29786|LOAN PAYABLE|5188391|||5188391|0|659154
29787|CWA INTERNATIONAL|54273|0|11756|0|42517|659208
29788|CWA INTERNATIONAL|206065|0|9358|0|196707|659215
29789|SEIU, INTERNATIONAL|60000|0|60000|0|0|659218
29790|Capital Lease (Xerox x7525)|1199|0|1199|0|0|659222
29791|Capital Lease (Phone System)||9896|579|0|9317|659222
29792|Unin Yes FCU - Line of Credit|93059|0|16505|0|76554|659235
29793|KONICA MINOLTA PREMIER FINANCE|97163||97163||0|659237
29794|KONICA MINOLTA|48860||27492||21368|659237
29795|CANON LEASE||478375|55810||422565|659237
29796|NEOPOST LEASE||133423|6029||127394|659237
29797|CAROUSEL INDUSTRIES|291204||59685||231519|659237
29798|PNC BANK|118545|0|9233|0|109312|659259
29799|NOT APPLICABLE|0|0|0|0|0|659260
29800|PROMISSORY NOTE CWA INT'L|90867|0|5231|0|85636|659282
29801|CTU LOCAL 101-12|38599|80405|59699|0|59305|659309
29802|WASH TYPO FED CR UN|30000|0|20093|0|9907|659309
29803|INTERSTATE SERVICE COMPANY|0|32216|5000|0|27216|659309
29804|NONE|0|0|0|0|0|659315
29805|International Union|57723|0|6583||51140|659706
29824|First Mid-Illinois Bank|7422|0|5527||1895|660271
29829|CWA INTERNATIONAL|792287|0|792287||0|660302
29830|CWA INTERNATIONAL||722578|15095||707483|660302
29831|FIRST TN BANK NATL ASSOC|37626|0|5377||32249|660477
29832|Ford Motor Credit Company|18589|0|18589|0|0|660547
29833|Ally Financial|0|34361|3353|0|31008|660547
29837|NO LOANS PAYABLE |0|0|0|0|0|660661
29838|NONE|0|0|0|0|0|660678
29839|NONE|0|0|0|0|0|660699
29840|N/A|0||||0|660708
29845|Ford Credit|12659|0|5478|0|7181|661623
29846|NJ STATE FRATERNAL ORDER OF POLICE|250446|0|5500|0|244946|661627
29847|Car Loan|16388|0|4847|0|11541|661670
29863|NONE|0|0|0|0|0|661862
29868|RWDSU NATIONAL|129145|0|14179|0|114966|661952
29869|No loan was made|||||0|661968
29881|Ford Credit||29169|1696||27473|662407
29882|N/A|||||0|662434
29883|None|0|0|0|0|0|662443
29885|Notes Payable-Autos|2033|0|2033||0|662543
29886|TD Auto Finance|0|60092|8348|0|51744|662568
29887|None|0|0|0|0|0|662635
30116|BUSEY BANK|715732||29706||686026|666554
29889|FNB Bank|184000|0|184000||0|662650
29890|Ford Motor Credit|4354|0|4354||0|662650
29891|NONE|0|0|0|0|0|662677
29892|NONE|0|0|0|0|0|662704
29893|CHASE AUTO FINANCE|51393|0|7186||44207|662708
29894|UNION BANK & TRUST|153866|0|15690|0|138176|662796
29895|NONE|0|0|0|0|0|662810
29896|Toledo Postal Employees Credit Union|77496|0|14541|0|62955|662813
29897|Loan Payable to WIT Federal Credit Union|13234|0|13234|0|0|662838
29898|Loan Payable to Ford Credit|14248|0|14248|0|0|662838
29899|Loan Payable to Ford Credit|12420|0|5380|0|7040|662838
29900|Loan Payable to Wells Fargo Dealer|11496|0|5407|0|6089|662838
29901|Loan Payable to WIT Federal Credit Union|9446|0|6792|0|2654|662838
29902|Loan Payable to Ford Credit|0|36500|5265|0|31235|662838
29903|Loan Payable to WIT Federal Credit Union|0|31305|2402|0|28903|662838
29904|Loan Payable to WIT Federal Credit Union|0|26107|804|0|25303|662838
29905|Loan Payable to WIT Federal Credit Union|0|71000|257|0|70743|662838
29906|KUBOTA CREDIT|11294|0|4674||6620|662906
29907|N/A|0|0|0|0|0|662957
29908|PLATINUM LEASING|8417|0|3572|0|4845|662958
29909|UFCW INTL|0|202480|151860|0|50620|662958
29910|AMERICAN NATIONAL BK.|210340|0|41281|0|169059|662968
29911|NONE|0|0|0|0|0|663003
29914|ALLY FINANCIAL|23151|0|11858||11293|663026
29915|TEAMSTERS CREDIT UNION|32587|0|7524|0|25063|663086
29916|GM Financial Services|0|52929|1847|0|51082|663100
29917|Mortgage 150 Hartwell ST W. Boylston|539743||48865||490878|663107
29918|Auto Loan|6454||3628||2826|663107
29919|Auto Loan|16641||4214||12427|663107
29920|Local 4 Joint Apprentice Committee|5946|||5946|0|663107
29921|RC Cubed|104932|0|2771|0|102161|663124
29922|CHRYSLER CAPITAL|0|35167|4884|0|30283|663133
29923|ALLY FINANCIAL|14652||588|14064|0|663189
29924|ALLY FINANCIAL|14779||855|13924|0|663189
29925|ALLY FINANCIAL|15452||697|14755|0|663189
29926|ALLY FINANCIAL|17698||665|17033|0|663189
29927|ALLY FINANCIAL||35324|6087||29237|663189
29928|ALLY FINANCIAL||38841|6075||32766|663189
29929|ALLY FINANCIAL||37085|6718||30367|663189
29930|ALLY FINANCIAL||35047|6098||28949|663189
29931|PNC Bank|3552||3116|436|0|663201
29932|CREDIT CARDS|0|3019|||3019|663215
29933|Labor Organization|20000|0|0||20000|663221
29934|PNC Bank|66852|0|66852|0|0|663240
29935|Commerce Bank|92841|0|92841|0|0|663332
29936|NONE|0|0|0|0|0|663370
29937|NONE|0|0|0|0|0|663393
29938|NONE|0|0|0|0|0|663447
29939|UNION YES FEDERAL CREDIT UNION|12610|0|5165|0|7445|663481
29940|VISA - CREDIT CARD|6928|1255|0|0|8183|663481
29941|N/A|0|0|0|0|0|663546
29942|N/A|0|0|0|0|0|663557
29943|NONE|0|0|0|0|0|663667
29944|NONE|0|0|0|0|0|663709
29945|NONE|0|0|0|0|0|663833
29946|N/A|0|0|0|0|0|663850
29947|FORD MOTOR CREDIT|16876|0|16876|0|0|663866
29948|N/A|0|0|0|0|0|663907
29949|N/A|0|0|0|0|0|663907
29950|N/A|0|0|0|0|0|663907
29951|N/A|0|0|0|0|0|663907
29952|N/A|0|0|0|0|0|663907
29953|N/A|0|0|0|0|0|663907
29954|N/A|0|0|0|0|0|663907
29955|N/A|0|0|0|0|0|663907
29956|N/A|0|0|0|0|0|663907
29957|N/A|0|0|0|0|0|663907
29958|N/A|0|0|0|0|0|663907
29959|N/A|0|0|0|0|0|663907
29960|AUTO LOAN - FORD CREDIT|0|8000|8000|0|0|663923
29961|None|0|0|0|0|0|664085
29962|NONE|0|0|0|0|0|664087
29963|0|0|0|0|0|0|664110
29964|Laborers Local 1098|50703|0|5871|0|44832|664135
29965|Laborers Local 355|50703|0|5872|0|44831|664135
29966|Laborers Local 1076|50703|0|5872|0|44831|664135
29967|Laborers Local 499|50703|0|5871|0|44832|664135
29968|Laborers Local 1191|50702|0|5871|0|44831|664135
29969|Laboers Local 1329|50702|0|5871|0|44831|664135
29970|None|0|0|0|0|0|664146
29973|NONE|0|0|0|0|0|664163
29974|MORTGAGE PAYABLE - M&T BANK|305990|0|28760|0|277230|664165
29975|AUTO LOAN|3905|0|1548|0|2357|664165
29976|FIRST NATIONAL BANK|0|16000|2367||13633|664173
29977|Roofers Local JATC|10625||7500||3125|664173
29978|The Finishing Trades Institute of New York|104197|0|9869|0|94328|664174
29979|Ford Credit|0|26810|430|0|26380|664174
29980|ALLY BANK|0|19450|0|0|19450|664253
29981|N/A|0|0|0|0|0|664291
29982|VINTON COUNTY BANK|136008|0|13375||130631|664328
29983|PRINTER LEASE|11204|0|1991|0|9213|664332
29984|NONE|0|0|0|0|0|664360
29985|Vehicle loan|33026|0|8160|0|24866|664369
29986|ALLY AUTO|20634|0|20634||0|664402
29987|ALLY AUTO|27217|0|27217||0|664402
29988|NONE|0|0|0|0|0|664555
29989|N/A|0|0|0|0|0|664565
29990|Bank of Springfield|1789226|0|79912||1709314|664578
29991|National Bank of SC|92616||43199||49417|664593
29992|First National Bank|44085|0|21115||22970|664731
29993|Loans Payable on Building|483574|0|62079||421495|664754
29994|Noone|0|0|0|0|0|664782
29995|NONE|0|0|0|0|0|664819
30000|0|0|0|0|0|0|664852
30002|NONE|0|0|0|0|0|664929
30003|NONE|0|0|0|0|0|664993
30004|M&T Bank |771543|0|69755|0|701788|665067
30005|Owed To Other Funds|49843|7038|49843|0|7038|665067
30006|Auto Loan Ford Fusion Grey|1055||1055||0|665083
30007|Auto Loan Ford Fusion Bordeaux|700||700||0|665083
30008|Auto Loan Ford Explorer 2016|45767||12730||33037|665083
30009|Auto Loan Ford Explorer 2017|45272||10596||34676|665083
30010|NONE|0|0|0|0|0|665125
30011|FORD MOTOR CREDIT CO.|110303|44655|72117|0|82841|665219
30012|CHRYSLER CAPITAL|20060|0|20060|0|0|665219
30013|CAPITAL LEASE PAYABLE - PHONE SYSTEM|7665|0|5606|0|2059|665224
30015|BCTGM International|0|30000|3663||26337|665236
30016|Note Payable - Paducah Bank||15000|||15000|665240
30017|Ford Motor Credit|44502|0|6525|0|37977|665287
30018|FORD CREDIT|23371|29037|17269||35139|665301
30019|A. Soter car loan|28622|0|7988|0|20634|665304
30020|P. Carroll car loan|29393|0|7519|0|21874|665304
30021|J. White car loan|0|30279|439|0|29840|665304
30022|GRANITE CITY STEEL CREDIT UNION|37062|0|15026|0|22036|665348
30023|M & T BANK|230000|0|60000|0|170000|665500
30024|NONE|0|0|0|0|0|665506
30025|FORD MOTOR CREDIT|9193|0|4910|0|4283|665507
30026|ALLY BANK|43089|0|43089|0|0|665507
30027|ALLY BANK|22519|0|4904|0|17615|665507
30028|FORD MOTOR CREDIT|21934|0|5223|0|16711|665507
30029|ALLY BANK|0|35951|2437|0|33514|665507
30030|GM FINANCIAL|0|66802|2227|0|64575|665507
30031|CHRYSLAR CAPITAL LOAN|10620|0|7965|0|2655|665515
30032|N/A|0|0|0|0|0|665516
30033|Local 19-D Welfare Fund||244981|||244981|665522
30034|NONE|0|0|0|0|0|665549
30035|OHIO TEAMSTERS CREDIT UNION|27928|0|5958|0|21970|665566
30036|OHIO TEAMSTERS CREDIT UNION|31122|0|6668|0|24454|665566
30037|OHIO TEAMSTERS CREDIT UNION|28056|0|6012|0|22044|665566
30038|Ford Credit|17997|0|6014|0|11983|665609
30039|Copier lease buyout|1344|0|0|1344|0|665611
30040|UNITED BUSINESS BANK|181788||5730||176058|665625
30041|NONE|0|0|0|0|0|665627
30042|GM FINANCIAL|0|24612|24612||0|665663
30043|JP MORGAN CHASE|244321|0|7089||237232|665782
30044|LINCOLN AUTOMOTIVE FINANCIAL|22601|0|4255|0|18346|665819
30045|EAST BOSTON SAVINGS BANK|29977|0|7607|0|22370|665819
30046|TD Bank - Vehicle Loan|0|11059|1879|0|9180|665822
30047|Peoples United Bank CC|1589|11457|13046|0|0|665822
30048|American Express CC|0|3032|3032|0|0|665822
30049|FORD MOTOR CREDIT|8144|0|4297|0|3847|665826
30050|PRO SERV|1102|0|1102|0|0|665826
30051|PNC BANK MORTGAGE|238593|0|8116|0|230477|665847
30052|International Union, UAW|136451||41083||95368|665850
30053|WORKERS UNITED|85317|0|0|0|85317|665855
30054|Ally Bank|47363|0|9560||37803|665856
30055|AFM NO INTRST NOTE DUE 2021|1920|0|500|0|1420|665875
30056|NONE|0|0|0|0|0|665888
30057|Morgan Stanley line of credit|413694|0|49453|0|364241|665895
30058|Ally Bank auto loans|107711|0|49165|0|58546|665895
30059|Armstrong Bank Truck Loan|16116|0|7855|0|8261|665897
30060|ALLY BANK AUTO LOAN|14814|0|4558|0|10256|666043
30061|AUTO LOAN-ALLY|18576|0|10526|0|8050|666058
30062|AUTO LOAN-ALLY|21946|0|12435|0|9511|666058
30063|AUTO LOAN-ALLY|30769|0|6589|0|24180|666058
30064|AUTO LOAN-ALLY|34244|0|8445|0|25799|666058
30065|CHRYSLER CAPITAL|9503||7458||2045|666076
30066|CHRYSLER CAPITAL|9996||9996||0|666076
30067|FORD MOTOR CREDIT CO||30612|1562||29050|666076
30068|FORD MOTOR CREDIT CO||23150|1252||21898|666076
30070|NONE|0|0|0|0|0|666103
30072|DE LAGE LANDEN|6787|0|6787|0|0|666157
30075|Credit Card Payable-VISA|490|368|490|0|368|666173
30076|Credit Card Payable-VISA|84|112|84|0|112|666173
30077|Houston Musicians Fed Credit Union|27504|0|20210|0|7294|666173
30078|FORD MOTOR COMPANY|50309|0|10385|0|39924|666202
30086|0|0|0|0|0|0|666215
30087|NONE|0|0|0|0|0|666242
30088|IA Local 45|97781|0|5404|0|92377|666289
30089|OPEIU International Union|13845|0|13845||0|666299
30090|IBEW Credit Union|370893|0|18779||352114|666299
30091|FORD CREDIT|6638|0|6638|0|0|666302
30092|FORD CREDIT|7220|0|7220|0|0|666302
30093|AUTOMOBILE LOAN|10396|0|10396|0|0|666346
30094|AUTOMOBILE LOAN|26203|0|5081|0|21122|666346
30095|AUTOMOBILE LOAN|41929|0|8205|0|33724|666346
30096|AUTOMOBILE LOAN|0|44352|1664|0|42688|666346
30097|Central Bank of the Ozarks|4282|0|4282|0|0|666402
30098|Sheet Metal Workers Local #80|1633357|36165|0|0|1669522|666418
30099|Sheet Metal Workers Local #80|291095|0|81809|0|209286|666418
30100|Roofers Local Property Company|312382|0|3600|0|308782|666421
30101|COPIER CAPITAL LEASE|589||589||0|666448
30102|Vehicle Loan|0|34326|7628|0|26698|666463
30103|INTERNATIONAL UNION OF BRICKLAYERS|147000||42000||105000|666464
30104|FORD CREDIT|9262||9262||0|666464
30105|National Grid|24233|0|19040|0|5193|666468
30107|0|0|0|0|0|0|666529
30108|NOT APPLICABLE|0|0|0|0|0|666533
30109|Tulsa Federal Credit Union |34781|0|4696|0|30085|666538
30110|COMMUNITY BANK 3.74%-4.64%|150666|99936|101414|0|149188|666542
30111|FORD CREDIT|14114|0|5645|0|8469|666546
30112|CHASE AUTO FINANCE|26275|0|6174|0|20101|666546
30113|FORD CREDIT|22674|0|5674|0|17000|666546
30114|FORD CREDIT|30951|0|6651|0|24300|666546
30115|Chase Bank|427200|0|57600|0|369600|666553
30354|Ford Credit Loan|0|10000|1041|0|8959|668607
30117|Autos - Ford Motor Credit|0|31947|5858|0|26089|666559
30118|NONE|0|0|0|0|0|666569
30119|NONE|0|0|0|0|0|666571
30120|NONE|0|0|0|0|0|666580
30121|N/A|0|0|0|0|0|666702
30123|LINCOLN AUTO FINANCIAL SVC|18575|0|7311|0|11264|666779
30124|Ford Motor Credit|19490|0|5438||14052|666802
30125|Ford Motor Credit|7965|0|2471||5494|666802
30127|None|0|0|0|0|0|666819
30128|N/A|0|0|0|0|0|666840
30129|NONE|0|0|0|0|0|666851
30130|CHRYSLER CAPITAL|12024||3401||8623|666857
30131|NPWU PROTECH|6100|0|0|6100|0|666862
30132|NPWU|0|217867|0|0|217867|666862
30133|Credit Card Payable|1595||1595||0|666872
30134|None|0|0|0|0|0|666873
30135|LOAN - JOSEPH SENESE|1124|0|0|0|1124|666876
30136|NORTHBROOK LOAN - 005|263060|0|94211|0|168849|666876
30137|NORTHBROOK LOAN - 006|137491|0|45837|0|91654|666876
30138|LOAN - LOCAL 707|1154394|283805|0|1154394|283805|666876
30139|ALLY GMAC|86569|0|16304|0|70265|666890
30140|TELEPHONE SYSTEM|4678|0|1404|0|3274|666890
30141|NE TEAMSTERS FCU|85236|0|40632|0|44604|666892
30142|FIRST STATE BANK|14483|0|4616|0|9867|666912
30143|INTERNATIONAL BROTHERHOOD OF TEAMSTERS|56807|0|15980|0|40827|666912
30144|N/A|0|0|0|0|0|666945
30145|1st Community Bank|145710|0|2846|0|142864|666993
30146|Teleconnect Lease|3004|0|1030||1974|667052
30147|Toledo Teamsters Federal CU|33275|0|33275|0|0|667057
30148|IUOE LOCAL 003|5000000||||5000000|667058
30149|IUOE LOCAL 004|2000000||||2000000|667058
30150|IUOE LOCAL 012|2000000||||2000000|667058
30151|IUOE LOCAL 012 BURIAL FD|1000000||||1000000|667058
30152|IUOE LOCAL 015|7000000||||7000000|667058
30153|IUOE LOCAL 017|250000|250000|||500000|667058
30154|IUOE LOCAL 018|2000000||||2000000|667058
30155|IUOE LOCAL 030|2000000||||2000000|667058
30156|IUOE LOCAL 037|250000||||250000|667058
30157|IUOE LOCAL 039|1000000||||1000000|667058
30158|IUOE LOCAL 039 EDUC FD|250000||||250000|667058
30159|IUOE LOCAL 066|2000000||||2000000|667058
30160|IUOE LOCAL 101|1000000||||1000000|667058
30161|IUOE LOCAL 103|250000||||250000|667058
30162|IUOE LOCAL 103 STRIKE FD|250000||||250000|667058
30163|IUOE LOCAL 112|1000000||||1000000|667058
30164|IUOE LOCAL 132|1000000||||1000000|667058
30165|IUOE LOCAL 132 HPE|1000000||||1000000|667058
30166|IUOE LOCAL 137|1000000||||1000000|667058
30167|IUOE LOCAL 139|3000000||||3000000|667058
30168|IUOE LOCAL 158|1000000||||1000000|667058
30169|IUOE LOCAL 181|500000||||500000|667058
30170|IUOE LOCAL 234|500000||||500000|667058
30171|IUOE LOCAL 295|250000||||250000|667058
30172|IUOE LOCAL 302|7000000||||7000000|667058
30173|IUOE LOCAL 324|2000000||||2000000|667058
30174|IUOE LOCAL 399|500000||||500000|667058
30175|IUOE LOCAL 420|300000||||300000|667058
30176|IUOE LOCAL 450|1000000||||1000000|667058
30177|IUOE LOCAL 463|250000||||250000|667058
30178|IUOE LOCAL 478|250000||||250000|667058
30179|IUOE LOCAL 513|1000000||||1000000|667058
30180|IUOE LOCAL 520|250000||||250000|667058
30181|IUOE LOCAL 542|3000000||||3000000|667058
30182|IUOE LOCAL 649|500000||||500000|667058
30183|IUOE LOCAL 793|1000000||||1000000|667058
30184|IUOE LOCAL 825|5000000||||5000000|667058
30185|IUOE LOCAL 841|1000000|1000000|||2000000|667058
30186|IUOE LOCAL 68||500000|||500000|667058
30187|IUOE LOCAL 115||500000|||500000|667058
30188|IUOE LOCAL 178||250000|||250000|667058
30189|IUOE LOCAL 148||250000|||250000|667058
30190|IUOE LOCAL 351||500000|||500000|667058
30191|WELLS FARGO CREDIT LINE||33040626|3201165||29839461|667058
30192|FORD CREDIT|47493|17631|13227|0|51897|667065
30193|Ford Motor Credit#17|19369||6641||12728|667082
30194|Ford Motor Credit #14|12170||8581||3589|667082
30195|Ford Motor Credit #15|14175||14175||0|667082
30196|Chrysler Motor Credit #16|24779||24779||0|667082
30197|Chrysler Motor Credit #18||46183|6414||39768|667082
30198|Chryslet Motor Credit #19||30901|4133||26768|667082
30199|UA Local 73|802414||24573||777841|667084
30200|Alley|3608||3608||0|667084
30201|NBT Bank|296576||10506||286070|667084
30202| ||||||667096
30203|NONE|0|0|0|0|0|667098
30204|n/a|0|0|0|0|0|667112
30205|M&T BANK - AUTO LOANS|34322|0|8180|0|26142|667115
30206|NONE|0|0|0|0|0|667124
30208|NONE|0|0|0|0|0|667150
30209|TEAMSTERS CREDIT UNION|139495|0|22984|0|116511|667164
30210|CIT|12273|0|2484|0|9789|667169
30211|Seafarers Int'l Union of N.A.- AGLIW|970000|0|100000||870000|667172
30212|FORD CREDIT|129346|0|47035|0|82311|667177
30213|NONE|0|0|0|0|0|667181
30214|Seafarers Int'l Union of N.A.- AGLIW|2136950|457323||2318358|275915|667188
30215|FORD MOTOR CREDIT|12086||5659||6427|667225
30216|IBEW LOCAL FCU|6293|0|1585|0|4708|667228
30217|NO LOANS|0|0|0|0|0|667241
30218|GM Financial|58380|50985|17145|0|92220|667263
30219|Ally|28096|0|28096|0|0|667263
30220|NONE|0|0|0|0|0|667276
30221|Line of credit|97592|0|45|0|97547|667278
30222|Cherry Avenue Loan|938778|0|24644|0|914134|667278
30223|Auto loan|0|66327|713|0|65614|667278
30224|Building Loans|116754|0|0|0|116754|667283
30225|N/A|0||||0|667287
30226|SEIU INTL. UNION|300000|0|0|0|300000|667291
30227|Chrysler Financial|20372|0|0|20372|0|667313
30228|Ford Motor Credit - Auto loan|80017||44931||35086|667326
30229|Ascentium - Truck loan|69062||69062||0|667326
30230|United Business Bank - Truck loan|0|75621|11259||64362|667326
30231|Salisbury Bank & Trust Co|578701|0|155700|39218|383783|667350
30232|GM Financial|0|18129|4769|0|13360|667350
30233|AFSCME COUNCIL 27|50000|0|0|0|50000|667353
30234|CAPITAL LEASE|42504||12844||29660|667357
30235|Ford Motor Credit|62727|0|18866|0|43861|667375
30236|NPWU PROTECH|4214|6311|0|4214|6311|667385
30237|TRUCK DRIVERS, CHAUFFEURS & WHSEMEN|3007838|409160|0|3007838|409160|667385
30238|NPWU INSURANCE FUND|52446|48623|0|0|101069|667385
30239|NPWU|245631|0|0|245631|0|667385
30240|CLEVELAND & VICINTY 707|0|10450|0|0|10450|667385
30241|THE BANK OF EDWARDSVILLE|14738||4958||9780|667386
30242|OPCMIA|181950|0|81950|0|100000|667407
30243|n/a|0|0|0|0|0|667590
30244|Webster Bank|70985|0|6233|0|64752|667612
30245|Discovery Federal Credit Union|1748|0|1748|0|0|667659
30246|Discovery Federal Credit Union|3922|0|3336|0|586|667659
30247|Burke And Herbert Line of Credit|249000|535873|536000||248873|667678
30252|Ford Motor Credit|14272||6410||7862|667689
30253|FORD MOTOR CREDIT|0|69482|69482|0|0|667710
30254|AMALGAMATED BANK CONSTRUCTION LOAN|0|7814584|0|0|7814584|667725
30255|NONE|0|0|0|0|0|667726
30256|LINE OF CREDIT - BANK OF AMERICA|1204686|0|243529|0|961157|667734
30257|IMCU Operating Loan $25,000 CD|2636|0|2636|0|0|667742
30258|IMCU 2010 Lincoln MKZ|1782|0|1782|0|0|667742
30259|Star Financial Line-Of-Credit (Bldng Collateral)|1842|0|1842|0|0|667742
30260|IMCU 2006 Buick Lucerne|2147|0|2147|0|0|667742
30261|IMCU 2016 Lincoln MKZ|0|24931|4689|0|20242|667742
30262|FORD EXPLORER AUTO LOAN|8342|0|6256|0|2086|667776
30263|FORD TAURUS AUTO LOAN|9045|0|5644|0|3401|667776
30264|GMC TERRAIN AUTO LOAN|13869|0|6553|0|7316|667776
30265|JEEP PATRIOT AUTO LOAN|9933|0|2874|0|7059|667776
30266|UNITED BUSINESS BANK|218058||106862||111196|667779
30267|ETTELSON- CADILLAC BUICK GMC|0|16993|2061|0|14932|667806
30268|NONE|0|0|0|0|0|667815
30269|N/A|0|0|0|0|0|667816
30270|total loan payable|0|0|0|0|0|667818
30271|Ford Motor Credit|13253|0|9125|0|4128|667822
30272|IBEW 146 CREDIT UNION|19392||5982||13410|667833
30273|NE TEAMSTERS FCU|30663|12927|13698||29892|667855
30274|KEY BANK|9986||4792||5194|667855
30275|LOANS PAYABLE - FIRST COMMONWEALTH|364253|0|19545|0|344708|667858
30276|LOANS PAYABLE - URA|165924|0|7489|0|158435|667858
30277|NONE|0|0|0|0|0|667867
30278|NONE|0|0|0|0|0|667874
30279|GEORGE ELKINS|2646979||144962||2502017|667875
30280|NONE|0|0|0|0|0|667876
30281|Auto Loans Payable|91061|0|54283|0|36778|667898
30282|NONE|0|0|0|0|0|667975
30283|Ford Credit|20139|530|20669|0|0|667982
30284|NONE|0|0|0|0|0|668015
30285|N/A|0|0|0|0|0|668018
30286|0|0|0|0|0|0|668086
30287|Ford Credit|0|64023|3698|0|60325|668088
30288|NONE|0|0|0|0|0|668119
30289|0|0|0|0|0|0|668129
30290|BANK OF AMERICA|6536391|0|432250|0|6104141|668135
30291|Union Yes Credit Union|72241|0|72241|0|0|668148
30292|AUTO LOAN|6689|0|6689|0|0|668160
30293|Bank of Labor|0|800000|17210|0|782790|668175
30294|TRADESMAN COMMUNITY CREDIT UNION|4661|0|4661|0|0|668252
30295|FORD MOTOR CREDIT COMPANY|9969|0|7007|0|2962|668275
30296|Elmira Savings Bank|361236||14482||346754|668279
30297|STREDC|465872||24358||441514|668279
30298|Avaya Capital|5221||1825||3396|668279
30299|RICHLAND BANK|18790|0|18790|0|0|668282
30300|NONE|0|0|0|0|0|668285
30301|NOEFCU|142059|61746|47207|0|156598|668286
30302|SUNTRUST - JOILET, IL|460435|0|273871|0|186564|668324
30303|FORD CREDIT|18653||14922||3731|668330
30304|AMERISERV|256264||15990||240274|668331
30305|COMMUNITY FIRST|34108||2927||31181|668331
30306|Old Second National Bank|1295673|0|70515|0|1225158|668352
30307|NONE|0|0|0|0|0|668373
30308|0|0|0|0|0|0|668381
30309|Everbank Commerical Finance|7174|0|1746|0|5428|668404
30310|NONE|0|0|0|0|0|668417
30312|Whitney National Bank line of credit|0|267570|||267570|668421
30311|FORD CREDIT (12 AUTOMOBILES)|0|222861|222861|0|0|668420
30313|none|0|0|0|0|0|668430
30314|0|0|0|0|0|0|668433
30315|0|0|0|0|0|0|668433
30316|0|0|0|0|0|0|668433
30317|0|0|0|0|0|0|668433
30318|0|0|0|0|0|0|668433
30319|0|0|0|0|0|0|668433
30320|0|0|0|0|0|0|668433
30321|0|0|0|0|0|0|668433
30322|0|0|0|0|0|0|668433
30323|0|0|0|0|0|0|668433
30324|0|0|0|0|0|0|668433
30325|0|0|0|0|0|0|668433
30326|N/A|0|0|0|0|0|668457
30327|NONE|0|0|0|0|0|668458
30328|Ford Motor Credit|0|42927|42927|0|0|668459
30329|Ford Motor Credit|31461|61232|39625|0|53068|668469
30330|NONE|0|0|0|0|0|668478
30331|NONE|0|0|0|0|0|668483
30332|SEIU International|375000|0|0|0|375000|668484
30333|Ally Bank|41598|0|41598|0|0|668495
30334|Lincoln Financial|0|35912|2261|0|33651|668495
30335|GM Financial|0|29118|1729|0|27389|668495
30336|NONE|0|0|0|0|0|668509
30337|N/A|0|0|0|0|0|668517
30338|First Tennessee|138688|0|5412|0|133276|668532
30339|NONE|0|0|0|0|0|668559
30340|NONE|0|0|0|0|0|668568
30341|AUTO LOAN - ALLY|12999|0|1397|11602|0|668572
30342|AUTO LOAN - ALLY|13496|0|6606|0|6890|668572
30343|AUTO LOAN - ALLY|13738|0|6798|6940|0|668572
30344|AUTO LOAN - ALLY|14825|0|5999|0|8826|668572
30345|AUTO LOAN - ALLY|0|26956|4168|0|22788|668572
30346|AUTO LOAN - ALLY|0|18310|0|0|18310|668572
30347|FIRST BANK AND TRUST|28263||12782||15481|668575
30348|GMAC|16346||16346||0|668575
30349|FORD MOTOR CO|7767||7767||0|668575
30350|FIRST BANK AND TRUST|25371||9874||15497|668575
30351|FIRST BANK AND TRUST|0|45623|0||45623|668575
30352|ALLY CREDIT|77156||71385||38974|668597
30353|WELLS FARGO |27000||7200||19800|668597
30578|Horizon Bank|16377||4590||11787|670687
30355|NONE|0|0|0|0|0|668629
30356|CHRYSLER CREDIT|35182|0|11830|0|23352|668630
30357|DUE TO PUBLIC|2186918|253000||2186918|253000|668640
30358|FORD ESCAPE - 246672|7149||5740||1409|668640
30359|FORD ESCAPE - 83653|5983||4802||1181|668640
30360|FORD F-150 - 57751|9313||7479||1834|668640
30361|FORD EDGE - 29475|31661||7807||23854|668640
30362|FORD ESCAPE - 3837|31662||5277||26385|668640
30363|FORD ESCAPE - 5793|31589||5265||26324|668640
30364|None|0|0|0|0|0|668650
30365|SEIU|20872||||20872|668659
30366|SEIU|845900||200000||645900|668659
30367|MORTGAGE POPULAR|857527||73190||784337|668659
30368|PNC Construction Loan|1049693|0|55311|0|994382|668668
30369|PA ISRP Loan|377656|0|37364|0|340292|668668
30370|None|0|0|0|0|0|668726
30371|LINE OF CREDIT|693492||173037||520455|668771
30372|Auto Loan Payable|24972|0|8814|0|16158|668774
30373|NONE|0|0|0|0|0|668777
30374|None|0|0|0|0|0|668779
30375|NONE|0|0|0|0|0|668783
30376|NONE|0|0|0|0|0|668797
30377|PLUMBERS & FITTERS LOCAL 675 FEDERAL CREDIT UNION|45681||29459||16222|668809
30378|IBERIABANK LINE OF CREDIT|3122|22334|17497|0|7959|668824
30379|CHRYSLER CAPITAL|20146|0|5341|0|14805|668825
30380|UNION YES FEDERAL CREDIT UNION|125922|0|27319|0|98603|668852
30383|Automobile Loan|22427|0|5567|0|16860|668865
30384|COMMUNITY BANK|68079||22717||45362|668873
30385|Ally Bank/GM Financial|117342|70425|49651||138116|668874
30386|Ford Motor Credit|6188|0|6188||0|668874
30387|Bank of the West|2343147|0|2343147|0|0|668895
30388|NONE|0|0|0|0|0|668941
30389|LAFCU Credit Union|15457|0|10198|0|5259|668950
30390|N/A|0|0|0|0|0|668976
30391|Ally Bank - Car Loan|1078|0|1078|0|0|669058
30392|Plumbers 55 Federal Credit Union|17714|0|10529|0|7185|669060
30393|Plumbers 55 Federal Credit Union|22435|0|12092|0|10343|669060
30394|Plumbers 55 Federal Credit Union|0|10324|3373|0|6951|669060
30395|Peoples National Bank|38367|0|4955|0|33412|669075
30396|NONE|0|0|0|0|0|669088
30397|LINE OF CREDIT - BANK OF LABOR|2499774|0|2499774|0|0|669092
30398|FORD MOTOR CREDIT CO.|112726|48601|81415|0|79912|669101
30399|ALLY BANK|5896|0|5218|0|678|669101
30400|Pinnacle Bank|0|150000|24439||131410|669112
30401|NONE|0|0|0|0|0|669118
30402|NONE|0|0|0|0|0|669123
30403|NONE|0|0|0|0|0|669140
30404|NONE|0|0|0|0|0|669145
30405|MECHANICS SAVINGS BANK |45238|26777|29036||42979|669149
30406|CONECTIVITY POINT|4527|0|0||4527|669149
30407|Ford Motor Credit Company|16502|0|6757|0|9745|669154
30408|Hann Financial Services|18572|0|4352|0|14220|669167
30409|Hann Financial Services|16395|0|3826|0|12569|669167
30410|Foulke Management Corp.|29903|0|4697|0|25206|669167
30411|LOAN|215306|0|26185|0|189121|669171
30412|LOAN AUTOMOBILE|20223|0|6710|0|13513|669171
30413|LINE OF CREDIT|300000|0|0|0|300000|669171
30414|GENERAL MOTORS FINANCIAL|0|19582|3578|0|16004|669172
30415|NONE|0|0|0|0|0|669173
30416|None|0|0|0|0|0|669176
30417|De Lage Landen|1118|0|1118|0|0|669182
30418|NONE|0|0|0|0|0|669185
30419|Frank Stroud|0|10000|10000||0|669194
30420|INTER CO |1550|0|0|0|1550|669199
30421|FORD CREDIT|30261|0|12969||17292|669225
30422|FORD CREDIT|33577|0|7462||26115|669225
30423|FORD MOTOR CREDIT|57351|0|9409|0|47942|669228
30424|Ally Financial|24847||14908||9939|669239
30425|Ford Motor Credit|39330||9631||29699|669239
30426|Ford Motor Credit|0|40555|6056||34499|669239
30427|Ford Motor Credit|0|40555|6055||34500|669239
30428|ALLY BANK|15492|0|12159|0|3333|669242
30429|ALLY BANK|15492|0|15492|0|0|669242
30430|ALLY BANK|0|42632|0|0|42632|669242
30431|Ally Auto|41330|0|25842|0|15488|669314
30432|Ally|4034|0|4034||0|669321
30433|Wells Fargo Bank|0|150000|1868||148132|669321
30434|COMMUNITY BANK|13133|0|7070|0|6063|669331
30440|Bank of America|3579|0|3579||0|669372
30965|Ford Credit|89928|0|21846|0|68082|675737
30441|Interfund payable|560||560||0|669372
30442|RANGE BANK #820050|25044|0|25044|0|0|669417
30443|RANGE BANK #822593|27228|0|27228|0|0|669417
30444|RANGE BANK #827766|0|31850|4214|0|27636|669417
30445|FORD CREDIT 2013 F-150|5493|0|5493|0|0|669424
30446|FORD CREDIT 2017 FORD EXPLORER 4WD|0|42894|1430|0|41464|669424
30447|FORD CREDIT 2017 FORD EXPLORER 4WD|0|42513|1417|0|41096|669424
30448|FORD CREDIT 2017 FORD EXPLORER 4WD|0|43201|1440|0|41761|669424
30449|Dell Computers|2470|0|2470|0|0|669441
30450|CHEVY SIVERADO|11065|0|11065|0|0|669451
30451|Union Bank & Trust|358277|0|22060||336217|669452
30452|Mortgage note|288070||51179||236891|669482
30453|Construction loan|130210||2986||127224|669482
30454|n/a|0|0|0|0|0|669491
30455|Credit Union|26004|17913|13734|0|30183|669529
30456|Capital lease obligation|1807||1426||381|669530
30457|Allegheny Valley Bank|312520|0|11956||300564|669533
30458|Urban Redevelopment Authority of Pittsburgh|198775|0|8875||189900|669533
30459|GreatAmerica Financial Services (Capital Lease)|0|14072|2202||11870|669533
30460|Konica Minolta (Capital Lease)|0|12453|541||11912|669533
30461|Verizon Wireless|1056|0|1056|0|0|669534
30462|Installment Notes|41847|0|10178|433|31236|669537
30463|Chase Auto|21484|0|10832|0|10652|669558
30464|SEIU|16707535|0|0|65613|16641922|669581
30465|Pennsylvania Joint Board|22917|0|22917|0|0|669581
30466|FIRST Insurance Funding|30573|0|30573|0|0|669581
30467|Premium Assignment Corporation|22376|0|22376|0|0|669581
30468|FIRST Insurance Funding|0|112101|81528|0|30573|669581
30469|Premium Assignment Corporation|0|71349|71349|0|0|669581
30471|NONE|0||||0|669598
30473|Wells Fargo (auto loan)|27422||5264||22158|669604
30474|NONE|0|0|0|0|0|669607
30475|OPEIU International Union|2800|0|2800||0|669619
30476|Blackhawk Bank|1555496|0|312866|0|1242630|669628
30477|N/A|0|0|0|0|0|669651
30478|Ford|0|35205|6357||28848|669666
30479|Due to PAC|4200||||4200|669667
30480|Amalgamated Bk of Chicago|1358444|0|72638|0|1285806|669672
30481|Ally Finance Company|54048|112079|54048|0|112079|669672
30482|ALLY AUTO- BANK|28259|0|2545|0|25714|669692
30483|FORD CREDIT- AUTO FINANCIER|25683|0|25683|0|0|669692
30484|FORD CREDIT- AUTO FINANCIER|25554|0|4098|0|21456|669692
30485|ALLY AUTO- BANK|20869|0|2229|0|18640|669692
30486|ALLY AUTO- BANK|20424|0|2145|0|18279|669692
30487|ALLY AUTO- BANK|36061|0|2704|0|33357|669692
30488|FORD CREDIT- AUTO FINANCIER|0|47567|0|0|47567|669692
30489|NONE|0|0|0|0|0|669702
30490|NONE|0|0|0|0|0|669710
30491|Vehicle Loan Payable - Ally|26275|0|8140|0|18135|669715
30492|Vehicle Loan Payable - Union Yes FCU|99164|0|51242|0|47922|669715
30493|Vehicle Loan Payable - Ford|0|0|0|0|53062|669715
30494|Ford credit|315566|34910|98793|0|251683|669721
30495|AUTOMOBILE FINANCING|47142|37264|14992||69414|669722
30496|BANK FINANCING|242965|0|242965||0|669722
30497|NONE|0|0|0|0|0|669728
30498|NONE|0|0|0|0|0|669734
30500|None|0|0|0|0|0|669740
30501|NONE|0|0|0|0|0|669747
30503|Power CU-Auto Loan|5328|0|5328|0|0|669792
30504|no loans exist n/a|0||||0|669797
30505|Members|25080||||25080|669810
30506|Capital lease|5551||5551||0|669810
30507|Unconsolidated Subsidiary|9142||9142||0|669810
30508|First Hawaiian Bank (Building)|321559|0|10110||311449|669830
30509|First Hawaiian Bank (Auto)|31931|0|11529||20402|669830
30510|XEROX COPIER|14659|0|14659|0|0|669844
30511|DOLLAR BANK CONSTRUCTION |0|155713|3439||152274|669855
30512|Ford Motor Credit Company|12644|0|8631|0|4013|669861
30513|N/A|0|0|0|0|0|669877
30514|Small Business Administration|133964|0|3264||130700|670034
30515|Louis Pernice|30000|0|0|0|30000|670034
30516|Pitney Bowes Lease|11569|0|6952||4617|670046
30517|Ford Credit Co.|13838|0|13838|0|0|670051
30518|NONE|0|0|0|0|0|670068
30519|n/a|0|0|0|0|0|670079
30520|M & T Bank|0|89000|0|0|89000|670097
30521|ALLY GMAC|42424|0|13582|0|28842|670118
30522|AMALGAMATED BANK|0|8269310|0|0|8269310|670124
30523|Auto Loan - Canandaguia National Bank|884|0|884||0|670127
30524|Auto Loan - Canandaguia National Bank|5555|0|5555|0|0|670127
30525|Auto Loan - Canandaguia National Bank|9324|0|5018|0|4306|670127
30526|Auto Loan - Canandaguia National Bank|24722|0|8340|0|16382|670127
30527|Auto Loan - Canandaguia National Bank|0|18480|227|0|18253|670127
30529|NONE|0|0|0|0|0|670135
30530|General Electric Credit Union|24884||5281||19603|670393
30531|AUTO-2017 FORD ESCAPE|14992|0|14992||0|670402
30532|AUTO-2017 FORD TAURUS|0|20690|20690||0|670402
30533|AUTO-2017 FORD TAURUS|0|22028|0||22028|670402
30534|GM Financial|0|44676|3723|0|40953|670409
30535|UBS Financial Services Inc.|77152|0|77152|0|0|670413
30536|Black Hills Federal Credit Union|15241|0|3230||12011|670425
30537|AFSCME Building Corp|125005|0|0|0|125005|670444
30539|Corning Federal Credit Union - 2 Jeeps|0|57032|7938|0|49094|670458
30540|IATSE Local 114 Payroll Company|0|7446|0|0|7446|670460
30541|TD Bank Credit Card|0|1781|1543|0|238|670460
30542|Bank of America|63707726||2724121||60983605|670471
30543|WEBSTER BANK|32375||10649||21726|670473
30544|NONE|0|0|0|0|0|670474
30545|Workers United|335000||||335000|670475
30546|SEIU|150000||||150000|670475
30547|CISCO|7438|0|7438|0|0|670477
30548|FIRST MIDWEST BANK|29508|0|29508|0|0|670477
30549|SEIU INTERNATIONAL|0|240000|0|0|240000|670477
30550|Key Bank|16562|0|3601|0|12961|670487
30551|Camden National Bank|0|15000|710|0|14290|670487
30552|Camden National Bank|0|20350|641|0|19709|670487
30553|Ford Motor Credit|10059||10059||0|670510
30554|Ford Motor Credit|22474||8989||13485|670510
30555|Ford Motor Credit|0|39609|7262||32347|670510
30556|N/A|0|0|0|0|0|670519
30557|Union Fidelity Federal Credit Union|0|156939|3815|0|153124|670532
30558|MORGAN STANLEY - HD|1230355|42011|0|0|1272366|670533
30966|Money One Loan|0|30000|952|0|29048|675737
30559|MORGAN STANLEY - NWLU|0|6055823|521520|0|5534303|670533
30560|RBS Citizens -Car Notes|154774||70389||84385|670557
30561|PROSPERITY BANK|85412|0|9819|0|75593|670564
30562|PROSPERITY BANK|0|28476|5694|0|22782|670564
30563|MARLIN|0|7751|587|0|7164|670564
30564|Per Capita - SEIU Payable|769609||||769609|670569
30565|AMALGAMATED BANK|150000|150000|150000|0|150000|670588
30566|FORD MOTOR CREDIT|12421|0|12421|0|0|670597
30567|ALLY CREDIT|17892|0|17892|0|0|670597
30568|GM FINANCIAL|36404||9404|0|27000|670597
30569|Wells Fargo|69000|70000|97936|8888|32176|670607
30570|Ford Credit|190547|178008|78748|0|289807|670615
30571|American National Bank of TX|0|1615000|503362|0|1111638|670623
30572|US AMERIBANK|54024||4500||49524|670648
30574|Huntington Bank|25804|0|25804|0|0|670656
30575|None|0|0|0|0|0|670657
30576|Ford Credit|0|53299|734||52565|670658
30577|Horizon Bank|11874||4381||7493|670687
30822|TOTAL LOANS PAYABLE|0|0|0|0|0|672055
30579|Horizon Bank|13606||3020||10586|670687
30580|Horizon Bank|10867||5117||5750|670687
30581|Horizon Bank|60232||10747||49485|670687
30582|Horizon Bank|11053||11053||0|670687
30583|Horizon Bank|10147||10147||0|670687
30584|Horizon Bank|11521||11521||0|670687
30585|Horizon Bank|10763||10763||0|670687
30586|Horizon Bank|8694||8694||0|670687
30587|Horizon Bank|11521||11521||0|670687
30588|Horizon Bank||32843|5661||27182|670687
30589|Horizon Bank||17500|3456||14044|670687
30590|Horizon Bank||17500|3046||14454|670687
30591|Horizon Bank||17500|3984||13516|670687
30592|Horizon Bank||16500|2872||13628|670687
30593|Horizon Bank||15900|2221||13679|670687
30594|Horizon Bank||30000|2280||27720|670687
30595|Horizon Bank||16700|783||15917|670687
30596|Horizon Bank||16400|1130||15270|670687
30597|Horizon Bank||16200|779||15421|670687
30598|Horizon Bank|100000||70000||30000|670687
30599|CHIRCO TITLE COMPANY|73893|0|32346|0|41547|670706
30600|Ally Financing (Auto)|23497|30988|13759||40726|670711
30611| FIRST BANK & TRUST|3186073|0|203510|0|2982563|670737
30612|LINCOLN AUTOMOTIVE FINANCIAL SERVICES|19524|0|9762|0|9762|670737
30613|AMUR EQUIPMENT FINANCE, INC.|0|108090|24732|0|83358|670737
30615|ENTERPRISE BANK|1197763|0|122971|0|1074792|670746
30616|FORD MOTOR COMPANY |14292|0|7609|0|6683|670747
30617|FORD MOTOR COMPANY |1604|0|633|0|971|670747
30618|FORD MOTOR COMPANY |23215|0|9575|0|13640|670747
30619|FORD MOTOR COMPANY |23129|0|8430|0|14699|670747
30620|FORD MOTOR COMPANY |36029|0|9443|0|26586|670747
30621|FORD MOTOR COMPANY |38964|0|9525|0|29439|670747
30622|FORD MOTOR COMPANY |33483|0|9917|0|23566|670747
30623|FORD MOTOR COMPANY |47324|0|10673|0|36651|670747
30624|FORD MOTOR COMPANY |43339|0|9715|0|33624|670747
30625|Amalgamated Bank|22917|0|22917|0|0|670755
30626|AUTO-FORD|120854|59661|40686|2958|136871|670772
30629|Loan - Prosper Bank|493411|0|26018|0|467393|670784
30627|AMALGAMATED - SACRAMENTO|975102|0|50268|0|924834|670783
30628|AMALGAMATED - SAN JOSE|488583|0|25188|0|463395|670783
30630|NONE|0|0|0|0|0|670812
30631|UFCW|202000|0|202000|0|0|670821
30632|REGIONS BANK|18088|0|18088|0|0|670821
30634|0|0|0|0|0|0|670827
30635|ALLY |25191||25191||0|670840
30636|CHASE|21867||5542||16325|670840
30637|ALLY|0|32905|501||32404|670840
30639|GMAC/CHRYSLER FINANCIAL|54732|0|20007|0|34725|670852
30640|FORD FINANCIAL|4644|0|4644|0|0|670852
30641|COMERICA BANK|3230216||3230216||0|670857
30642|Auto Loans|83719|54418|32813|0|105324|670859
30644|FORD CREDIT|0|11576|11576|0|0|670872
30647|Bank of Labor|161000|220500|1503||379997|670892
30648|NONE|0|0|0|0|0|670904
30649|Labor Organizations|1772535|0|616500|0|1156035|670911
30650|BUSINESS LOAN CONDUCT NO 6 LLC|8000000|||8000000|0|670912
30651|BUSINESS LOAN CONDUCT NO 6 LLC|10000000|||10000000|0|670912
30652|JEFFERSON BANK|1785575||1785575||0|670912
30653|US BANK|5346297||5346297||0|670912
30654|JEFFERSON BANK|0|6000000|385058||5614942|670912
30655|Capital Lease|15685|6530|4054||18161|670921
30656|FORD MOTOR CREDIT|0|7000|2305|0|4695|670929
30657|n/a|0|0|0|0|0|670936
30658|Loans Payable-Autos|23992|20331|10458||33865|670964
30659|International Brotherhood of Electrical Workers|2375000|0|1793585|0|581415|670970
30660|Sterling Bank|23033|0|5978||17055|670972
30661|Line of Credit at BB&T|25602|1576|6500|0|20678|670978
30662|Credit Card from BB&T|5005|6324|6805|0|4524|670978
30663|Line of Credit from Health & Welfare|18642|0|0|0|18642|670978
30664|Sona Bank Auto Loan|0|13276|1055|0|12221|670978
30665|Line of Credit|89932|115000|89932||115000|670988
30666|Mortgage|23859||23859||0|670988
30667|GMC|47951||11988||35963|671002
30668|Building Loan|0|860000|29409||830591|671002
30669|US BANK|33718|0|8052|0|25666|671006
30670|GM FINANCIAL|33484|0|6587|0|26897|671006
30671|Marlin Business Bank|64183|0|15285|0|48898|671010
30672|Jefferson Bank and Trust|57186|0|5500||51686|671020
30673|Ford Motor Credit|36768||36768||0|671025
30675|U.F.C.W. International Union|0|237807|138721|0|99086|671041
30676|NONE|0|0|0|0|0|671051
30677|NONE|0|0|0|0|0|671052
30678|Note Payable-Auto|0|75507|1984|0|73523|671087
30679|Line of Credit|333747|17612|73755|0|277604|671105
30680|Ally auto loan|15152|0|15152|0|0|671105
30681|GM Financial auto loan|0|34073|1504|0|32569|671105
30682|Due to Scholarship Fund|0|6453|0|0|6453|671105
30683|AMALGAMATED BANK|2360110||199715||2160395|671114
30684|FORD MOTOR CORP.|0|192000|121441|0|70559|671116
30685|NOTE PAYABLE - FORD|36244|0|8414||27830|671154
30686|CONSTRUCTION LOAN-WELLS FARGO|0|4900000|0|0|4900000|671161
30687|First Class Credit Union|22643|0|5578|0|17065|671162
30691|Building - Loan United Labor Bank|454464|0|33639|0|420825|671193
30693|PIERCE TRANSIT PAYABLE-NET CHANGE|36615|20017|||56632|671208
30694|CREDIT CARDS-NET CHANGE|3273||255||3018|671208
30695|                                                  ||||||671208
30696|AUTOMOBILE LOANS|89476||47252||42224|671228
30697|Nissan Motor Acceptance Corp|0|19000|3130|0|15870|671266
30698|US BANK COMMERCIAL MORTGAGE|245012|0|6862|0|238150|671288
30699|BCB Bancorp mortgage|23392|0|7445|0|15947|671293
30700|None|0|0|0|0|0|671295
30701|PSSDC PENSION FUND-WITHDRAWAL LIABILITY|600306|0|39765||560541|671342
30702|UFCW INTERNATIONAL LOAN|374600|0|37682||336918|671342
30704|MERRILL LYNCH|191017|29665|97118|0|123564|671447
30705|MERRILL LYNCH|1000000|0|0|0|1000000|671447
30706|CAPITAL LEASE PAYABLE|0|2647|137||2510|671464
30708|REPUBLIC BANK|401264||66429||334835|671498
30709|FORD MOTOR CREDIT|490||490||0|671498
30710|TD EQUIPMENT FINANCE|30677||24411||6266|671498
30711|GRAYBAR FINANCIAL|5000||5000||0|671498
30712|FORD MOTOR CREDIT|0|28925|3857||25068|671498
30713|LINCOLN FINANCIAL SERVICES|11588||9932||1656|671518
30714|FORD MOTOR CREDIT|29974||7055||22919|671518
30715|N/P - 2013 Ford Taurus|10375||4274||6101|671530
30716|N/P - 2013 Ford|11512||7143||4369|671530
30717|N/P - 2016 Ford||21170|948||20222|671530
30718|Bank|142590|0|13772|0|128818|671544
30719|FORD MOTOR CREDIT|0|44604|1768|0|42836|671555
30720|BANK OF LABOR|191317|0|195083||0|671555
30721|FORD MOTOR CREDIT CORP|21194|0|5780|0|15414|671573
30722|Ford Vehicle Loan|23623||14134||9489|671577
30723|Camry Loan|0|24586|468||24118|671577
30725|N/A - None|0|0|0|0|0|671588
30726|None|0|0|0|0|0|671593
30727|0|0|0|0|0|0|671600
30728|Ford Credit|12928||12928||0|671615
30729|Ford Credit|0|24628|12314||12314|671615
30730|Ally Bank|15373|0|15373|0|0|671618
30731|BB&T Bank Card|9225|84406|76625|0|17005|671621
30732|ALLY|29790|0|6802||22988|671622
30733|ALLY|4655||4655||0|671622
30734|ALLY|0|27931|2067||25864|671622
30735|ALLY|21699|0|4024||17675|671622
30736|ALLY|0|26575|405||26170|671622
30737|ALLY|0|27756|2956||24800|671622
30738|ALLY|0|27046|1598||25448|671622
30739|ALLY|3388|0|3388||0|671622
30740|N/A|0|0|0|0|0|671627
30741|NYC District Council of Carpenters|0|81559|23000|0|58559|671635
30742|Ford Credit|21975|0|21975|0|0|671636
30743|Ford Credit|0|16793|1592|0|15201|671636
30744|NONE|0|0|0|0|0|671659
30967|BPPR|425000||24559||400441|675817
30745|Construction loan Wells Fargo|0|903583|0|0|903583|671668
30746|Loan BMO Harris|194725|0|12947||181778|671676
30753|UNITE HERE International Union|190763||12000||178763|671697
30754|AFSCME|200000|||200000|0|671729
30755|Ally Bank Vehicle Loan|114810|0|81696|0|33114|671744
30756|Citizens One Auto Finance|26231|0|26231|0|0|671791
30757|Citizens One Auto Finance|0|35855|3819|0|32036|671791
30758|Ford Motor Company|113538|66508|25940|0|154106|671796
30759|ALLY|9334||9334||0|671799
30767|REP. BANK (TERM LOAN #1)|4336877|2472483|138678||6800000|671818
30768|REP. BANK (TERM LOAN #2)|780638|12196|32712||762908|671818
30769|REPUBLIC BANK (L.O.C.)|500000||500000|0|0|671818
30770|AFSCME (TERM LOAN)|796582|||135202|661380|671818
30771|ALLY/GM FIN (AUTO LOANS)|37957|||14092|23865|671818
30772|UFCW C.U. (AUTO LOANS)|93724|||22823|70901|671818
30773|HEWLETT PACKARD FIN|7228||7223|5|0|671818
30774|COMERICA BANK-MORTGAGE PAYABLE|108227||5519||102708|671834
30775|FORD CREDIT|14769|0|4790|0|9979|671839
30776|NONE|||||0|671841
30777|N/A|0|0|0|0|0|671855
30778|ALLY (AUTO LOANS)|40819|0|13962|0|26857|671864
30779|FORD CREDIT (AUTO LOANS)|25668|0|0|25668|0|671864
30780|Ford Credit Services|90609|71489|70203|0|91895|671880
30781|US Bancorp Equipment Finance|22525|0|12840|0|9685|671880
30782|ALPA National to 1625 Mass Ave|996537|84571|97793|0|983315|671885
30783|Suntrust Commercial Loan2|1481731|0|254007|6882|1234606|671885
30784|Wesbanco Bank|18044||5936||12108|671889
30785|Wesbanco Bank|26836||5169||21667|671889
30786|Torrey Pines Bank|450000|0|450000|0|0|671901
30787|Choice One|300538|0|49311||251227|671903
30788|2016 Ford Exp|33859||6833||27026|671910
30789|2016 Ford Exp|27761||5577||22184|671910
30790|2016 Ford Exp|32602||6550||26052|671910
30791|2016 Ford Exp|29484||5924||23560|671910
30792|2016 Ford Exp|41783||8395||33388|671910
30793|Auto Loan - Ally Bank|11651|0|280|11371|0|671913
30794|Auto Loan - Ally Bank|23405|0|4987|0|18418|671913
30795|Auto Loan - Ally Bank|22350|0|4224|0|18126|671913
30796|Auto Loan - Ally Bank|6864|0|4419|0|2445|671913
30797|Auto Loan - Canandaigua National Bank|0|37305|5901|0|31404|671913
30798|MEMBERS FIRST CREDIT UNION|11418|0|11418|0|0|671922
30799|MEMBERS FIRST CREDIT UNION|12693|0|12693|0|0|671922
30800|MEMBERS FIRST CREDIT UNION|18462|0|4067|0|14395|671922
30801|MEMBERS FIRST CREDIT UNION|17595|0|17595|0|0|671922
30802|MEMBERS FIRST CREDIT UNION|21608|0|21608|0|0|671922
30803|MEMBERS FIRST CREDIT UNION|0|24865|6932|0|17933|671922
30804|MEMBERS FIRST CREDIT UNION|0|18673|2889|0|15784|671922
30805|MEMBERS FIRST CREDIT UNION|0|17609|497|0|17112|671922
30806|Total Loans Payable|0|0|0|0|0|671953
30807|Note Payable- US Bank|11140||3894||7246|671972
30808|Line of Credit|356683|0|41390|0|315293|671987
30809|Republic Bank|168800|120200|3050|0|285950|671991
30810|NOTE PAYABLE-FORD MOTOR|15878|0|11591|0|4287|672005
30811|Fifth Third Bank Credit Line|3951|0|66|0|3885|672017
30812|Fifth Third Bank Credit Cards|1381|3115|4496|0|0|672017
30813|Fifth Third Bank Loan|16672|0|4339|0|12333|672017
30814|Ally Bank|12095||8063||4032|672019
30815|Univest Capital||42792|3566||39226|672019
30816|Service Employees International Union|306592|0|0|0|306592|672035
30817|IRS REFUND|6307|0|0|0|6307|672039
30818|NONE|0|0|0|0|0|672044
30819|NONE|0|0|0|0|0|672045
30820|NOTE PAYABLE MFCU-2016|30694||5308||25386|672047
30821|NONE|0|0|0|0|0|672055
30823|GENWORTH|1442564|0|130931||1311633|672058
30824|Simmons Bank|0|367000|6634|0|360366|672072
30825|Ally|36291||7609|65|28617|672084
30826|M&T Bank|2889||2889||0|672084
30827|APWU||30000|30000||0|672089
30828|0|0|0|0|0|0|672106
30829|Merrill Lynch Margin Loan|194735|64414|106942||152207|672139
30830|Capital Lease - Tamco|9902|0|5850||4052|672139
30831|Employee Payroll|3|||0|3|672170
30832|The Ford Store |0|37943|37943||0|672174
30833|The Ford Store|0|40000|40000||0|672174
30835|CREDIT UNION CHEVY EQUINOX|14012|0|6675|0|7337|672176
30836|Bank of Labor||1000000|2301||997699|672181
30837|FORD CREDIT|12482|0|7700|0|4782|672185
30838|FORD CREDIT|14266|0|7810|0|6456|672185
30839|Automobiles - Enterprise Fleet Leasing|19352|69807|30222|0|58937|672204
30840|n/a|0|0|0|0|0|672213
30841|FORD CREDIT|23213|0|19884|0|3329|672219
30842|Bank of America|200000|0|0|0|200000|672220
30843|OE FEDERAL CREDIT UNION|0|17867|2203||15664|672221
30844|UFCW International|27500|0|27500|0|0|672223
30845|Ford Credit|8260|0|8260|0|0|672223
30846|Ford Credit|11851|0|5494|0|6357|672223
30847|Ford Credit|13759|0|5474|0|8285|672223
30848|Chrysler Credit|22827|0|22827|0|0|672223
30849|Ford Credit|17800|0|5092|0|12708|672223
30850|Ford Credit|21735|0|21735|0|0|672223
30851|Ford Credit|24334|0|4803|0|19531|672223
30852|Ally Bank|29666|0|9142|0|20524|672223
30853|Ford Credit|0|36244|1472|0|34772|672223
30854|Ford Credit|0|30151|1776|0|28375|672223
30855|Ally Bank|0|48056|3077|0|44979|672223
30856|Ford Credit|0|34409|1466|0|32943|672223
30857|Ford Credit|0|26747|1086|0|25661|672223
30858|FORD CREDIT|13170||4320||8850|672245
30859|FORD CREDIT|13830||4537||9293|672245
30860|FORD CREDIT|13794||4525||9269|672245
30861|FORD CREDIT|19557||5102||14455|672245
30862|FORD CREDIT|11449||3644||7805|672245
30863|FORD CREDIT|14520||4621||9899|672245
30864|FORD CREDIT|9483||3075||6408|672245
30865|FORD CREDIT|17437||4359||13078|672245
30866|0|0|0|0|0|0|672257
30867|Ford Motor Credit 4.89% 60 months loan on vehicle|34812||11948||22864|672263
30868|Roxie Pride|700|0|49||651|672270
30869|FORD CREDIT|85830||36059||49771|672279
30870|BSB LEASING, INC|7257|0|4074|3183|0|672280
30871|US BANK|28601|0|11601|17000|0|672280
30872|SEIU LOAN PAYABLE|0|100000|0||100000|672326
30873|INTL BROTHERHOOD TEAMSTERS|0|100000|0||100000|672326
30874|None|0|0|0|0|0|672370
30875|Fifth Third Bank|430787|0|29410|0|401377|672411
30876|Ford Motor Credit|41542|61712|71933|0|31321|672440
30877|Toyota Financial Services|23898|0|23898|0|0|672440
30878|NONE|0|0|0|0|0|672455
30880|NONE|0|0|0|0|0|672469
30881|Ally|1441||1441||0|672497
30882|Chrysler|34999||6215||28784|672497
30883|Chrysler|28022||5097||22925|672497
30884|2017 Buick LaCrosse|0|39959|4662|0|35297|672499
30885|East Boston Savings Bank|16552|0|5973|0|10579|672501
30886|Ford Credit|35488|0|5438|0|30050|672501
30887|Ally Bank|56456|0|13018|0|43438|672501
30888|Wells Fargo|28580|0|6024|0|22556|672501
30889|GM Financial|0|24688|1964|0|22724|672501
30890|SPECIALTY TRADES JOINT INDUSTRY FUND|1689|0|0||1689|672504
30891|NATIONAL ASSOCIATION OF SPECIALTY TRADES BENEFIT|8809|12050|18700|0|2159|672504
30892|401K PAYABLE|75|0|75||0|672504
30893|ALLY FINANCIAL, FINANCE COMPANY|41349|0|41349|0|0|672513
30894|MTPSI to IATSE|7397|143|0|0|7540|672520
30895|Ford Motor Credit|215622|577041|268573|0|524090|672530
30896|N/A|0|0|0|0|0|672607
30897|NONE|0|0|0|0|0|672626
30898|JEREMY HAICKEN|25|0|25|0|0|672658
30899|Ally Bank|5009|0|5009||0|672729
30900|Ally Bank|7508|0|6425||1083|672729
30901|Ford Motor Credit|9606|0|7286||2320|672729
30902|Bank of Nashville|9339|0|9339||0|672729
30903|Ford Motor Credit|15412|0|15412||0|672729
30904|Ally Bank|9090|0|4271||4819|672729
30905|Ford Motor Credit|21644|0|4578||17066|672729
30906|Ally Bank|16139|0|3525||12614|672729
30907|Ford Motor Credit|20929|0|5344||15585|672729
30908|Ford Motor Credit|20439|0|5218||15221|672729
30909|Ford Motor Credit|0|15568|3243||12325|672729
30910|Ford Motor Credit|0|16000|3478||12522|672729
30911|Ally Bank|0|20494|537||19957|672729
30912|Ford|232803|132326|175261|0|189868|672859
30913|Bank of Utica|7546|0|7546|0|0|672859
30914|Ally|61407|46303|46368|0|61342|672859
30915|Bank of Utica|3722|0|3722|0|0|672859
30916|Bank of Utica|78647|0|32758|0|45889|672859
30917|Bank of Utica|0|100000|10658|0|89342|672859
30918|N/A|0|0|0|0|0|672972
30919|FORD CREDIT|3842|0|3842|0|0|672975
30920|BEWCO|0|75000|9031|0|65969|673024
30921|BEWCO|0|36927|0|0|36927|673024
30922|FORD CREDIT CORP|35088|0|12030||23058|673033
30923|WEA Trust|35376|0|15304||20072|673072
30924|Lucas County Builds|0|609555|0|0|609555|673132
30925|REGIONS BANK|5122|0|5122|0|0|673155
30926|N/A|||||0|673181
30927|NONE|0|0|0|0|0|673214
30928|BANK OF LABOR AUTO LOAN|45973||12099||33874|673218
30929|Virvia Credit Union|294314|0|94706|0|199608|673364
30930|GM|0|21277|4257|0|17020|673364
30931|Ally Bank|0|50557|1855|0|48702|673364
30932|Ally Bank|21618|0|9200|12418|0|673364
30933|Northside Bank|46674||7135||39539|673379
30934|UNION FIDELITY CU|19586||6568||13018|673489
30935|Ford Motor Credit Corp. |11490||6566||4924|673510
30936|Ford Motoe Credit Corp. |32668||6644||26024|673510
30937|First Citizens Bank|127708||42624||85084|673545
30938|Capital Lease/Printer|9785||2572||7213|673545
30939|Automobile Loan|16505|0|16505|0|0|673629
30940|Automobile Loan|0|34551|0|0|34551|673629
30941|n/a|0|0|0|0|0|673874
30942|MIDFIRST BANK|5850|0|5850|0|0|674006
30943|FORD CREDIT|20018|0|20018|0|0|674525
30944|ALLY BANK|32965|0|32965|0|0|674525
30945|BANK OF SPRINGFIELD|133682||11202||122480|675018
30946|Regions Bank - Credit card|0|1981|0|0|1981|675022
30947|Huntington Bank Loan|142514||6597||135917|675200
30948|National Postal Mail Handlers Union|165110||57968||107142|675303
30949|None|0|0|0|0|0|675324
30950|None|0|0|0|0|0|675424
30951|None|0|0|0|0|0|675424
30952|None|0|0|0|0|0|675424
30953|None|0|0|0|0|0|675424
30954|None|0|0|0|0|0|675424
30955|None|0|0|0|0|0|675424
30956|None|0|0|0|0|0|675424
30957|None|0|0|0|0|0|675424
30958|None|0|0|0|0|0|675424
30959|None|0|0|0|0|0|675424
30960|None|0|0|0|0|0|675424
30961|None|0|0|0|0|0|675424
30963|NA|0|0|0|0|0|675520
30964|none|0|0|0|0|0|675640
30968|Vacation Fund|66777|65911|66777|0|65911|675839
30969|CHRYSLER CAPITAL|32281|0|5353|0|26928|675840
30972|ALLY|17533|0|5502|0|12031|676022
30973|N/A|0|0|0|0|0|676052
30974|N/A|0|0|0|0|0|676052
30975|N/A|0|0|0|0|0|676052
30976|N/A|0|0|0|0|0|676052
30977|N/A|0|0|0|0|0|676052
30978|N/A|0|0|0|0|0|676052
30979|N/A|0|0|0|0|0|676052
30980|N/A|0|0|0|0|0|676052
30981|N/A|0|0|0|0|0|676052
30982|N/A|0|0|0|0|0|676052
30983|N/A|0|0|0|0|0|676052
30984|N/A|0|0|0|0|0|676052
30985|FORD MOTOR CREDIT|16907|0|16907|0|0|676070
30986|FORD MOTOR CREDIT|32642|0|32642|0|0|676070
30987|DE LAGE LANDEN|17285||5463||11822|676266
30988|EVERBANK COMMERCIAL|10735||3111||7624|676266
30989|WELLS FARGO|59666||10296||49370|676266
30990|MAILFINANCE|21831||10711||11120|676266
30991|Valley National Bank|124381|0|39946||84435|676286
30996|NONE|0|0|0|0|0|676392
30997|Amalgamated Bank|334423|40577|7271||367729|676490
31001|MONROE BANK & TRUST||123470|3772||119698|676804
31003|South Atlantic & Gulf Coast District ILA|30000|0|5687|0|24313|677016
31004|INB|21698|0|21698|0|0|677028
31005|INB|0|40537|40537|0|0|677028
31006|INB|0|46758|0|0|46758|677028
31007|ALLY BANK AUTO LOAN|8202||8202||0|677196
31008|GMAC AUTO LOAN|20325||4279||16046|677196
31009|KeyBank|50873||8999||41874|677241
31010|McKees Rocks Community Development Corporation|45000|||6426|38574|677241
31011|NA/|0|0|0|0|0|677247
31012|NA|0|0|0|0|0|677247
31013|NA|0|0|0|0|0|677247
31014|NA|0|0|0|0|0|677247
31015|NA|0|0|0|0|0|677247
31016|NA|0|0|0|0|0|677247
31017|NA|0|0|0|0|0|677247
31018|NA|0|0|0|0|0|677247
31019|NA|0|0|0|0|0|677247
31020|NA|0|0|0|0|0|677247
31021|NA|0|0|0|0|0|677247
31022|NA|0|0|0|0|0|677247
31023|Ameriserv Financial Bank|192650||15461||177189|677402
31024|First National Bank of Pennsylvania|44213||7494||36719|677402
31026|UFCW Strike Fund|133526||5228||128298|677418
31027|Brittain Rd Loan|0|1183876|0|0|1183876|677486
31028|ALLY|18705|0|12400||6305|677535
31029|Credit Cards/Other-Net Changege|1476|1177|||2653|677661
31030|ST Disability Insur Payable|23516||23516||0|677661
31031|NA|||||0|677672
31033|BANCO POPULAR OF PR|60037|0|0|3037|57000|677715
31034|BANCO POPULAR OF PR|115447|4050|0|0|119497|677715
31035|REGIONS BANK|27||||27|677787
31037|UNITE HERE International Union|438500|0|11000|0|427500|678862
31038|Five Star Federal Credit Union|1047594||1047594|0|0|678902
31039|Wells Fargo Bank|0|1008210|156994|0|851216|678902
31040|n/a|0|0|0|0|0|678918
31041|Capital One Line of Credit|9716|10000|9254||10462|678950
31042|Mailroom Consultants|11636|0|3754|0|7882|678959
31043|Canon Financial Services, Inc.|9566|0|3867|0|5699|678959
31046|Xerox|14662|64912|14662||64912|679158
31048|Wells Fargo Bank|11889|0|11889|0|0|679317
31067|BANK OF AMERICA |9235||9235||0|679939
31068|BANK OF LABOR LOAN|49437||2641||46796|679939
31071|SERVICE EMPLOYEES INTERNATIONAL UNION|2775000|0|0|0|2775000|680147
31072|FORD CREDIT|7906|0|6788|0|1118|680324
31073|BANK OF EDWARDSVILLE|18965|0|7355|0|11610|680324
31074|BANK OF EDWARDSVILLE|0|38272|7231|0|31041|680324
31075|Ford Credit|25483||8721||16762|680328
31076|Ford Credit|26441||7739||18702|680328
31077|Ford Credit||28133|606||27527|680328
31081|Ally- 2015 Malibu|25905|0|6411|0|19494|680666
31082|Ally- 2015 Silver Impala|33980|0|5202|28778|0|680666
31083|Ally- 2016 Black Malibu|31004|0|6338|0|24666|680666
31084|Ally- 2016 Red Impala|30465|0|4838|0|25627|680666
31085|Ally- 2017 Black Impala|35275|0|3559|0|31716|680666
31086|Ally- 2016 White Malibu|41488|0|5863|0|35625|680666
31087|Ally- 2016 Silverado|37125|0|5479|0|31646|680666
31093|AMERISERVE #1 TECH CENTER|8449200|0|230858|0|8218342|681394
31094|AMERISERVE #2 TECH CENTER|5888453|1201428|3803638|0|3286243|681394
31099|PNC BANK|3253|0|3253||0|681556
31100|none|0|0|0|0|0|681590
31102|Automobile Loan||7861|3605|0|4256|681710
31112|N/A|0|0|0|0|0|682062
31115|SunTrust Bank|376597|67389|19148||424838|682136
31136|NONE|0|0|0|0|0|682632
31154|Ally Bank|20221|0|8399||11822|682866
31155|UA LUOE PENSION FUND|2222||2222||0|682866
31173|Automobile Loan|36799|0|8820|0|27979|683115
31358|Automobile Loan|34565|0|17174|0|17391|684352
31368|Atlanta Federation of Teachers|503|0|0|0|503|684650
31369|Officer|211|0|0|0|211|684650
31387|MOTOR CITY BLDG COR|0|250000|0|0|250000|684985
31391|TWU Int'l|296972||19793||277179|685369
31432|AFSCME LOCAL 189|36666|0|36666||0|686062
31476|NONE|0|0|0|0|0|686700
31478|GARNET FORD|0|29955|3177|0|26778|686999
31501|NONE|0|0|0|0|0|688117
31525|2012 Town & Country, Van|10464|0|4859||5605|689643
31526|2009 GMC Truck|8665|0|4004||4661|689643
31527|Ocean Fisrt Mortg.|749738|0|20944||728794|689643
31528|SBA Loan|399239|0|10206||389033|689643
31529|Capital Lease, Phone system|73271|0|22803||50468|689643
31793|OPEIU INTERNATIONAL|106685||31521||75164|695096
31794|AUTO LOANS|114184|38083|24599||127668|695096
31886|NONE|0|0|0|0|0|695867
32084|Ally Bank|95189|0|46400|0|48789|697484
32241|MORTGAGE NOTE|637077|0|339333|0|297744|698729
32510|NONE|0|0|0|0|0|701909
32599|Musicians Association of St. Louis|31729|0|2350|0|29379|706642
32603|Ally Auto|17803|0|11561|0|6242|706861
32628|Park Bank|969005||0|969005|0|707900
32878|BANCO POPULAR DE PR|872903||51534||821369|710949
32879|COOP A&C BO. QUEBRADA|41784||3867||37917|710949
32880|XEROX-CONTRATO ARRENDAMIENTO|18767||3258||15509|710949
32881|RELIABLE AUTO|53283||2850||50433|710949
34117|POPULAR AUTO|22681|0|3642|0|19039|732110
34373|BANK OF AMERICA|21280546|0|600000|0|20680546|736707
