OID|SOURCE|LOANS_OWED_START|LOANS_OBTAINED|CASH_REPAYMENT|NON_CASH_REPAYMENT|LOANS_OWED_END|RPT_ID
23176|0|0|0|0|0|0|562723
23186|0|0|0|0|0|0|562810
23195|0|0|0|0|0|0|562911
21603|None|0|0|0|0|0|539082
21625|Bank of America|389744|0|17060|372684|0|540584
21730|NONE|0|0|0|0|0|543375
24050|0|0|0|0|0|0|584409
23280|AFSCME|295000|0|70000|0|225000|572986
22719|N/A|0|0|0|0|0|554044
22729|N/A|0|0|0|0|0|554856
22742|None|||||0|555095
22743|None|0|0|0|0|0|555120
22744|Capitalized lease payable|8815|0|2396||6419|555138
22747|NONE|0|0|0|0|0|555148
22810|UURWAW INTERNATIONAL UNION|32500|0|3559|28941|0|556816
22812|SUNTRUST LINE OF CREDIT|0|622672|0|0|622672|556933
22813|NONE|0|0|0|0|0|556953
22824|Ford Motor Credit|16031||1734||14297|557317
22825|Ford Motor Credit|17423||502|16921|0|557317
22826|GMAC Finance|11302||977|10325|0|557317
22827|Seneca Falls Savings Bank|11626||11626||0|557317
22828|Beacon Federal|28914||7738||21176|557317
22829|Ford Motor Credit|0|31000|902||30098|557317
23281|Ford Credit|15026|15749|16125||14650|572990
22837|GMAC - 2011 CHEVY IMPALA|11106|0|3745|0|7361|557481
22838|GMAC - 2010 CHRYSLER TOWN & COUNTRY|6266|0|5017|0|1249|557481
22839|NONE|0|0|0|0|0|557555
22840|DC 33 LEGAL SERVICES PLAN|122544|0|0|0|122544|557559
22841|NONE|0|0|0|0|0|557607
22843|KEYBANK LINE OF CREDIT |0|2131159|2131159||0|557669
22845|OPEIU INTERNATIONAL|0|45000|0|0|45000|557716
22847|Ford Credit|27184|0||27184|0|557746
22849|NONE|0|0|0|0|0|557779
22850|Ford Credit - Automobile|7056||2429||4627|557794
22851|P&CM LOCAL 111 HEALTH FUND|35519||35519||0|557834
22852|COMERICA BANK|0|1160041|30530||1129511|557837
22853|FORD MOTOR CORP|88190|81200|38829|47500|83061|557839
22854|ALLY FINANCIAL|0|46921|3656|0|43265|557839
22855|IBEW |7952||3056|0|4896|557847
22856|155 West 46 Owner LLC|4000000||||4125293|557871
22857|SEIU Local 503|0|75000|0|0|75000|557902
22858|OHWBST|0|100000|0|0|100000|557902
22870|N/A|0|0|0|0|0|559585
22871|ALLY VEHICLE FINANCING|27000|0|4779|0|22221|559646
22872|POWERNET BANK - AUTO|13264|0|5136|0|8128|559662
22873|Northeastern Engineers Federal Credit Union|271491|0|15074|0|256417|559703
22874|N/A|0|0|0|0|0|559721
22875|HERGET BANK|20495|0|9311|0|11184|559745
22876|FORD MOTOR CREDIT|0|41872|5583|0|36289|559745
22877|AUTOSERV OF TILTON NH|50428|0|14242|0|36186|559751
22879|MORGAN STANLEY|153049|1473|154522|0|0|559783
22880|Mortgage Loan|675161||19193||655968|559788
22881|N/A|0|0|0|0|0|559822
22889|N/A|0|0|0|0|0|559988
22890|XEROX CORPORATION|9164|0|1759||7405|560111
22892|NONE|0|0|0|0|0|560183
22893|NONE|0|0|0|0|0|560290
22894|PNC COMMERCIAL LOAN|609302|0|609302|0|0|560307
22895|BOK COMMERCIAL LOAN|0|582485|12609|0|569876|560307
22896|N/A|0|0|0|0|0|560325
22897|NONE|0|0|0|0|0|560424
22898|Busey Bank Mortgage|1185691||40675||1145016|560483
22902|Ford Motor Credit|20367||4666||15701|560664
22903|Ford Motor Credit|22833||5231||17602|560664
22904|HUNTINGTON NATONAL BANK-VEHICLE LOAN|18870|0|18870|0|0|560701
22905|N/A|0|0|0|0|0|560704
22906|FORD CREDIT|37080|0|25371|7261|4448|560706
22907|DISTRICT COUNCIL 16|0|2300000|2300000|0|0|560712
22910|NONE|0|0|0|0|0|560730
22911|Ford Motor Credit|0|37484|7977|0|29507|560743
22912|PICKUP LOANS|8951|39918|8951||39918|560809
22913|None|0|0|0|0|0|560825
22914|NONE|0|0|0|0|0|560839
22915|SUNTRUST BANK|40418339|0|0|0|40418339|560870
22916|WEST COAST BANK|184894||75565||109329|560874
22917|WEST COAST BANK|35000||35000||0|560874
22918|NONE|0|0|0|0|0|560897
22919|NONE|0|0|0|0|0|560903
22920|PAC NW IRONWKRS CU|18303|0|2927|0|15376|560969
22921|IBEW LU 278 FCU  N|2150||2150||0|560999
22922|IBEW LU 278 FCU  V|33257||33257||0|560999
22923|IBEW LU 278 FCU  W|7137||7137||0|560999
22924|IBEW LU 278 FCU  X|4409||4409||0|560999
22925|FORD MOTOR CREDIT|0|24436|350||24086|561000
22929|N/A|0|0|0|0|0|561008
22930|NONE|0|0|0|0|0|561023
22931|NONE|0|0|0|0|0|561032
22932|NONE|0|0|0|0|0|561040
22933|NONE|0|0|0|0|0|561043
22934|NONE|0|0|0|0|0|561055
22935|N/A|0|0|0|0|0|561156
22936|COOP. CASA DEL TRABAJADOR|7219|0|5026|0|2193|561195
22937|DE LAGE LANDEN FINANCIAL|9743|0|4628|0|5115|561195
22938|VEGA COOP. - MORTGAGE|596419|0|23950|0|572469|561195
22944|NONE |0|0|0|0|0|561208
22945|N/A|0|0|0|0|0|561213
22946|NONE|0|0|0|0|0|561272
22947|Ally|13176|0|13176|0|0|561285
22948|Ford|12735|286|13021|0|0|561285
22949|Ford|16217|343|16560|0|0|561285
22950|Ford|16215|343|16558|0|0|561285
22951|Chrysler|0|20478|4019|0|16459|561285
22952|NONE|0|0|0|0|0|561311
22953|NONE|0|0|0|0|0|561315
22954|GMAC|11964|0|5981|0|5983|561371
22955|GMAC|10063|0|3356|6707|0|561371
22956|FORD|0|29500|0|0|29500|561371
22957|FORD|0|29441|0|0|29441|561371
22958|FORD|0|29722|0|0|29722|561371
22959|CHASE AUTO FINANCE|0|27780|7444||20336|561374
22960|AUTOMOBILE LOANS|126474|0|31435||95039|561375
22961|BancorpSouth|1970|54|2024||0|561377
22962|NONE|0|0|0|0|0|561387
22963|N/A|0|0|0|0|0|561400
22964|Diamond Credit Union|21914|0|4214|0|17700|561484
22965|None|0|0|||0|561523
22967|Kerbeck Cadillac|50487|0|7827|0|42660|561545
22968|KITSAP BANK|36134|0|36134|0|0|561558
22969|MORGAN STANLEY|200433|2109595|54403|0|2255625|561558
22970|Ally|27325|0|5852||21473|561656
22971|PNC Bank|44528||3468||41060|561662
22972|Wells Fargo Bank|57175||18601||38574|561662
22973|Bank of America|372684||372684||0|561662
22974|NONE|0|0|0|0|0|561687
22975|P & S CREDIT UNION|100000|0|54336||45664|561688
22976|JOINT APPRENTICE FUND||13200|||13200|561688
22977|NONE|0|0|0|0|0|561689
22978|NONE|0|0|0|0|0|561702
22979|FORD CREDIT|8784||4495||4289|561714
22980|UNION SAVINGS BANK|22954|0|4267|0|18687|561715
22981|NONE|0|0|0|0|0|561750
22982|NONE|0|0|0|0|0|561756
22983|NONE|0|0|0|0|0|561757
22984|NONE|0|0|0|0|0|561759
22985|NONE|0|0|0|0|0|561763
22986|BANCO POPULAR DE PR|1004555|0|40450|0|964105|561773
22987|COOP A&C BO QUEBRADA|51940|0|3160|0|48780|561773
22988|Ally Bank|15270|0|8650|0|6620|561775
22989|NONE|0|0|0|0|0|561776
22990|KONICA MINOLTA||14445|2004||12441|561790
22991|NONE|0|0|0|0|0|561802
22992|none|0|0|0|0|0|561820
22994|Ford Credit|27490||4854||22636|561896
22995|N/A|0|0|0|0|0|561925
22996|Riverside Community Bank Auto Loans|0|52000|4945|0|47055|561927
22997|Hometown Bank N.A.|391465||10552||380913|561937
22998|NONE|0|0|0|0|0|561940
22999|NONE|0|0|0|0|0|561944
23000|NO CALIFORNIA CARPENTERS REGIONAL|10093|0|10093|0|0|561946
23001|NONE|0|0|0|0|0|561953
23002|TD Bank|217564||7588||209976|561958
23003|Lessor-Xerox|29114|0|21638|0|7476|561959
23004|Lessor-Xerox|11234|0|11234|0|0|561959
23005|Lessor-Xerox|26755|0|26755|0|0|561959
23006|Lessor-Presidio-Tablets|0|86892|17337|0|69555|561959
23007|Lessor-Presidio-Network|0|169787|23026|0|146761|561959
23008|NONE|0|0|0|0|0|561974
23009|N/A|0|0|0|0|0|561980
23010|Mortgage|63080||8902||54178|561990
23011|Automobile|27815||6233||21582|561990
23012|WESTERN STATES OPE PEN|50997|407|||51404|561991
23013|NONE|0|0|0|0|0|562001
23014|Ford Motor Credit|3685|0||3685|0|562019
23015|MARION BANK|759559||26745|70397|662417|562066
23016|MARION BANK|57882||33177||24705|562066
23017|XEROX|1110||1110||0|562066
23018|XEROX|0|5000|1008||3992|562066
23019|AMALGAMATED BANK|0|2544841|0|0|2544841|562076
23021|N/A|0|0|0|0|0|562093
23023|NONE|0|0|0|0|0|562101
23024|FORD CREDIT|25149|0|5765|0|19384|562103
23025|Ford Auto Loan |10322||6140||4182|562110
23026|Lake Charles Building|0|750000|||750000|562110
23027|NONE|0|0|0|0|0|562115
23028|I.W. BUILDING FUND|7500|0|7500|0|0|562117
23030|BB&T BANK & TRUST L/T|750398|0|662423|0|87975|562123
23031|BROTHERHOOD BANK & TRUST CONSTRUCTION LOAN|150000|0|150000|0|0|562123
23032|WILMINGTON TRUST COMPANY|587488|0|127488|0|460000|562126
23033|CHASE BANK|6259|0|4969|0|1290|562126
23034|FIRST BANK OF DELAWARE|5941562|0|119315|0|5822247|562126
23035|CONSTRUCTION LOAN|0|54420|0|0|54420|562126
23036|ALLY FINANCIAL- L110|0|30928|10573|0|20355|562127
23037|ALLY FINANCIAL - L69|0|26040|5696|0|20344|562127
23038|ALLY FINANCIAL - L37|0|28269|7919|0|20350|562127
23039|ALLY FINANCIAL - MSRD 5|0|34314|34314|0|0|562127
23040|State Farm Bank|12255|0|3287||8968|562135
23041|Ford Credit|0|20299|20299|0|0|562137
23042|TEXAS GULF BANK|71320|0|11877|0|59443|562155
23043|Ford Motor Credit|0|20682|1787|0|18895|562160
23044|BANK OF LABOR|872001||49664||822337|562164
23045|Amalgated Bank of Chicago|90467||58929||31538|562180
23046|IBEW FCU|17052|0|3826|0|13226|562205
23047|Ford Credit|10754|0|10754||0|562216
23048|Ally Financial|0|28044|3404||24640|562216
23049|Line of Credit, M&T Bank|0|7840|6633||1207|562246
23050|The Savannah Bank|287190||287190||0|562251
23051|First Bank||281000|2059||278941|562251
23052|NA|||0|0|0|562256
23053|Community Business Lenders|273522|0|127674|0|145848|562276
23054|NONE|0|0|0|0|0|562282
23055|NONE|0|0|0|0|0|562288
23056|None|0|0|0|0|0|562300
23057|NONE|0|0|0|0|0|562308
23058|Atlanta Postal Credit Union|473650|0|114784|0|358866|562322
23059|JP MORGAN CHASE BANK|55263|0|47725|0|7538|562333
23060|NONE|0|0|0|0|0|562338
23061|UNITED LABOR BANK- CONSTRUCTION LOAN|8920833|3079167|||12000000|562347
23062|UBS FINANCIAL SERVICES|0|4923689|||4923689|562347
23063|NONE|0|0|0|0|0|562349
23064|NONE|0|0|0|0|0|562361
23065|NONE|0|0|0|0|0|562362
23066|NONE|0|0|0|0|0|562364
23067|NONE|0|0|0|0|0|562373
23068|NONE|0|0|0|0|0|562377
23069|Line of Credit|0|123140|0|0|123140|562378
23338|AUTOMOBILE INSTALLMENT LOAN|17967||4900||13067|574193
23072|Enterprise-Capital Lease on Vehicles|1215716|422088|594151|0|1043653|562381
23073|BOA Investment Fund III, LLC.|10612500|0|0|0|10612500|562381
23074|BOA Investment Fund III, LLC|4387500|0|0|0|4387500|562381
23077|NONE|0|0|0|0|0|562385
23078|NONE|0|0|0|0|0|562392
23079|GMAC-BUICK LA CROSSE|6507||5169||1338|562393
23080|M&T BANK|51682|0|11926|0|39756|562397
23081|None|0|0|0|0|0|562400
23082|AUTO INSTALLMENT LOAN|3322||3322||0|562401
23083|AMERICAN EXPRESS|9228||9228||0|562401
23084|GEORGIA BUILDING TRADES ACADEMY INC|17401||0||17401|562401
23085|ALLY BANK|54498|0|54498|0|0|562402
23086|ALLY AUTO BANK|13681|0|4561|0|9120|562407
23087|Not Applicable|0|0|0|0|0|562419
23088| NOTE PAYABLE TO NCCRC |1792952|0|47983|0|1744969|562421
23089|ALLY BANK - AUTO LOAN|16683|0|4729|0|11954|562429
23090|NONE|0|0|0|0|0|562432
23091|HORIZON BANK|741736|0|40508|0|701228|562434
23093|MIDWEST CARPENTERS & MILLWRIGHTS FCU|56849|0|8248||48601|562442
23094|NONE|0|0|0|0|0|562443
24053|None|0|0|0|0|0|584428
23095|BANK OF AMERICA|639945|0|113132||526813|562452
23096|Ford Credit|259299|0|75485|0|183814|562453
23097|GMAC|2722|0|2722|0|0|562458
23098|NONE|0|0|0|0|0|562466
23099|Community Bank|61309|0|13399||47910|562472
23100|NO. CA. CARPENTERS REGIONAL COUNCIL|2430989|0|135965|0|2295024|562476
23101|Bryn Mawr Trust Bank|52404|20000|10575|0|61829|562489
23102|First NBC Bank|229906||7645||222261|562507
23103|NONE|0|0|0|0|0|562513
23104|SAGCD|0|24000|0|0|24000|562514
23105|INTERNATIONAL|0|24000|0|0|24000|562514
23106|DUE TO OFFICERS||12556|0|0|12556|562514
23107|First Mid-Illinois Bank|22409|0|4532|0|17877|562516
23108|NONE|0|0|0|0|0|562520
23109|NONE|0|0|0|0|0|562521
23111|NONE|0|0|0|0|0|562531
23112|CWA Loan I|160088|0|107403|0|52685|562532
23113|CWA Loan II|614008|0|37755|576253|0|562532
23114|NONE|0|0|0|0|0|562534
23115|Ally|12562|0|4275|0|8287|562535
23116|Ally|14295|0|4142|0|10153|562535
23117|Regions|875513|0|42886|0|832627|562535
23118|F&M|300512|33000|0|0|333512|562535
23119|Regions|42750|0|42750|0|0|562535
23120|F&M|112000|0|16404|0|95596|562535
23121|Regions|993877|0|48187|0|945690|562535
23122|Pinnacle|353194|0|196485|0|156709|562535
23123|Regions|169473|28000|0|0|197473|562535
23124|Regions|0|398697|0|0|398697|562535
23125|F&M|0|301000|0|0|301000|562535
23126|CREDIT CARD BALANCES|2639|658|||3297|562537
23127|UNCLAIMED VACATION FUND CHECKS|8311||260||8051|562537
23128|NONE|0|0|0|0|0|562540
23129|NONE|0|0|0|0|0|562543
23131|FORD MOTOR CREDIT|9041|0|9041|0|0|562556
23132|FORD MOTOR CREDIT|6849|0|6558|0|291|562556
23133|FORD MOTOR CREDIT|0|38057|5159|0|32898|562556
23134|FIRST COLLINSVILLE BANK|169734|0|53588||116146|562558
23135|Alliance Bank|891|0|891|0|0|562559
23136|Joe Cecconi's Chrysler Complex|0|18145|1512|0|16633|562559
23137|None|0|0|0|0|0|562561
23138|GMAC CREDIT CORPORATION|160285|194930|127382|0|227833|562562
23139|INT'L BROTHERHOOD OF BOILERMAKERS|1074198|0|313747|0|760451|562562
23140|THREE RIVERS CHRYSLER JEEP DODGE|16094|25095|16094|0|25095|562562
23141|MARLIN BUSINESS BANK|26417|0|26417|0|0|562562
23142|SOUTHWESTERN GROUP|0|250000|0|0|250000|562562
23144|AMALGAMATED BANK OF CHICAGO|4700000||1200000||3500000|562569
23145|EAGLE BANK|3265000||1200000||2065000|562569
23146|NONE|0|0|0|0|0|562572
23147|COMMERCE BANK|1446847|0|51337|0|1395510|562584
23148|JP MORGAN|492800|3071|0|0|495871|562600
23149|BANK LOAN|20944||7333||13611|562603
23150|BANK LOAN|22002||5007||16995|562611
23151|GMAC|15701||4750||10951|562615
23152|Ford Motor Credit Corp|14249|0|14249||0|562628
23153|GMAC Auto Loan|21813|0|21813|0|0|562631
23154|PNC Bank Term Loan $90K|75785|0|21904|0|53881|562631
23155|PNC Bank Term Loan $500K|0|499489|49949|0|449540|562631
23156|Ally Financial Auto Loan|0|48652|4027|0|44625|562631
23157|NONE|0|0|0|0|0|562649
23158|Ally Bank Auto Loan|19737||19737||0|562652
24054|NONE|0|0|0|0|0|584439
23159|Ally Bank Auto Loan|28215||28215||0|562652
23160|Ally Bank Auto Loan|28114||5304||22810|562652
23161|Chrysler Capital Auto Loan||42287|3559||38728|562652
23162|RBS Citizens Line of Credit||7312|||7312|562652
23166|TD AUTO FINANCE|4859||4859||0|562664
23167|CHASE AUTO FINANCE|9307||9307||0|562664
23168|CLEARVIEW FCU|32755|82900|6495||109160|562664
23174|United Labor Bank|981|0|981||0|562674
23175|ALLY BANK|4508|0|0|4508|0|562699
23177|Merger of Local 500 into Local 242|0|0|75000|0|0|562729
23178|BANK OF AMERICA CREDIT CARDS-NET ACTIVITY|2489|12078|||14567|562744
23179|LEASE BUYOUT PAYABLE||32458|8514||23944|562744
23181|Detroit Metropolitan Credit Union (Auto)|15427|0|15427|0|0|562763
23183|None|0|0|0|0|0|562790
23184|Powernet Credit Union|214074|0|9269|0|204805|562791
23185|None - Not Appicable|0|0|0|0|0|562807
23187|GMAC Financing Corp|23425|||23425|0|562826
23188|GATEWAY METRO CREDIT UNION|7028|0|7028|0|0|562856
23189|Pitney Bowes Equipment Lease|0|45951|11184||34767|562857
23190|SunTrust|9904|0|9904|0|0|562866
23191|US BANCORP EQ FINANCE|10721||6349||4372|562881
23192|CHRYSLER CAPITAL|0|30000|0|0|30000|562885
23193|Bank of Labor|574593|0|19772|0|554821|562886
23194|BANK OF AMERICA|23335899|0|855353|0|22480546|562894
23196|CREDIT CARDS|4798|7625|4798||7625|562918
23197|Ally Bank|19499|0|19499|0|0|562928
23198|Ironworkers Local #340|207558|0|0|0|207558|562937
23199|BROTHERHOOD BANK|347867|0|44876||302991|562945
23201|MORTGAGET PAYABLE|1348835|1165|||1350000|562952
23202|N/P CapitalMark Bank |0|2012601|18322||1994279|562953
23203|PowerNet Credit Union |0|36743|843|0|35900|563001
23204|LINCOLN AUTOMOTIVE FINANCIAL SERVICES|40223|0|10970|0|29253|563020
23205|GMAC 2011 ACADIA AUTO LOAN|22770||4206||18564|563034
23206|IBEW Loan|0|52500|0|0|52500|563051
23207|NJ STATE FRATERNAL ORDER OF POLICE|269871|0|3000|0|266871|563052
23208|INVESTORS BANK |11966|0|3697|0|8269|563052
23209|NONE|0|0|0|0|0|563055
23210|NONE|0|0|0|0|0|563109
23211|Mortgage on building|578480|0|186942|0|391538|563128
23213|JP MORGAN CHASE BANK|1057437|0|55285|0|1002152|563140
23214|AT&T CAPITAL|6256|0|1788|0|4468|563140
23215|N/A|0|0|0|0|0|563146
23217|2011 SILVERADO NOTE|23329||2211|21118|0|563152
23218|2012 GMC YUKON NOTE|46090||7759||38331|563152
23219|2013 GMC YUKON NOTE|57504||7997||49507|563152
23220|2014 GMC YUKON|0|39156|4056|0|35100|563152
23233|Rhinebeck Savings Bank|3492||3492||0|563233
23234|Saratoga National Bank|6381||6381||0|563233
23237|Automobile|9780||9780||0|563364
23238|Automobile|0|34950|6173||28777|563364
23239|Automobile||8200|0||8200|563364
23240|Automobile||23349|0||23349|563364
23241|Line of Credit Suntrust Bank|3729657|111546112|114380921|0|894848|563476
23244|Capital Lease Obligation|1732||913||819|563481
23245|Capital Lease Payable|4076||2413||1663|563506
23250|USW INTERNATIONAL|5000|5000|0|0|10000|572134
23253|CHASE AUTO FINANCE|19620|0|5768|0|13852|572199
23254|FORD CREDIT|368553|29217|105680|0|292090|572199
23255|Note Payable M&M Automobile|0|31141|469||30672|572226
23256|GMAC|19722|0|9467||10255|572262
23257|N/A|0|0|0|0|0|572284
23258|SCPT DISTRICE COUNCIL 16|340805|0|340805|0|0|572305
23259|BROTHERHOOD BANK AND TRUST|3388311|0|123058|0|3265253|572313
23260|N/A|0|0|0|0|0|572317
23261|UNION YES FEDERAL CREDIT UNION|5568|0|5568|0|0|572347
23262|UNION YES FEDERAL CREDIT UNION|5568|0|5568|0|0|572347
23263|ALLY |10421|0|3489|0|6932|572347
23264|ALLY|10421|0|3489|0|6932|572347
23266|East Side Neighborhood Dev.|4713|||1571|3142|572403
23268|GMAC|11643|0|2910|8733|0|572489
23269|Chase|0|59408|5954|0|53454|572489
23270|Ally - Car loan|24491|0|5559||18932|572543
23271|AUTO|94591|0|31419|0|63172|572581
23276|Brotherhood Bank & Trust|25000|50000|0|0|75000|572641
23279|Numerica Credit Union|292|0|292||0|572967
23282|Ford Credit|10392|22733|11500||21625|572990
23283|BROTHERHOOD BANK & TRUST|0|65350|15198||50152|572993
23285|Ally Financial|20621|0|4342|0|16279|573181
23286|N/A|0|0|0|0|0|573199
23287|UIU LOCAL #1|0|100000|0|0|100000|573215
23288|NO LOANS|0|0|0|0|0|573242
23289|TOTAL LOANS PAYABLE|0|0|0|0|0|573263
23290|Ford Motor Credit Company|74621|0|17240||57381|573265
23291|TD Auto Finance, LLC|26802|0|12554||14248|573265
23292|Liberty Bay Credit Union|381154|0|381154|0|0|573273
23293|BB&T BANK (AUTO LOAN)|7610|0|2519|5091|0|573282
23294|FORD CREDIT - AUTO LOAN|913|0|913|0|0|573288
23295|FORD CREDIT - AUTO LOAN|29459|0|5665|23794|0|573289
23296|Smith Barney Line of Credit|135515|2542|138057||0|573369
23297|AUTO LOAN|0|24263|24263|0|0|573393
23298|Ford Credit||17708|3650||14058|573411
23301|Harris (Bldg Loan)|341861||312821||29040|573599
23302|Riverside Line of Credit|200000||||200000|573599
23303|CWA INTERNATIONAL|880769|0|27253|0|853516|573641
23304|Credit Card-Amalgamated Bank|4150||4144||6|573705
23306|ILLINOIS NATIONAL BANK|28824|0|7322|0|21502|573723
23308|Advanced Dues from National|0|264000|264000||0|573769
23309|CWA WASHINGTON, DC|301952|0|9019||292933|573860
23310|CWA NATIONAL|196260|0|0|2674|193586|573862
23311|NONE|0|0|0|0|0|573870
23312|SOUTHSIDE BANK|21182|0|7764|0|13418|573950
23313|SOUTHSIDE BANK|18219|0|8630|0|9589|573950
23314|Ricardo Silva & Assoc.|7512||7512||0|573959
23315|AUTO LOAN|14630||4474||10156|573987
23316|PEOPLES NATIONAL BANK|0|29650|4601||25049|573989
23317|NONE|0|0|0|0|0|574007
23324|CWA NATIONAL|751888|0|0|26413|725475|574034
23326|N/A|0|0|0|0|0|574059
23327|N/A|0|0|0|0|0|574115
23328|FORD MOTOR CREDIT|15362||6145|0|9217|574122
23329|FORD MOTOR CREDIT|28158||5632|0|22526|574122
23330|None|0|0|0|0|0|574132
23331|Martin Leasing Corp|78008|0|20432|0|57576|574148
23332|DUE TO NATIONAL|449495|0|17507|0|431988|574157
23333|Washington Savings Bank|98534||18167||80367|574169
23334|MORTGAGE PAYABLE|64902|0|2800|0|62102|574174
23335|CWA INTERNATIONAL ADVANCE|97000|0|97000|0|0|574174
23336|Regions|86089||7835||78254|574187
23337|Regions|8590|10250|||18840|574187
23598|Auto Loan 2010 GMC Arcadia|2364||2364||0|580992
23339|260 PARK AVENUE REALTY CORP.|41232959|0|37462|10125|41233217|574200
23340|49 EAST 21 COMPANY, INC.|8433227|0|0|0|8436027|574200
23341|CWA NATIONAL OFFICE|4690804||51024||4639780|574205
23342|FORD CREDIT|36752|48948|38625|0|47075|574215
23343|GREAT AMERICAN LEASING|16958|0|9737|0|7221|574215
23344|SOUTHSIDE BANK|9656|0|5213|0|4443|574220
23345|SOUTHSIDE BANK|9399|0|5075|0|4324|574220
23346|SOUTHSIDE BANK|7908|0|4270|0|3638|574220
23347|NONE|0|0|0|0|0|574228
23348|CWA National Union|37918||37918||0|574232
23349|Union YES FCU - Line of Credit|141659||58106||83553|574232
23350|0|0|0|0|0|0|574235
23351|PNC BANK|17621|0|10126|0|7495|574245
23352|PNC BANK|7424|0|7424|0|0|574245
23354|National Basketball Players Association|0|561460|82468|478992|0|574247
23355|OPEIU International|81667||20000||61667|574248
23356|Konica Minolta Premier Finance|575630||155728||419902|574261
23357|Konica Minolta|116975||19688||97287|574261
23358|None|0|0|0|0|0|574267
23360|Certificates payable|3350|0|0|0|3350|574334
23361|not applicable|||||0|574420
23362|CWA National|150920||8296||142624|574443
23363|Massachusetts & Northern New England Laborers' DC|50000|0|0|0|50000|574445
23364|MEDIA GUILD RETIREMENT PLAN|390007|0|114151|0|275856|574521
23366|CWA INTERNATIONAL AFL-CIO|188867|0|188867|0|0|574548
23367|NONE|0|0|0|0|0|574552
23368|CWA AFL-CIO, CLC National Union|840903|0|34367|0|806536|574557
23369|N/A|0|0|0|0|0|574566
23370|CWA INTERNATIONAL|84568|0|9330|0|75238|574653
23371|Total Loans Payable|0|0|0|0|0|574892
23373|n/a|0|0||0|0|575079
23374|0|0|0|0|0|0|575111
23375|Doral Bank|114301||25129||89172|575399
23376|UBS|275377|48579|||323956|575399
23381|N/A|0|0|0|0|0|575768
23384|Ally Bank|21031|0|6634|0|14397|575779
23385|Ford Credit |17259|0|4474|0|12785|575779
23386|ALLY AUTO|19873|0|7475||12398|575791
23387|FORD CREDIT|26361|0|5849||20512|575791
23388|NONE|0|0|0|0|0|575793
23389|FORD CREDIT|0|58214|5087|0|53127|575842
23395|ALLY FINANCIAL|29787|0|29787||0|575877
23396|IMPERIAL CREDIT|86443|0|86443||0|575877
23397|PNC CREDIT LINE|0|0|0||0|575877
23398|Wells Fargo Auto|11673|0|2664||9009|575904
23399|UFCW International Loan|361371|0|90000||271371|575904
23400|Ford Auto Credit|11745|0|11745||0|575904
23401|Ally Financial Auto|18939|0|3923||15016|575904
23402|Bank of America Mortgage|1322263|0|68854||1253409|575904
23403|Five Star Creidt Union|1876916|0|278000|0|1598916|576205
23409|Commerce Bank|16630|0|4032||12598|576695
23410|FORD MOTOR CREDIT|713||713||0|576916
23411|FORD MOTOR CREDIT|18452||6639||11813|576916
23412|FORD MOTOR CREDIT|22537||4229||18308|576916
23413|ALLY BANK|48506||48506||0|576916
23414|ALLY BANK|0|63229|772||62457|576916
23415|MECHANICS SAVINGS BANK|16839|0|6512||10327|576980
23416|N/A|0|0|0|0|0|576996
23417|Ford Credit|0|22476|2926|0|19550|577088
23418|NONE|0|0|0|0|0|577313
23419|0|0|0|0|0|0|577339
23426|Ford Credit|3717||3717||0|577352
23427|Ford Credit|5569||5569||0|577352
23428|Ford Credit|16043||16043||0|577352
23429|Duplicator Sales||9108|4554||4554|577352
23430|Ford Credit||45104|2180||42924|577352
23431|Ford Credit||36050|600||35450|577352
23432|N/A|0|0|0|0|0|577456
23433|PLATINUM LEASING SERVICES|0|16667|1641||15026|577488
23434|ALLY BANK|15670|82538|75640|0|22568|577492
23435|CHRYSLER CAPITAL|0|25489|25489|0|0|577492
23436|NONE|0|0|0|0|0|577597
23437|None|0|0|0|0|0|577600
23438|International Union|0|70000|||70000|577605
23439|TEAMSTERS CREDIT UNION|5329|0|3991|0|1338|577635
23440|NONE|0|0|0|0|0|577644
23449|LINCOLN AUTO FINANCIAL SERVICES|0|21701|0|0|21701|577664
23450|Iberia Bank line of credit|0|36122|18059||18063|577666
23451|AMERICAN BANK|325941|0|35666|0|290275|577687
23452|Chevrolet Truck|10067|0|2240|7827|0|577689
23453|CHASE|17660|0|17660||0|577833
23454|PNC BANK, PITTSBURGH, PA|140042||67878||72164|577836
23455|None|0|0|0|0|0|577838
23456|Ford Credit|23079|10000|33079||0|577909
23457|NONE|0|0|0|0|0|577982
23458|M&T Bank|1098592|0|57922|0|1040670|578080
23459|Owed to Other Funds|8298|10842|8298||10842|578080
23460|FORD CREDIT|19944|0|5268|0|14676|578186
23461|FORD CREDIT|20315|0|5621|0|14694|578186
23462|None|0|0|0|0|0|578259
23463|N/A|0|0|0|0|0|578433
23464|MORTGAGE PAYABLE|362934|0|17853|0|345081|578561
23465|AUTO LOAN|0|7500|764|0|6736|578561
23466|N/A|0|0|0|0|0|578586
23469|NONE|0|0|0|0|0|578632
23470|Roofers Local Property Company|323182|0||3600|319582|578659
23471|None|0|0|0|0|0|578660
23476|OCE FINANCIAL SERVICES, INC|722|0|722|0|0|578695
23477|Ford Motor Credit|107778|0|28195|0|79583|578733
23478|Teamsters International Union|291000|0|0|0|291000|578831
23479|Laborers Local 1098|0|65000|2940|0|62060|578857
23480|Laborers Local 355|0|65000|2940|0|62060|578857
23481|Laborers Local 1076|0|65000|2940|0|62060|578857
23482|Laborers Local 499|0|65000|2939|0|62061|578857
23483|Laborers Local 1191|0|65000|2939|0|62061|578857
23484|Laborers Local 1329|0|65000|2939|0|62061|578857
23485|LOANS PAYABLE - FIRST COMMONWEALTH|416325|0|15981|0|400344|578866
23486|LOANS PAYABLE - URA|191267|0|8410|0|182857|578866
23487|TEAMSTERS CREDIT UNION|7106|0|2583|0|4523|578897
23488|USW DIST 7 STRIKE FUND|49996||||49996|578929
23489|Chase|22000||14300||7700|578954
23490|0|0|0|0|0|0|578998
23491|0|0|0|0|0|0|578998
23492|0|0|0|0|0|0|578998
23493|0|0|0|0|0|0|578998
23494|0|0|0|0|0|0|578998
23495|0|0|0|0|0|0|578998
23496|0|0|0|0|0|0|578998
23497|0|0|0|0|0|0|578998
23498|0|0|0|0|0|0|578998
23499|0|0|0|0|0|0|578998
23500|0|0|0|0|0|0|578998
23501|0|0|0|0|0|0|578998
23502|Chase Bank-Credit Card Payable|0|13957|13775|0|182|579221
23503|Houston Musicians Fed Credit Union|10435|0|10435|0|0|579221
23504|Houston Musicians Fed Credit Union|82020|0|17146|0|64874|579221
23505|Houston Musicians Fed Credit Union|17000|0|17000|0|0|579221
23506|IBEW 743 SICK FUND|16000|0|0|16000|0|579266
23507|NONE|0|0|0|0|0|579277
23508|UniFi Equip finance Ervin leasing|6527|0|4183|0|2344|579279
23509|Bank of Springfield|2005580||67446||1938134|579398
23510|Money One Federal Credit Union|0|20000|0|0|20000|579442
23511|Ford Credit|0|132395|0|0|132395|579442
23513|ALLY BANK|18622|0|4631|0|13991|579561
23514|0|0|0|0|0|0|579569
23515|NO LOANS |0|0|0|0|0|579606
23516|Vacation Fund|60686|51337|60686|0|51337|579717
23517|RWDSU NATIONAL|168664|0|13198|0|155466|579770
23518|Ford Motor Credit|14297|0|3542||10755|579816
23519|Ford Motor Credit|30098|0|3791||26307|579816
23520|Beacon Federal|21176|0|21176||0|579816
23523|Ford Credit|9905||9905||0|579866
23524|NONE|0|0|0|0|0|579879
23525|CAPITAL LEASE PAYABLE - PHONE SYSTEM|20018|0|3335|0|16683|579904
23526|FORD MOTOR CREDIT|21278|0|21278|0|0|579905
23527|National Postal Mail Handlers Union|87579|0|51394|0|36185|579931
23528|PNC Bank|94604|0|8863|0|85741|579957
23529|Vinton County Bank|0|154383|9490|0|144893|580003
23530|FORD CREDIT|19207|0|7096||12111|580004
23531|CHRYSLER CAPITAL|0|29990|2648||27342|580004
23532|Ally Bank|0|25002|3155||21847|580006
23536|Internation Union, UAW|251135|0|36805|0|214330|580226
23537| ||||||580226
23538|NOT APPLICABLE|0|0|0|0|0|580236
23539|NONE|0|0|0|0|0|580244
23540|NP FORD CREDIT|29556|0|6226|0|23330|580249
23541|NONE|0|0|0|0|0|580251
23542|NONE|0|0|0|0|0|580258
23543|International Union UAW|256200|0|0|0|256200|580269
23544|WORKERS UNITED|85317|0|0|0|85317|580317
23545|FORD EXPLORER AUTO LOAN|27113|0|6257|0|20856|580349
23546|FORD TAURUS AUTO LOAN|24612|0|4971|0|19641|580349
23547|GMC TERRAIN AUTO LOAN|0|31931|5513|0|26418|580349
23548|none|0|0|0|0|0|580363
23549|Notess Payable-Autos|32268|0|10266|0|22002|580394
23550|Ford/Lincoln - Auto loans|95174|40260|37848||97586|580414
23551|Mid-State Chevrolet|24144|0|24144|0|0|580420
23552|Ford Credit|7641||4327||3314|580495
23553|IBEW 146 CREDIT UNION|4675|0|3288||1387|580526
23555|0|0|0|0|0|0|580618
23556|ALLY FINANCIAL|39916|0|7500|0|32416|580649
23557|ALLY FINANCIAL|40271|0|7571|0|32700|580649
23558|ALLY FINANCIAL|40136|0|8516|0|31620|580649
23559|ALLY FINANCIAL|41985|0|7665|0|34320|580649
23560|NEIGHBORHOOD CREDIT UNION|249880||249880||0|580653
23561|Mortgage Note|331785||14527||317258|580669
23562|Construction loan|149634||6303||143331|580669
23563|Ford Motor Credit|445478|146981|286285||306174|580669
23564|HOME STAR BANK|23224|0|5043|0|18181|580673
23565|ALLY BANK|22238|0|7849|0|14389|580674
23566|ALLY BANK|24695|0|8980|0|15715|580674
23567|ALLY BANK|25560|0|9021|0|16539|580674
23568|MoneyOne FCU Loan|93120|0|86761|0|6359|580690
23569|SECAP|6853|0|3619|0|3234|580693
23570|GMAC|1196|0|1196|0|0|580693
23571|GMAC|1142|0|1142|0|0|580693
23572|GMAC|1196|0|1196|0|0|580693
23573|GMAC|1618|0|1618|0|0|580693
23574|0|0|0|0|0|0|580698
23575|COMMUNITY BANK 3.13%-3.73%|293778|48631|162581|0|179828|580706
23576|NONE|0|0|0|0|0|580714
23578|Ally|19351|0|5433|0|13918|580758
23579|Ally|0|23196|3751|0|19445|580758
23580|Citizens Bank|276405|0|17778|0|258627|580758
23581|N/A|0|0|0|0|0|580759
23582|Illinois National Bank|379840||120067||259773|580788
23583|Key Bank|132316||24258||108058|580829
23584|UA Local 73|868732||20936||847796|580829
23585|Alley |0|24438|4454||19984|580829
23586|Ford Motor Credit|20954||8844||12110|580833
23587|0|0|0|0|0|0|580839
23588|UNION|119768||119768||0|580858
23589|Ford Credit -  F150 2012|29996|0|11282|0|18714|580889
23590|Ford Credit  - F150 2013 (1) |43943|0|12087|0|31856|580889
23591|Ford Credit  - F150 2013 (2)|45891|0|12023|0|33868|580889
23592|NONE|0|0|0|0|0|580902
23593|NONE|0|0|0|0|0|580932
23594|First National Bank|0|18000|264|0|17736|580961
23595|National Union of HHCE|33200|0|1313|0|31887|580968
23596|Auto Loan 2012 Ford Fusion Grey|13697||4214||9483|580992
23597|Auto Loan 2012 Ford Fusion Bordeaux|13628||4193||9435|580992
23829|IW of H&F and Asbestos Workers Local 45|10400||||10400|583173
23599|MCKESSON FCU|5488||3113||2375|580998
23600|FIRST NATIONAL|264943||264943||0|581010
23601|Equipment Loan, copier lease|2545||1291||1254|581016
23602|BANK OF AMERICA|7684474|0|344339|0|7340135|581017
23603|FORD MOTOR COMPANY|20099|0|10076||10023|581021
23604|Capital One Bank|88130|0|19757||68373|581031
23605|IA Local 45|111634|0|4255|0|107379|581060
23606|OPCMIA|100000|0|0|0|100000|581072
23607|Ford Motor Credit #9|9185||9185||0|581076
23608|Ally Bank|13517||10814||2703|581076
23609|Chrylser Credit #11|32258||10753||21505|581076
23610|Ford Motor Credit #12|23140||7713||15427|581076
23611|Ford Motor Credit #13|23140||7713||15427|581076
23612|M&T Bank|5650|0|5650|0|0|581077
23613|THE CIT GROUP-COPIER LEASE|4671|0|1544|0|3127|581081
23614|TAMCO CAPITAL CORP-TELEPHONE LEASE|10682|0|2870|0|7812|581081
23615|First Citizens Bank|691617|0|86437|0|605180|581084
23616|0|0|0|0|0|0|581139
23617|Ford Motor Credit|43525|19276|22918|0|39883|581167
23618|N/A|0|0|0|0|0|581198
23619|NONE|0|0|0|0|0|581210
23620|NONE|0|0|0|0|0|581216
23621|WEBSTER BANK|64411|0|9838|0|54573|581224
23622|N/A|0|0|0|0|0|581231
23623|N/A|0|0|0|0|0|581234
23624|GMAC|1927|0|1927|0|0|581304
23625|HUNTINGTON NATIONAL BANK|11224|0|11224|0|0|581308
23626|Ford Credit|9727|0|9727||0|581315
23627|PNC Bank|23925|0|4468|0|19457|581323
23628|NONE|0|0|0|0|0|581326
23629|NONE|0|0|0|0|0|581328
23630|OHIO TEAMSTERS CREDIT UNION|26955||6892||20063|581342
23631|TEAMSTERS CREDIT UNION|27896||7132||20764|581342
23632|TEAMSTERS CREDIT UNION|28667||7329||21338|581342
23633|NONE|0|0|0|0|0|581349
23634|Auto Loan Payable|0|44069|1469|0|42600|581389
23635|NONE|0|0|0|0|0|581448
23636|AUTO LOAN-ALLY|8005|0|2911|0|5094|581457
23637|AUTO LOAN-ALLY|28047|0|5610|0|22437|581457
23638|AUTO LOAN-ALLY|29120|0|5823|0|23297|581457
23639|AUTO LOAN-ALLY|29642|0|5927|0|23715|581457
23640|AUTO LOAN-ALLY|0|29064|3876|0|25188|581457
23641|0|0|0|0|0|0|581465
23642|GMAC FINANCE|9388|0|9388|0|0|581472
23643|ALLY FINANCIAL|16226|0|12169|0|4057|581472
23644|n/a|||||0|581500
23645|FORD MOTOR CREDIT|0|38145|1072||37073|581521
23646|FORD MOTOR CREDIT CO.|70042|81314|27067|0|124289|581525
23647|CHRYSLER CAPITAL|0|58950|13100|0|45850|581525
23648|ELECTRICAL WORKERS CREDIT UNION|28954|23230|6747|0|45437|581534
23649|AUTO LOAN-ALLY|7583|0|7000|0|583|581552
23650|APPLICATION SOFTWARE|0|10671|3557|0|7114|581575
23651|0|0|0|0|0|0|581576
23652|ALLY BANK|47657||47657||0|581577
23653|Ford Credit - Truck Loan|33903|0|8226|0|25677|581586
23654|Ford Credit - Truck Loan|35157|0|35157|0|0|581586
23655|PNC Bank - Line of Credit|100000|0|0|0|100000|581586
23656|0|0|0|0|0|0|581597
23657|NONE|0|0|0|0|0|581612
23658|Chase Auto Finance|24607|23341|5939||42009|581613
23659|None|0|0|0|0|0|581614
23660|Huntington Bank|23185|0|23185|0|0|581621
23661|Huntington Bank|0|41250|2459|0|38791|581621
23662|Bancorp South Auto Loan|19801|0|11099|0|8702|581624
23663|FORD CREDIT|34122|0|5024||29098|581625
23664|Town & Country Bank|0|300000|20471|0|279529|581629
23665|Loan-UFCW Int'l. Union||142944|83384||59560|581631
23666|Longo Lexus|28639||10579||18060|581638
23667|Auto loan payable-Ford motor credit|36393|0|20787||15606|581641
23668|Auto loan payable-Ally|74775||36424||38351|581641
23669|Auto loan payable-Wells Fargo bank|15594||15594||0|581641
23670|N/A|0|0|||0|581643
23671|None|0|0|0|0|0|581649
23672|AUTOMOBILE LOAN|7848|0|7848|0|0|581650
23673|NA|0|0|0|0|0|581659
23674|Line of Credit|215478||44000||171478|581702
23675|Mortgage|144791||20136||124655|581702
23676|NONE|0|0|0|0|0|581711
23677|n/a|0|0|0|0|0|581745
23678|FORD CREDIT|22151|0|9166|0|12985|581776
23679|NONE|0|0|0|0|0|581801
23680|Ally Bank|21550||7570||13980|581814
23681|Ford Motor Credit|18477||5365||13112|581814
23682|NONE|0|0|0|0|0|581822
23683|EDWARD D JONES|0|40007|244|0|39763|581826
23684|N/A|0|0|0|0|0|581827
23685|NONE|0|0|0|0|0|581836
23686|None|0|0|0|0|0|581839
23687|none|0|0|0|0|0|581857
23688|N/A|||||0|581885
23689|M&T Bank - Auto Loans|7679|49588|4326||52941|581947
23690|Loan Payable on Building|654766|0|55670|0|599096|581956
23699|NONE|0|0|0|0|0|582059
23700|N/A|0|0|0|0|0|582064
23701|Notes Payable-Autos|120271|17634|44433||93472|582095
23702|Media Members FCU|0|17892|0|0|17892|582151
23703|NONE|0|0|0|0|0|582154
23704|ALLY|29242||23849||5393|582160
23705|CHRYSLER FINANCIAL||59574|851||58723|582160
23706|AUTO LOAN-ALLY|5608|0|5608|0|0|582163
23707|AUTO LOAN-ALLY|13307|0|7114|0|6193|582163
23708|AUTO LOAN-ALLY|0|29500|678|0|28822|582163
23709|FORD MOTOR CREDIT COMPANY|30940|0|7005|0|23935|582183
23710|LINE OF CREDIT|262948|269839|71060|0|461727|582229
23711|ALLY AUTO LOAN|0|28760|2985|0|25775|582229
23712|NONE|0|0|0|0|0|582264
23713|N/A|0|0|0|0|0|582292
23714|N/A|0|0|0|0|0|582292
23715|N/A|0|0|0|0|0|582292
23716|N/A|0|0|0|0|0|582292
23717|N/A|0|0|0|0|0|582292
23718|N/A|0|0|0|0|0|582292
23719|N/A|0|0|0|0|0|582292
23720|N/A|0|0|0|0|0|582292
23721|N/A|0|0|0|0|0|582292
23722|N/A|0|0|0|0|0|582292
23723|N/A|0|0|0|0|0|582292
23724|N/A|0|0|0|0|0|582292
23725|NONE|0|0|0|0|0|582312
23726|Elmira Savings Bank|400000||12744||387256|582323
23727|STREDC|0|500000|0|0|500000|582323
23728|Avaya Capital Lease|0|8802|543|0|8259|582323
23730|CHRYSLER CAPITAL||20342|2049||18293|582354
23731|NONE|0|0|0|0|0|582391
23732|Ford Credit Services|89599|193949|108534|0|175014|582406
23733|US Bancorp Equipment Finance|0|57748|7713|0|50035|582406
23734|I.U. Per Capita Loan|44282|0|18000|0|26282|582424
23735|NE TEAMSTERS FCU|28674|25952|23873||30753|582441
23736|FIRST NIAGARA|0|20000|2369||17631|582441
23737|NONE|0|0|0|0|0|582448
23738|CREDIT UNION|0|49502|7714|0|41788|582462
23739|JP MORGAN CHASE BANK|24060|0|24060|0|0|582475
23740|JP MORGAN CHASE BANK|0|15794|2304|0|13490|582475
23741|ALLY|0|43183|1439|0|41744|582475
23742|STEAMFITTERS LOCAL 439 INDUSTRY ADVANCEMENT FUND|0|9918|0|0|9918|582475
23743|0|0|0|0|0|0|582505
23744|LOCAL 513|4445||4445||0|582517
23745|METROPOLITAN C.U. MORTGAGE|232695||8649||224046|582517
23746|NONE|0|0|0|0|0|582525
23747|HORIZON BANK, NATIONAL ASSOCIATION|0|15302|383|0|14919|582546
23748|HORIZON BANK, NATIONAL ASSOCIATION|0|16800|1648|0|15152|582546
23749|HORIZON BANK, NATIONAL ASSOCIATION|0|16800|1648|0|15152|582546
23750|HORIZON BANK, NATIONAL ASSOCIATION|0|16300|389|0|15911|582546
23751|HORIZON BANK, NATIONAL ASSOCIATION|0|17200|1852|0|15348|582546
23752|HORIZON BANK, NATIONAL ASSOCIATION|0|16500|790|0|15710|582546
23753|HORIZON BANK, NATIONAL ASSOCIATION|0|16500|790|0|15710|582546
23754|HORIZON BANK, NATIONAL ASSOCIATION|0|66501|7341|0|59160|582546
23755|HORIZON BANK,  NATIONAL ASSOCIATION|0|60000|0|0|60000|582546
23756|IMCU OPERATING LOAN ($25,000 CD COLLATERAL)|12184||3013||9171|582558
23757|IMCU 2010 LINCOLN MKZ|17965||5025||12940|582558
23758|STAR FINANCIAL LINE-OF-CREDIT (BLDNG COLLATERAL)|16017||3824||12193|582558
23759|IMCU 2006 BUICK LUCERNE|0|7500|597||6903|582558
23760|OPEIU International Union|69285|0|18480||50805|582560
23761|IBEW Credit Union|385591|0|5867||379724|582560
23762|IBEW Credit Union|22818|0|8399||14419|582560
23763|NONE|0|0|0|0|0|582603
23764|Comerica Bank|1026819|0|194058||832761|582620
23765|NONE|0|0|0|0|0|582661
23766|Chrysler Financial|43860|0|16770|0|27090|582675
23767|NONE|0|0|0|0|0|582694
23768|Ford Motor Credit|8921|0|4672||4249|582699
23769|Seafarers Int'l Union of N.A. - AGLIW|800000|276000|26000||1050000|582703
23770|Auto Loan|10926|0|2998||7928|582708
23771|Auto Loan|11056|0|3033||8023|582708
23772|REGIONS BANK|162259|0|15511|0|146748|582712
23773|NONE|0|0|0|0|0|582716
23774|Ally Bank|36284|0|8063||28221|582737
23775|PNC Bank|1118548|0|392485||726063|582737
23776|Wesbanco Bank|34260||5073||29187|582810
23777|Wesbanco Bank|40817||4423||36394|582810
23778|Seafarers International Union of N.A. AGLIW|230000||80000||150000|582836
23779|NONE|0|0|0|0|0|582837
23780|FORD MOTOR CREDIT CO.|169470|87646|84977|0|172139|582839
23781|NONE|0|0|0|0|0|582842
23782|NONE|0|0|0|0|0|582843
23783|NONE|0|0|0|0|0|582849
23784|Seafarers International Union of N.A.  AGLIW|1864645||10000||1854645|582853
23785|P&S Local No. 83 Credit Union|24325||5159||19166|582861
23786|CHASE AUTO FINANCE|42842|0|8182||34660|582863
23787|FORD MOTOR CREDIT|21430|0|4762|0|16668|582895
23788|NONE|0|0|0|0|0|582901
23789|Teamsters 771 Fed Credit Union|1622|0|1622|0|0|582908
23790|Teamsters 771 Fed Credit Union|1686|0|1686|0|0|582908
23791|MORTGAGE PAYABLE|454615|0|69437|0|385178|582911
23792|Money Market|0|35063|20921||14142|582912
23793|PNC Construction Loan|1172721|0|67984|0|1104737|582915
23794|PA ISRP Loan|474322|0|32510|0|441812|582915
23795|PNC Reconstruction Loan|0|132167|19500|0|112667|582915
23796|NONE|0|0|0|0|0|582920
23797| ||||||582930
23798|UNION YES FEDERAL CREDIT UNION|324314|0|56285|0|268029|582933
23799|SO CA PIPE TRADES DC 16|173588|0|10539|0|163049|582933
23800|none|0|0|0|0|0|582944
23801|N/A|||||0|582946
23802|Amalgamated Bk of Chicago|1605441|0|98558||1506883|582982
23803|Ally Finance Company||91898|2973||88925|582982
23804|NOT APPLICABLE|0|0|0|0|0|582995
23810|TD BANK, N.A.|20890||7349||13541|583015
23811|NONE|0|0|0|0|0|583057
23812|FORD MOTOR CREDIT - EXPLORER|10709||9133||1576|583064
23813|FORD MOTOR CREDIT - EXPLORER|8827||5176||3651|583064
23814|LINCOLN FINANCIAL SERVICES|0|39729|8293||31436|583064
23815|NOTE PAYABLE ALLY|0|0|0||0|583067
23816|TD BANK|127917|0|25346|0|102571|583075
23817|Ally Financial|30006|0|6565|0|23441|583090
23818|Merrill Lynch LMA Account|2000000|0|9241|0|1990759|583091
23819|Blue Technologies |9828||2912|6916|0|583131
23820|Copier Loan|2365|0|1799||566|583141
23821|Auto Loan|0|7500|||7500|583141
23822|BCB Bancorp Mortgage|43794|0|6494|0|37300|583151
23823|NONE|0|0|0|0|0|583152
23824|Ford/Wellls Fargo-Auto loans|48044|0|48044|0|0|583164
23825|None|0|0|0|0|0|583170
23826|NONE|0|0|0|0|0|583171
23827|IB of Electrical Workers Local 8|26017||||26017|583173
23828|UA Local 50 Plumbers & Steamfitters|26000||||26000|583173
24067|N/A|0|0|0|0|0|584577
23830|NWO Laborers Local 500|1000||||1000|583173
23831|Painters & Decorators Local 7|10400||||10400|583173
23832|Sheet Metal Workers Local 33|26000||||26000|583173
23833|ALLY GMAC|105343|238121|38917|56554|247993|583175
23834|N/A|0|0|0|0|0|583176
23835|N/A|0|0|0|0|0|583179
23836|Toledo Teamsters Federal CU|13516|0|4551||8965|583183
23837|Toledo Teamsters Federal CU|9033|0|4853||4180|583183
23838|NONE|0|0|0|0|0|583201
23839|NONE|0|0|0|0|0|583210
23840|Black Hills Federal Credit Union|19740||4765||14975|583212
23841|RWDSU|18949|0|10500|0|8449|583213
23842|UNITE HERE INTERNATIONAL|475500|0|13000|0|462500|583221
23843|Peoples United Bank Credit Card|495|588|0|0|1083|583223
23844|PLUMBERS & FITTERS LOCAL 675 FEDERAL CREDIT UNION|139250||28046||111204|583245
23845|Ally Bank|17027||17027||0|583246
23846|Ally Bank|0|40230|1337||38893|583246
23847|WELLS FARGO BANK NA|97387|0|19001|0|78386|583250
23848|NONE|0|0|0|0|0|583284
23849|CITY NATIONAL BANK|1258410|0|1258410|0|0|583294
23850|RBS Citizens|51754|0|8630|0|43124|583298
23851|Ford Motor Credit|10243|0|10243|0|0|583306
23852|Empire Bank|0|15000|737||14263|583309
23853|Ford Motor Credit|0|137049|10077|0|126972|583312
23854|Seneca Federal Savings and Loan|10255|0|10255|0|0|583315
23855|Installment Notes|44932|0|14122||30810|583317
23856|NONE|0|0|0|0|0|583329
24291|0|0|0|0|0|0|586157
23857|Dell Computers|0|8316|463|0|7853|583331
23858|Choice One Bank|164635|389490|172985||381140|583336
23859|0|0|0|0|0|0|583337
23860|N/A|0|0|0|0|0|583346
23861|CAPITAL LEASE PAYABLE|1582||268||1314|583351
23862|Auto- 2015 Ford Taurus|0|15561|15561||0|583355
23863|Auto- 2015 Ford Taurus|0|19674|19674||0|583355
23864|Auto- 2015 Ford Taurus|0|16751|16751||0|583355
23865|Auto- 2015 Ford Escape|0|25371|583||24788|583355
23866|Auto-2015 Ford Taurus|0|15561|15561||0|583355
23867|Enterprise Fleet Management|0|268821|103123|0|165698|583356
23868|NATIONAL POSTAL MAIL HANDLERS UNION|201550|0|38697|84021|78832|583370
23869|TD BANK|250636||250636||0|583370
23870|Ally Financing (Auto)|38851|28231|22708||44374|583375
23871|METRO BOSTON LITHO INSUR TRUST|46000||46000||0|583384
23872|CENTRAL BANK|1205|0|1205|0|0|583388
23873|Ford Credit|9747|0|8350|0|1397|583403
23874|Ally Bank|19960|0|8294|0|11666|583403
23875|Old Second National Bank|1483772||57604||1426168|583409
23876|Ford Credit|14222||11427||2795|583409
23877|WELLS FARGO AUTO LAON|0|37889|3000||34889|583412
23878|Auto Loans Payable|65069|0|30641|16669|17759|583415
23879|NONE|0|0|0|0|0|583419
23880|Fred Kelley|19600|0|7118||12482|583450
23881|Sheet Metal Workers Local #80|1455640|60483|0|0|1516123|583472
23882|Sheet Metal Workers Local #80|511234|0|69392|0|441842|583472
23883|ALLY GMAC|16554|0|8637|0|7917|583483
23884|Morgan Stanley Line of Credit|144584|119405|144584||119405|583498
23885|Small Business Administration|143171|0|2974|0|140197|583508
23886|Louis Pernice|0|20000|0|0|20000|583508
23887|NONE|0|0|0|0|0|583522
23888|Baytree Nat'l Bank & Trust||10808|2660||8148|583541
23889|NONE|0|0|0|0|0|583565
23890|Workers United|335000|0|0|0|335000|583584
23891|SEIU|150000|0|0|0|150000|583584
23892|None|0|0|0|0|0|583586
23893|NONE|0|0|0|0|0|583596
23894|NONE|0|0|0|0|0|583600
23895|NA|0|0|0|0|0|583606
23896|N/A|0|0|0|0|0|583607
23897|none|0|0|0|0|0|583621
23899|NONE|0|0|0|0|0|583657
23900|Valley National Bank|0|200000|||200000|583667
23901|NONE|0|0|0|0|0|583681
23902|ALLY - 3 AUTO LOAN|30299|0|15964|0|14335|583684
23903|GMAC|17270|0|17270|0|0|583691
23904|FORD CREDIT|0|13604|4041|0|9563|583691
23905|NONE|0|0|0|0|0|583697
23906|AMALGAMATED BANK|248117|0|2484||245633|583704
23907|None|0|0|0|0|0|583711
23908|UNITE HERE INT'L UNION|55490|0|55490|0|0|583712
23909|0|0|0|0|0|0|583717
23910|N/A|0|0|0|0|0|583731
23911|REGIONS BANK|25172||25145||27|583734
23912|City National Bank|3625000|0|2000000|0|1625000|583746
23913|Structured Finance Associates|197635|0|4983||192652|583754
23914|Auto loan payable - Union Yes FCU|0|38300|2382||35918|583754
23915|Auto loans payable - Ally|0|188814|46116||142698|583754
23916|Auto loans payable - Ford Credit|0|92900|5686||87214|583754
23917|THE BANK OF EDWARDSVILLE|2584|0|2584|0|0|583816
23918|N/A|0|0|0|0|0|583819
23919|N/A|0|0|0|0|0|583839
23920|Ford Credit Corp|0|60151|2005||58146|583848
23921|Ameriserv Financial Bank|237297||16989||220308|583851
23922|DELL|3604|0|3604|0|0|583856
23923|CISCO|0|28608|2385|0|26223|583856
23924|FIRST MIDWEST BANK|30145|0|637|0|29508|583856
23925|MEMBER|30388||9974||20414|583862
23926|N/A|||||0|583864
23927|OPEIU (Affiliated Union)|151000|0|50000|0|101000|583866
23928|NEFCU|19791|88520|33288|0|75023|583870
23929|ALLY FINANCIAL BANK|26486|0|8971||17515|583872
23930|N/A|0|0|0|0|0|583889
23931|MILESTONE BANK|50000|25000|50000|0|25000|583896
23932|GMAC|4017|0|4017|0|0|583896
23933|FORD CREDIT|0|28229|2823|0|25406|583896
23934|CHASE AUTO FINANCE|0|38029|443|0|37586|583896
23935|AUTO LOAN - ALLY BANK|11755|0|2464|9291|0|583911
23936|AUTO LOAN - ALLY BANK|11300|25710|3841|10524|22645|583911
23937|AUTO LOAN - ALLY BANK|0|26074|3427|0|22647|583911
23938|AUTO LOAN - ALLY BANK|19776|0|4245|509|15022|583911
23939|AUTO LOAN - ALLY BANK|12277|0|1684|10593|0|583911
23940|AUTO LOAN - ALLY BANK|25978|0|5381|0|20597|583911
23941|AUTO LOAN - ALLY BANK|18753|0|4089|0|14664|583911
23942|AUTO LOAN - ALLY BANK|0|27049|3555|0|23494|583911
23943|AUTO LOAN - ALLY BANK|0|20428|2435|0|17993|583911
23944|AUTO LOAN - ALLY BANK|0|29313|1726|0|27587|583911
23945|AUTO LOAN - ALLY BANK|0|29566|692|0|28874|583911
23946|KANSAS STATE BANK OF MANHATTAN|178978|0|32365|0|146613|583920
23947|OPEIU INTERNATIONAL|107500||33458||74042|583931
23948|AUTO LOANS|84218||22887||61331|583931
23949|AUTO LOANS|29624||29624||0|583932
23950|FORD MOTOR CREDIT|0|26786|4751||22035|583941
23951|MARLIN FINANCIAL|0|45269|13102||32167|583941
23952|NONE|0|0|0|0|0|583945
23953|NONE|0|0|0|0|0|583949
23954|NONE|0|0|0|0|0|583954
23955|ALLY BANK AUTO LOAN|11450||4271||7179|583960
23956|ALLY BANK AUTO LOAN||14903|1733||13170|583960
23958|UNITED BUSINESS BANK|310078||29540||280538|583984
23959|CHRYSLER CAPITAL|0|32165|6601|0|25564|583986
23960|CHRYSLER CAPITAL|0|33835|6944|0|26891|583986
23961|FORD CREDIT|0|33381|1149|0|32232|583986
23963|FORD MOTOR CREDIT CORP.|0|34681|1927|0|32754|584004
23965|2012 FORD EDGE|20002|0|5208|0|14794|584016
23966|2012 DODGE DURANGO|23392|0|5979|0|17413|584016
23967|2012 DODGE DURANGO|35317|0|8803|0|26514|584016
23968|2013 DODGE JOURNEY|27605|0|5613|0|21992|584016
23969|2014 CHEVY EQUINOX|0|25210|3520|0|21690|584016
23970|Bank of America-Line of Credit|150000||150000||0|584018
23971|LABORERS LOCAL 45 JATC|16500|0|16500|0|0|584024
23972|ALLY BANK - CAR LOAN|8798||2574||6224|584031
23973|Honor Credit Union|13257|0|5374||7883|584034
23974|Ford Credit Company|7308|0|5829|0|1479|584036
23975|Ally|0|16686|4856|0|11830|584036
23976| ||||||584036
23977|GEORGE ELKINS MORTGAGE BANKING|3026184|0|117750||2908434|584037
23978|Chevy Silverado|0|30801|4342|0|26459|584041
23979|NONE|0|0|0|0|0|584054
23980|Ally Bank|1730|0|1730|0|0|584066
23981|Ally Financial|19917||4177||15740|584078
23982|NONE|0|0|0|0|0|584084
23984|Ford Motor Credit|40951|0|40951||0|584133
23985|East Boston Savings Bank|0|59312|7550||51762|584133
23986|FORD CREDIT|7159||3369|3790|0|584135
23987|FORD CREDIT|19380||3098|16282|0|584135
23988|FORD CREDIT |14336||3898|10438|0|584135
23989|FORD CREDIT|14501||5052|9449|0|584135
23990|FORD CREDIT|13776||5936||7840|584135
23991|FORD CREDIT|13858||5931||7927|584135
23992|FORD CREDIT|14257||5906||8351|584135
23993|FORD CREDIT|13858||5931||7927|584135
23994|FORD CREDIT|14257||4807|9450|0|584135
23995|FORD CREDIT|14336||4788|9548|0|584135
23996|FORD CREDIT|15631||6468||9163|584135
23997|FORD CREDIT|4453||3829||624|584135
23998|FORD CREDIT|15938||7013||8925|584135
23999|FORD CREDIT||21509|317||21192|584135
24000|FORD CREDIT||22586|333||22253|584135
24001|FORD CREDIT||22527|332||22195|584135
24002|N/A|0|0|0|0|0|584146
24003|NONE|0|0|0|0|0|584147
24004|Pitney Bowes Lease|0|23060|909||22151|584155
24005|NONE|0|0|0|0|0|584157
24006|NONE|0|0|0|0|0|584159
24007|ALLY/ RBS-Citizen|37823|85237|25160|0|97900|584174
24008|CITIZENS BANK - AUTO LOAN|21735|0|21735|0|0|584179
24009|FORD CREDIT - AUTO LOAN|0|26164|0|0|26164|584179
24010|LINE OF CREDIT - BANK OF AMERICA|1845210|0|199796|0|1645414|584204
24011|NONE|0|0|0|0|0|584214
24012|NONE|0|0|0|0|0|584217
24013|Capital Lease|52061||48394||3667|584222
24014|AFSCME International|125000||||125000|584222
24015|Building Corp Long Term |113129|11876|||125005|584222
24016|Building Corp Short Term|12140||12140||0|584222
24017|Merrill Lynch Margin Loan|102665||102665||0|584223
24022|NONE|0|0|0|0|0|584226
24018|SUNTRUST- NJ AVE|152889|0|152889|0|0|584224
24019|SUNTRUST - CENTRIX|350000|0|350000|0|0|584224
24020|UNION BANK & TRUST - MINN., MN|457315|0|457315|0|0|584224
24021|SUNTRUST - JOILET, IL|1240633|0|253341|0|987292|584224
24023|Notes Payable-Autos|50937|0|19391|0|31546|584228
24024|NONE|0|0|0|0|0|584234
24025|AMALGAMATED BANK|0|103864|103864|0|0|584239
24027|421743|421743|0|29622|0|392121|584257
24028|Ford Vehicle Loan|2886|26814|8035||21665|584261
24029|Ford Motor Credit|30693|60892|35767||55818|584267
24030|United Labor Bank|234480|0|234480|0|0|584277
24031|Ford motor credit - Auto loan|9578|0|6736|0|2842|584302
24032|Premium Assignment Corp- Ins. policy|0|26629|9490|0|17139|584302
24033|Ally Bank-Vehicle|14366||14366||0|584311
24034|FORD CREDIT|11400||4244||7156|584312
24035|CITY OF CLEVELAND|64212||3297||60915|584312
24036|AAUP|0|167814|0|167814|0|584325
24037|OPERATING ENGINEERS FEDERAL CU|25398|0|9204|0|16194|584330
24038|UMPQUA BANK|24244|0|9101|0|15143|584330
24039|UFCW International|170085|0|48000|0|122085|584334
24040|ALLY (AUTO LOAN)|80914||24532||56382|584354
24041|FORD CREDIT|0|57039|8556||48483|584354
24044|Merrill Lynch|3173|38601|38601||3173|584380
24045|Merrill Lynch|1500000|0|0||1500000|584380
24046|UA LUOE PENSION FUND|15648|0|5335|0|10313|584389
24047|CHRYSLER CAPITAL|26924|0|6126|0|20798|584389
24048|ALLY BANK|0|38404|3974|0|34430|584389
24049|Building Loans|116779||25||116754|584398
24051|SC Federal Credit Union|10357|0|10357|0|0|584427
24052|SC Federal Credit Union|0|26000|15257|0|10743|584427
24055|None|0|0|0|0|0|584462
24056|NONE|0|0|0|0|0|584464
24057|FORD CREDIT|554|0|554|0|0|584466
24058|FORD CREDIT|22825|0|7963|0|14862|584466
24059|FORD CREDIT|23142|0|7957|0|15185|584466
24060|FORD CREDIT|0|31565|3326|0|28239|584466
24061|None|0|0|0|0|0|584467
24062|Construction Loan|59842||59842||0|584474
24063|Leasing Company|32629||4810||27819|584474
24064|Ford Credit|0|26403|371||26032|584503
24065|0|0|0|0|0|0|584521
24066|N/A|0|0|0|0|0|584541
24303|Ally Bank|0|21960|8855|0|13105|586258
24068|LABOR ORGANIZATION|20000|0|0||20000|584594
24069|N/A|0|0|0|0|0|584598
24070|ALLY BANK VEHICLE LOANS |4288|128492|11723||121057|584619
24071|GMAC|45499|0|9204||36295|584672
24072|FIRST BANK & TRUST|60564|0|10013||50551|584672
24073|FMC|0|35009|6469||28540|584672
24074|NONE|0|0|0|0|0|584676
24075|Bonney, Allenburg & O'Reilly|12654|0|6000|0|6654|584679
24076|OPEIU International|146978|0|0|0|146978|584705
24077|LAKE TRUST CREDIT UNION|670233|0|165903||504330|584707
24078|CITY COUNTY CREDIT|0|3744800|43382||3701418|584711
24079|M&T Line of Credit|36520|0|29631|0|6889|584724
24080|M&T Bank Auto Loan #59958|1044|0|1044|0|0|584724
24081|Ally (GMAC) Loan # 45472|1571|0|1571|0|0|584724
24082|Ally (GMAC) Loan # 47918|1571|0|1571|0|0|584724
24083|Ally (GMAC) Loan # 86673|1570|0|1570|0|0|584724
24084|Ally (GMAC) Loan # 87951|1544|0|1544|0|0|584724
24085|Ally (GMAC) Loan # 24320|2938|0|2938|0|0|584724
24086|Ally (GMAC) Loan # 22165|3706|0|3706|0|0|584724
24087|NONE|0|0|0|0|0|584734
24088|Ally Inc|8692|19784|4720|8303|15453|584781
24089|UBS Financial Services Inc|0|459041|0|0|459041|584781
24090|Peoples National Bank|0|71428|2613||68815|584800
24091|no loans payable|0|0|0|0|0|584818
24092|N/A|0|0|0|0|0|584834
24093|FORD MOTOR CREDIT|19189|0|3250|0|15939|584846
24094|PRO SERV|9620|0|2712|0|6908|584846
24095|None|0|0|0|0|0|584852
24096|ALLY|4212||4212||0|584867
24097|ALLY|10264||7851||2413|584867
24098|ALLY|14424||7502||6922|584867
24099|ALLY|15000||7500||7500|584867
24100|ALLY|17422||7392||10030|584867
24101|ALLY|17890||7591||10299|584867
24102|ALLY|15838||5590||10248|584867
24103|ALLY|23052||6431||16621|584867
24104|ALLY||13295|||13295|584867
24105|IBEW FCU|13226|0|13226|0|0|584870
24106|Ford Motor Credit|25331|0|10230|0|15101|584871
24107|Ford Motor Credit|0|32919|914|0|32005|584871
24108|AUTO - FORD|44685|0|20854|0|23831|584873
24109|AUTO - ALLY|25434|0|10951|0|14483|584873
24110|US Bank|1202127|0|140365|0|1061762|584880
24111|Ford Credit|151709|0|31399|0|120310|584880
24112|FORD CREDIT FUSION 1|21434|0|5472|0|15962|584881
24113|FORD CREDIT FUSION 2|23033|0|5881|0|17152|584881
24114|Hometown National Bank|72539|0|16975|0|55564|584900
24115|International Teamsters|101750|0|14498|0|87252|584900
24116|First State Bank|0|23130|0|0|23130|584900
24117|LOAN|295756|0|25951|0|269805|584906
24118|LOAN AUTOMOBILE|44138|0|7425|0|36713|584906
24119|Western Security Bank|1146|0|1146|0|0|584908
24120|Western Security Bank|15138|0|5340|0|9798|584908
24121|Bank|175079||5617||169462|584909
24122|NONE|0|0|0|0|0|584928
24123|Blackhawk Bank|0|1924563|0|0|1924563|584929
24124|OPERATING ENGINEERS (AUTOS)|66354|0|37685||28669|584934
24125|PNC Construction Loan|995234||995234||0|584936
24126|Ford Credit|44277||9321||34956|584941
24127|NONE|0|0|0|0|0|584952
24128|OFFICE & PROFESSIONAL EMPLOYEE INT'L UNION|83333|0|79169|0|4164|584960
24129|OFFICE & PROFESSIONAL EMPLOYEE INT'L UNION|81000|0|81000|0|0|584960
24130|Ford Motor Credit Company |84719|0|84719|0|0|584965
24131|STATE OF MARYLAND|212500|0|35070||177430|584967
24132|NONE|0|0|0|0|0|584971
24133|FORD CREDIT|5644||5644||0|584974
24134|ALLY|19688||9451||10237|584974
24135|FORD CREDIT|0|23367|1821||21546|584974
24136|NONE|0|0|0|0|0|584983
24137|Allegheny Valley Bank|344996|0|10290|0|334706|584992
24138|Urban Redevelopment Authority of Pittsburgh|223108|0|7758|0|215350|584992
24145|Line of Credit - Associated Bank|27224|475|3865|0|23834|585046
24141|MEMBERS FIRST CREDIT UNION|12641|0|3814|0|8827|585045
24142|MEMBERS FIRST CREDIT UNION|7870|0|4365|0|3505|585045
24143|MEMBERS FIRST CREDIT UNION|15257|0|4235|0|11022|585045
24144|MEMBERS FIRST CREDIT UNION|15426|0|4104|0|11322|585045
24146|Atlanta Postal Credit Union|28862|0|28862||0|585065
24147|NONE|0||||0|585077
24148|Vehicle Loan-Ally|10143|0|10143|0|0|585090
24149|AMERISERV|0|75000|75000|0|0|585093
24150|AMERISERV|0|300000|12967|0|287033|585093
24151|COMMUNITY FIRST|0|40000|308|0|39692|585093
24152|N/P - 2010 Ford|9755|0|6022|0|3733|585118
24153|N/P - 2013 Ford|30608|0|5993|0|24615|585118
24154|N/P - 2013 Ford Taurus|0|20625|2410|0|18215|585118
24155|REPUBLIC BANK|0|500000|||500000|585151
24156|FORD MOTOR CREDIT|17533||5903||11630|585151
24157|LINCOLN AUTOMOTIVE FINANCE|8117||6966||1151|585151
24158|FORD MOTOR CREDIT|16412||4956||11456|585151
24159|AXIS|112567||36945||75622|585151
24160|TD EQUIPMENT FINANCE|98025||21513||76512|585151
24161|GRAYBAR FINANCIAL|28475||6436||22039|585151
24162|Ally Bank|23602|0|8602|15000|0|585181
24164|Sterling Bank|23740|0|4988||18752|585219
24165|NONE|0|0|0|0|0|585226
24166|0|0|0|0|0|0|585239
24167|FORD MOTOR CREDIT|13233||8668||4565|585242
24168|FORD MOTOR CREDIT|13115||8591||4524|585242
24169|ALLY CREDIT|13519||8143||5376|585242
24170|ALLY CREDIT|13625||8144||5481|585242
24171|FORD MOTOR CREDIT|0|24868|0||24868|585242
24172|ALLY CREDIT|0|29195|0||29195|585242
24173|Plumbers 55 Federal Credit Union|3869||2846||1023|585261
24174|Plumbers 55 Federal Credit Union|17422||11359||6063|585261
24175|Plumbers 55 Federal Credit Union|22000||10655||11345|585261
24176|Plumbers 55 Federal Credit Union||20500|||20500|585261
24177|Ford Motor Credit - Stage|8083|0|8083|0|0|585269
24178|FORD CREDIT (29 AUTO LOANS)|380889|124668|488888||16669|585273
24179|BUSINESS LOAN CONDUCT NO 6 LLC|8000000||||8000000|585277
24180|BUSINESS LOAN CONDUCT NO 6 LLC|10000000||||10000000|585277
24181|FIRST BANK|140000||140000||0|585277
24182|JEFFERSON BANK|1917200||42141||1875059|585277
24183|US BANK|5742761||126925||5615836|585277
24184|FORD MOTOR CO CREDIT|71327|0|21479|0|49848|585279
24185|MORGAN STANLEY CREDIT LINE|2802|0|2802|0|0|585292
24186|First Citizens Bank|241086|0|35549|0|205537|585303
24187|Mortgage|616923|0|20841||596082|585329
24188|Auto Loan|16460|0|3213||13247|585329
24189|Local 4 Joint Apprentice Committee|61970|0||18675|43295|585329
24190|NONE|0|0|0|0|0|585340
24191|Avectra Inc|96704|0|70775|23464|2465|585361
24193|N/A|0|0|0|0|0|585407
24192|Ford Motor Credit Company|0|32360|3633|0|28727|585406
24194|Ford Motor Credit Corp|22067|0|9131|0|12936|585420
24195|Ford Motor Credit Corp|40127|0|7338|0|32789|585420
24196|none|0|0|0|0|0|585428
24197|CANON FINANCIAL SERVICES, INC.|6529|0|3356|0|3173|585445
24198|MAILROOM CONSULTANTS|7569|0|6723|0|19645|585445
24199|Fifth Third Bank|512169|0|26056|0|486113|585446
24200|Ford Motor Credit|15712||7251||8461|585447
24201|Bank of America|173737||173737||0|585463
24202|National Bank of SC||172611|5418||167193|585463
24203|Bank of America|7634|0|7634|0|0|585469
24204|Ford Credit|46971|0|27535|2511|16925|585469
24205|Nissan|24232|0|8459|5209|10564|585469
24206|Toyota|30240|0|17352|1645|11243|585469
24207|Ally Bank|160335|101735|50452|0|211618|585469
24208|Whitney Bank|145323|0|18681|0|126642|585478
24209|MORTG-1ST SECURITY BANK OF WA|75489||14659||60830|585488
24210|PIERCE TRANSIT PAYABLE-NET CHANGE|23339||1394||21945|585488
24211|CREDIT CARDS-NET CHANGE|1239|1171|||2410|585488
24212|n/a|0|0|0|0|0|585490
24213|2013 Ford F150|13213|0|13213|0|0|585502
24214|TEAMSTERS CREDIT UNION|10054|0|4402|0|5652|585520
24215|WELLS FARGO BANK NA|9376|0|2842|0|6534|585520
24216|FORD CREDIT|25941|0|6288|0|19653|585520
24217|FORD CREDIT|25479|0|5824|0|19655|585520
24218|None|0|0|0|0|0|585523
24222|Ally|33129|0|33129|0|0|585568
24223|Ford Motor Credit|1674|0|1674|0|0|585568
24224|Ally Financial|31992|0|5277|0|26715|585571
24225|Ally Financial|69568|0|14907|0|54661|585571
24226|Ford Motor Credit|0|57791|0|0|57791|585571
24227|Construction Contract|31370||31370|0|0|585575
24228|Land Lot Charles W Grant|0|250000|0|0|250000|585587
24229|Discovery Federal Credit Union|14149|0|4020|0|10129|585594
24230|Discovery Federal Credit Union|12470|0|2625|0|9845|585594
24231|SEIU International|0||30000||292860|585593
24232|SEIU Political Ed & Action Fund|0|100000|0|0|100000|585593
24233|Commercial Auto Loans|0|74424|6408|0|68016|585607
24234|NONE|0|0|0|0|0|585619
24235|EAGLE BANK AND TRUST|1526068|0|102361|0|1423707|585628
24236|NONE|0|0|0|0|0|585647
24237|FORD MOTOR CREDIT|39645||15482||24163|585651
24238|CITIZENS BANK NOTE||301656|17183||284473|585651
24239|Ally|0|12000|3364|0|8636|585657
24240|Bank of Denver Fast Draw|0|12279|12279|0|0|585671
24241|FORD CREDIT - 2010 F-150 TRUCK|14760|0|14760|0|0|585680
24242|FORD CREDIT - 2011 EXPLORER|14895|0|1312|13583|0|585680
24243|FORD CREDIT - 2011 EXPEDITION|24112|0|8818|0|15294|585680
24244|CHRYSLER CREDIT - 2014 JEEP CHEROKEE |0|35419|5570|0|29849|585680
24245|FORD CREDIT - 2014 EXPLORER |0|36286|4833|0|31453|585680
24246|Capital lease obligation|5292|0|1043||4249|585695
24247|Viriva Credit Union|199404|0|97221|0|102183|585698
24248|Santander Line of Credit|3150101|0|0|0|3150101|585698
24249|Ally Bank|42401|0|8175|0|34226|585698
24250|Ally Bank|280327|0|52112|0|228215|585698
24251|None|0|0|0|0|0|585736
24255|FIRST NATIONS BANK|128545|0|3518|0|125027|585752
24256|NONE|0|0|0|0|0|585754
24260|DE LAGE LANDEN|0|2974|388||2586|585766
24257|ALPA NATIONAL TO 1625 MASS AVE|592805|452316|69717|0|975404|585765
24258|ALPA NATIONAL TO IPSC|1323962|23120|64829|1282253|0|585765
24259|SUNTRUST COMMERCIAL LOAN|2726073|0|774709|0|1951364|585765
24261|Jefferson Bank & Trust|8358|0|4604||3754|585771
24262|Jefferson Bank & Trust|59860|0|6000||53860|585771
24263|NONE|0|0|0|0|0|585773
24265|WELLS FARGO BANK NA|9243714|0|4620000|0|4623714|585784
24266|AFSCME LOCAL 189|96666||20000||76666|585790
24267|AFSCME LOCAL 328|91110||31111||59999|585790
24268|UA DISTRICT COUNCIL 16|275352||13814||261538|585792
24269|N/A - None|0|0|0|0|0|585793
24270|Equipment Leases|93404|0|61727|0|31677|585804
24272|FORD CREDIT|5075||1859||3216|585850
24273|Line of Credit|22695|7647|0|0|30342|585855
24274|Credit Card Payable|0|7858|3430|0|4428|585855
24275|First Hawaiian Bank (Building)|347613|0|8117||339496|585872
24276|First Hawaiian Bank (Car)|0|56731|4097||52634|585872
24277|ALLY (AUTO LOAN)|66908||16355|13813|36740|585876
24278|CHEVROLET|0|39826|4292||35534|585876
24279|UNITED LABOR BANK|0|300000|||300000|585879
24280|Ford Credit|0|5509|5509|0|0|585891
24281|Ford Credit|319|0|319|0|0|585891
24282|Ally Bank|5840|0|5840|0|0|585891
24283|Ford Credit|14640|0|14640|0|0|585891
24284|N/A|0|0|0|0|0|585919
24285|N/A|0|0|0|0|0|585963
24286|Xerox Corporation|101580|0|28667|0|72913|586001
24287|First Hawaiian Bank|69933||69933||0|586022
24289|Line of credit PNC Bank|62094|0|7230|0|54864|586120
24290|FORD CREDIT - AUTO LOAN|23794|0|1133|0|22661|586142
24292|BANK OF AMERICA|25515||22539||2976|586160
24293|NONE|0|0|0|0|0|586164
24294|BANK OF SPRINGFIELD|164842||10048||154794|586169
24295|GMAC/CHRYSLER FINANCIAL|60467|0|15755|0|44712|586242
24296|FORD FINANCIAL|19478|0|4640|0|14838|586242
24297|Ally Bank|24904|0|13514||11390|586254
24298|Ally Bank|0|34751|5342||29409|586254
24299|Ally Bank|0|34751|5342||29409|586254
24300|Ally Bank|0|15759|5069|0|10690|586258
24301|Ally Bank|0|14709|2910|0|11799|586258
24485|0|0|0|0|0|0|587250
24302|Ally Bank|0|22014|8879|0|13135|586258
24554|Loan payable to WIT Federal Credit Union|0|31602|5451|0|26151|590842
24304|ALLY CREDIT|19744|118479|25371||112852|586271
24305|FORD MOTOR CREDIT|22550||13800||8750|586271
24306|UFCW OF AMERICA FCU|34234||34234||0|586271
24307|GCF BANK/INVESTORS BANK|247000||29331||217669|586271
24308|TD BANK |22902||6024||16878|586271
24309|M&T BANK|46617||12037||34580|586271
24310|Prosperity Bank|0|100000|0|0|100000|586281
24311|Ford Credit|12711|0|12711|0|0|586281
24312|Old Second National Bank|18030||18030||0|586284
24313|Ford Credit|92195|35464|25802||101857|586284
24314|Ally|41839|820|42659||0|586284
24315|ILLINOIS BANK & TRUST|0|9910|||9910|586286
24316|COPIER CAPITAL LEASE|20256||6231||14025|586295
24317|LINE OF CREDIT -TCFU|0|157197|0||157197|586315
24318|Ford Motor Credit|237090|137455|124075|0|250470|586318
24319|Bank of Utica|44338|23662|44982|0|23018|586318
24320|Ally|39373|98994|53535|0|84832|586318
24321|Bank of Utica|35451|0|11938|0|23513|586318
24322|Bank of Utica|0|136361|41864|0|94497|586318
24323|American National Bank|721070||721070||0|586354
24324|FORD CREDIT|36325|65865|102190||0|586359
24326|Auto Loan - Canandaigua National Bank|15776|0|4677|0|11099|586369
24327|Auto Loan - Canandaigua National Bank|19018|0|4012|0|15006|586369
24328|Auto Loan - Canandaigua National Bank|23341|0|4506|0|18835|586369
24329|Auto Loan - Canandaigua National Bank|0|41392|1150|0|40242|586369
24330|OPEIU International Union|19200|0|4800||14400|586379
24331|UAW Local #889|29794|0|23886|0|5908|586384
24332|Ford Credit|13934||6546||7388|586387
24333|Powernet CU-Auto Loan|17899|0|4006|0|13893|586392
24335|LOAN BMO HARRIS|230610|0|11146||219464|586397
24336|MORGAN STANLEY|965656|151133|||1116789|586406
24337|US Bank matures 12/19/2014 interest rate 5.79%|20594||20594||0|586414
24338|NONE|0|0|0|0|0|586418
24339|Labor organizations|9533776|0|0|0|9533776|586428
24340|QUIRK CHRYSLER JEEP|22099||5546||16553|586432
24341|NONE|0|0|0|0|0|586433
24342|NONE|0|0|0|0|0|586434
24363|GLENS FALLS NATIONAL MORTGAGE|1954896|0|71641|0|1883255|586512
24557|0|0|0|0|0|0|590925
24364|NA|0|0|0|0|0|586566
24365|SUNTRUST LINE OF CREDIT|367000|0|367000||0|586620
24366|Burke & Herbert Line of Credit|0|520000|399487||120513|586630
24367|Investment Margin Loan|200000|90000|||290000|586664
24368|TWU OF AMERICA|14956|0|3917|0|11039|586676
24369|Ford Motor Credit|13859|0|4214|0|9645|586688
24370|Per Capita - SEIU|1059609|0|130000|0|929609|586715
24378|Automobiles-Enterprise Fleet |88997|21288|31318|0|78967|586826
24379|NPWU PROTECH|6100|0|0|0|6100|586837
24380|LOAN - JOSEPH SENESE|1124|0|0|0|1124|586849
24381|NORTHBROOK LOAN - 005|537283|0|89941|0|447342|586849
24382|NORTHBROOK LOAN - 006|0|250000|12501|0|237499|586849
24383|LOAN - LOCAL 707|845249|123593|49086|0|919756|586849
24384|Morgan Stanley - LOC|78555|250000|8475|0|320080|586854
24385|Ally - Auto loans|0|268850|27881|0|240969|586854
24386|FORD MOTOR COMPANY|35291||6690||28601|586857
24387|FORD MOTOR COMPANY|1212||1212||0|586857
24388|FORD MOTOR COMPANY|1087||1087||0|586857
24389|FORD MOTOR COMPANY|24068||7413||16655|586857
24390|FORD MOTOR COMPANY|24733||3833|20900|0|586857
24391|FORD MOTOR COMPANY|0|44803|3719||41084|586857
24392|FORD MOTOR COMPANY|0|43158|3447||39711|586857
24394|REPUBLIC BANK WALTON|4845746|0|162340||4683406|586874
24395|REPUBLIC BANK PITTSTON|872234|0|29221||843013|586874
24396|REPUBLIC BANK LOC|83248|0|35077||48171|586874
24397|REPUBLIC BANK LOC|500000|0|0||500000|586874
24398|AFSCME|1137268|0|104074||1033194|586874
24399|Regions Bank LOC|14580|0|3796|0|10784|586878
24401|Ford Motor Company|21116|0|9433|0|11683|586887
24402|Huntington Bank|831653|0|831653|0|0|586889
24403|FORD CREDIT|18359||6064||12295|586896
24407|PSSDC PENSION FUND-WITHDRAWAL LIABILITY|724175||90000||634175|586927
24408|UFCW INTERNATIONAL UNION|435360||16500||418860|586927
24412|California Bank and Trust|15545|0|15545|0|0|586939
24416|Old National Bank - Mortgage|10898|0|10898||0|586955
24413|Local Union 653|100000||||100000|586948
24414|Local Union 2500|45000||||45000|586948
24415|Local Union 652|200000||||200000|586948
24419|UNITE HERE International Union|226763|0|12000||214763|586965
24420|Amalgamated Bank|0|50000|0|0|50000|586969
24421|None|0|0|0|0|0|586991
24422|NONE|0|0|0|0|0|587000
24429|GMAC|3177|0|3177|0|0|587016
24430|GMAC|3174|0|3174|0|0|587016
24431|Local Union No. 380 Credit Union|10585|0|4017|0|6568|587016
24432|Local Union No. 380 Credit Union|12116|0|4587|0|7529|587016
24433|Electrical Home Association|246009|0|137677|0|108332|587016
24423|Ford|8940|0|5522|0|3418|587015
24424|Ford|21810|0|4235|0|17575|587015
24425|Ford|27029|0|3276|23753|0|587015
24426|Ford|0|26024|4173|0|21851|587015
24427|Ford|0|26463|2741|0|23722|587015
24428|UFCW International|0|150000|35000|0|115000|587015
24434|AMALGAMATED BANK|3096624||455690||2640934|587020
24435|DV 1411 S MICHIGAN AVE LLC|2661636|||2661636|0|587020
24436|XEROX COPIER|53995|0|12982|0|41013|587024
24437|Drywall Tapers Joint Industry Board|75000|75000|75000||75000|587025
24438|Susquehanna Bank|14220||2714|11506|0|587032
24439|Susquehanna Bank|12061||1863|10198|0|587032
24440|Susquehanna Bank|13863||2077|11786|0|587032
24441|Hann Financial Service Co.|0||0|0|26630|587032
24442|Hann Financial Service Co.|0||0|0|23509|587032
24443|Hann Financial Service Co.|0||0|0|22205|587032
24444|Community Bank|24305|0|4926|0|19379|587035
24445|VALLEY NATIONAL LINE OF CREDIT|4100000|660000|4760000||0|587036
24446|BANK DIRECT CAPITAL FINANCE|22841|45585|45338||23088|587036
24447|Torre Pines Bank|1350000|0|300000|0|1050000|587043
24448|FORD MOTOR CREDIT|301517|23504|133896||191125|587064
24449|BANCO POPULAR|390455||21755||368700|587064
24450|Ally Bank|9152||9152||0|587087
24451|Ally Bank|8668||8668||0|587087
24452|Dell Financial|2093||2093||0|587087
24453|Ally Bank|31479||8558||22921|587087
24454|Ally Bank|20326||5526||14800|587087
24455|Ford Motor Credit|0|24853|7523||17330|587087
24456|Ford Motor Credit|0|42889|7148||35741|587087
24457|Ford Motor Credit|0|41230|6872||34358|587087
24458|CREDIT UNION JEEP LIBERTY LOAN|3164|0|3164|0|0|587089
24459|National Office (including Interest)|120234||66500||53734|587097
24460|N/A|0|0|0|0|0|587099
24461|WEBSTER BANK|39600|0|8680||30920|587108
24462|MORTGAGE-THE DUDE MOTEL|0|160000|||160000|587114
24463|HOLCOMB BANK|0|10000|10000|0|0|587115
24464|Ford Motor Credit Company|39788|0|8495|0|31293|587132
24465|AMALGAMATED BANK|16121|0|16121|0|0|587143
24466|GMAC|20937|0|7007|0|13930|587147
24467|FORD CREDIT|19371|0|5923|0|13448|587147
24468|SEIU International (Labor Organization)|375000|0|0|0|375000|587149
24469|Promissory Note 7% due 04/04/2014|30000||30000||0|587156
24470|SERRAMONTE FORD|24930|0|9057|0|15873|587157
24472|BANCO POPULAR DE PR|1049919|0|59835|0|990084|587170
24473|LINE OF CREDIT|48058|0|48058|0|0|587170
24474|Bank of America|70980962|0|2283203|0|68697759|587182
24475|Ally|5467||5467||0|587187
24476|Ally|8158||4092||4066|587187
24477|Ally|10177||4156||6021|587187
24478|Building Loan United Labor Bank|389807|145154|24004|0|510957|587191
24479|TD Auto Finance|0|31303|3799|0|27504|587224
24480|AUTOMOBILE FINANCING|5394|0|4076|0|1318|587236
24481|BANK FINANCING|614807|242000|309917|0|546890|587236
24482|AUTOMOBILE FINANCING|46156|0|19209|0|26947|587236
24483|AUTOMOBILE FINANCING|0|61479|16306|0|45173|587236
24484|Amalgamated Bank|197598|0|197598||0|587245
24486|Loan - Prosper Bank|559604|0|19401|0|540203|587267
24487|BANK OF AMERICA|27503||8819||18684|587269
24488|none|0|0|0|0|0|587280
24489|Employee (Payroll Error)|3|0|0|0|3|587292
24490|None|0|0|0|0|0|587295
24491|Members|33580||||33580|587303
24492|Unconsolidated Subsidiary|31843||10599||21244|587303
24493|Capital Lease|38230||9605||28625|587303
24494|GENWORTH|1793509||110396||1683113|587307
24495|LOANS PAYABLE|400||||400|587307
24496|Wells Fargo - Business Loan|0|20000|4005|0|15995|587324
24497|FIRST BANK & TRUST|4486344|0|150487|0|4335857|587336
24498|FREMONT BANK|1105057|0|1105057|0|0|587336
24499|LINCOLN FINANCIAL SERVICES|48810|0|9762|0|39048|587336
24500|JEREMY CRUZ-HAICKEN|25|0|0|0|25|587340
24501|None|0|0|0|0|0|587342
24502|ALLY FINANCIAL AUTO LOANS|19404|0|17449|0|1955|587346
24503|N/A|0|0|0|0|0|587367
24504|NONE|0|0|0|0|0|587382
24505|NONE|0|0|0|0|0|587391
24506| Amalgamated - Sacramento |1060972||22904||1038068|587406
24507| Amalgamated - San Jose |531411||11392||520019|587406
24508|M&T BANK|23909||||23909|587471
24509|SERVICE EMPLOYEE INTERNATIONAL UNION|260000|0|120000|0|140000|587481
24510|AMALGAMATED BANK|950000|650000|1600000|0|0|587493
24511|FORD CREDIT|0|21852|21852|0|0|587493
24512|NONE|0|0|0|0|0|587516
24513|PNC BANK|35415||35415||0|587595
24514|NOTE PAYABLE - US BANK|683|0|683|0|0|587606
24516|Union Bank and Trust|417198||18978||398220|587902
24517|OPEIU International loan|0|36000|0|0|36000|587903
24518|Union Yes C.U.-Auto loans|329756|0|83255|0|246501|587938
24519|FORD CREDIT|11481|0|11481||0|587939
24520|GMAC|4798||3365||1433|588003
24521|National Postal Mail Handlers Union|250084||36298||213786|588105
24522|Auto Loan Payable - Ally|47677|0|7009|0|40668|588279
24523|Auto Loan Payable - Union Yes FCU|51584|55197|34052|0|72729|588279
24526|Chase |0|576000|33600|0|542400|589266
24530|M & T Bank|14248|0|2921|0|11327|589811
24531|Lincoln Automotive Financial Services|5138|0|4112|0|1026|589811
24532|NPWU PROTECH|4214|0|0|0|4214|589823
24533|TRUCK DRIVERS, CHAUFFEURS & WHSEMEN|1967893|273829|0|0|2241722|589823
24534|NPWU INSURANCE FUND|57950|17500|37500|0|37950|589823
24535|NPWU|245631|0|0|0|245631|589823
24536|JOSEPH SENESE|228213|0|228213|0|0|589823
24537|NONE|0|0|0|0|0|589859
24538|USAmeriBank|0|76118|6243|0|69875|589945
24544|N/A|0|0|0|0|0|590368
24548|Ally|13470|0|3823||9647|590810
24549|Ally|0|16800|2203||14597|590810
24550|BUSINESS PARTNERS LLC|1610969|0|219496||1391473|590811
24551|ALLY BANK|16805|78151|94956||0|590820
24552|Loan payable to Ford Credit|0|26000|3479|0|22521|590842
24553|Loan payable to Ford Credit|0|32100|5299|0|26801|590842
24555|Loan payable to WIT Federal Credit Union|6237|0|5837|0|400|590842
24556|J.A. ROCCO|675|0|0|0|675|590858
24558|Ford Motor Credit|25579|0|25579|0|0|590929
24559|IAMAW GRAND LODGE|850000|0||850000|0|590932
24560|UNION YES FEDERAL CREDIT UNION|13166|25315|7811|0|30670|590944
24561|VISA - CREDIT CARD|2988|1544|0|0|4532|590944
24562|(See additional information|0|0|0|0|0|590944
24563|regarding loans obtained)|0|0|0|0|0|590944
24564|Ally Bank|84854|76110|49617|0|111347|590947
24565|Ford Motor Credit|49219|0|11863|0|37356|590947
24567|Ford Motor Credit|0|33697|5950|0|27747|590966
24569|AUTOMOBILE LOAN|28856|0|5839|0|23017|591022
24570|AUTOMOBILE LOAN|26271|0|7016|0|19255|591022
24571|AUTOMOBILE LOAN|53282|0|10482|0|42800|591022
24573|TULSA FEDERAL C.U.|47234||3895||43339|591054
24574|NONE|0|0|0|0|0|591097
24575|Toledo Postal Employees Credit Union|108519|0|9842|0|98677|591102
24576|BSB Leasing Inc|30944||4634||26310|591191
24577|US Bank||0|0||45210|591191
24578|None|0|0|0|0|0|591195
24579|FNB Bank|232881|0|23261|0|209620|591204
24580|Ford Motor Credit|16297|0|4215|0|12082|591204
24581|CAPITALIZED LEASE OBLIGATION|54391||26338||28053|591221
24585|ALLY FINANCIAL-TRUCK NOTE|16343|0|4642|0|11701|591310
24586|none|0|0|0|0|0|591311
24589|GMAC|15027|0|15027|0|0|591458
24590|Ford Motor Credit|22633|0|22633|0|0|591458
24592|J P Morgan Chase|405386||97209|243|307934|591501
24595|ALLY|3347|0|3347|0|0|591564
24598|N/A|0|0|0|0|0|591603
24599|Capital Lease - Xerox w7525|9329|0|2615|0|6714|591670
24600|Mortgage loan|435864|0|29260|0|406604|591709
24601|Ford Motor Credit|21036||6311||14725|591726
24602|Ford Motor Credit|18676||5337||13339|591726
24603|Ford Motor Credit|19908||5688||14220|591726
24610|Auto loan payable - Ally|68839|0|16964|0|51875|591779
24611|Bank of America|200000|0|0|0|200000|591810
24612|IBEW LOCAL FCU|10727|0|1414||9313|592065
24613|0|0|0|0|0|0|592143
24614|UFCW Strike Fund|147496|0|5141|0|142355|592144
24615|Vehicle loans|15311|33886|8060||41137|592279
24616|no loans|0|0|0|0|0|592282
24618|Northside Bank|0|63104|5320|0|57784|592471
24619|1st Community Credit Union|150567|149744|149599||150712|592503
24620|0|0|0|0|0|0|592583
24623|Credit Cards/Other (Net Change)|11136||7197||3939|592693
24625|None|0|0|0|0|0|592759
24626|NONE|0|0|0|0|0|592890
24627|SERVICE EMPLOYEES INTERNATIONAL UNION|2775000|0|0|0|2775000|592906
24628|AFSCME|200000|0|0|0|200000|592925
24629|KUBOTA CREDIT||23367|2726||20641|592956
24631|WEA TRUST|81287|0|15304||65983|593032
24632|GMAC Financing|14713||4119|10594|0|593175
24633|GMAC Financing|41710||7327||34383|593175
24634|Houses of Labor|871796||||871796|593175
24635|GMAC Financing|0|41884|4188||37696|593175
24636|None|0|0|0|0|0|593249
24637|Ford Motor Credit|13073||13073||0|593355
24638|Ally Bank|12458||6713||5745|593355
24639|Ally Bank|14529||6785||7744|593355
24640|Ally Bank|14174||6620||7554|593355
24641|Ally Bank|14226||6643||7583|593355
24642|Ford Motor Credit|12160||5195||6965|593355
24643|Ally Bank|14577||5074||9503|593355
24644|Ally Bank|0|21760|2301||19459|593355
24645|UFCW International|27000||27000||0|593355
24655|First Niagara Bank|0|60000|1673||58327|594684
24659|NONE|0|0|0|0|0|594754
24667|LOCAL 124 JOINT INDUSTRY FUND|1689|0|0||1689|595006
24668|LOCAL 124 WELFARE FUND|109318|0|45787||63531|595006
24670|Service Employees International Union|306592|0|0|0|306592|595101
24671|UNION FIDELITY CU|0|20713|4447|0|16266|595186
24683|TWU Int'l|350755|0|17041|0|333714|595800
24688|N/A|0|0|0|0|0|595846
24711|HANCOCK BANK LEASING-SAVIN DIGITAL COPIER|2042|0|2042|0|0|596749
24720|Chrysler Capital||33236|5222||28014|596924
24721|Chrysler Capital||33236|5049||28187|596924
24722|Chrysler Capital||34998|4718||30280|596924
24723|Chrysler Capital||40077|1072||39005|596924
24732|CWA INTERNATIONAL|132|0|0|0|132|597079
24733|NONE|0|0|0|0|0|597082
24735|FORD CREDIT||57877|37938||19939|597119
24744|N/A|0||||0|597525
24774|n/a|0|0|0|0|0|597873
25048|None|0|0|0|0|0|600202
25058|Ford Motor Credit|14135|0|14135||0|600652
25078|Pacific Maritime Association||87067|7346|0|79721|601220
25079|Ally|17602|0|14302||3300|601224
25080|N/A|0|0|0|0|0|601289
25085|N/A|0|0|0|0|0|601413
25138|CTU LOCAL 101-12|47941|69451|75000|0|42392|602277
25150|SEIU|16707535|0|0|0|16707535|602911
25151|Premium Assignment Corp|31756|0|31756|0|0|602911
25152|Premium Assignment Corp|10716|0|10716|0|0|602911
25153|FIRST Insurance Funding|0|105982|76117|0|29865|602911
25154|Premium Assignment Corp|0|70118|70118|0|0|602911
25155|Premium Assignment Corp|0|284811|284811|0|0|602911
25156|Premium Assignment Corp|0|59406|37029|0|22377|602911
25173|FORD MOTOR CREDIT CORP|0|90000|61290||28710|604091
25243|2008 Ford Focus - Ford Motor Credit|247||247||0|605947
25244|2009 Ford Focus - Ford Motor Credit|32||32||0|605947
25258|NO LOANS|0|0|0|0|0|606178
25270|Culinary Union, L226|65010||21232||43778|606505
25271|Chevy Aveo|5839||3182||2657|606505
25272|2012 Town & Country Van|23377||4044||19333|606505
25273|2009 GMC Truck|21414||3978||17436|606505
25274|Cape Mortgage|800000||10947||789053|606505
25275|SBA Mortgage|48746|372900|2889||418757|606505
25276|Cap. Lease, phone system||131364|16500||114864|606505
25414|ALLY - GMAC - VEHICLE LOANS|21605|0|21605|0|0|608663
25923|NATIONAL POSTAL MAIL HANDLERS UNION|72061|16100|0|0|88161|612087
25944|Due to Public|1537274|278748|0|52335|1763687|612205
25945|FORD 246672|22673|0|4907|0|17766|612205
25946|FORD 91339|21845|0|4727|0|17118|612205
25947|FORD 76392|14703|0|3182|0|11521|612205
25948|FORD 83653|18976|0|4106|0|14870|612205
25949|FORD 57751|29541|0|6393|0|23148|612205
27207|HUNTINGTON BANK|0|43745|1999||41746|620320
27227|NA|0|0|0|0|0|621484
27696|NONE|0|0|0|0|0|628937
27706|Norm Frese|11000|15000|16750||9250|629410
29221|CHIRCO TITLE COMPANY|0|158027|22433|0|135594|647589
29287|Local 209 Ntes Payable|0|100000|||100000|649420
32596|Musicians Association of St. Louis|32579|0|0|0|32579|706637
